815.076015
1021.815773
-39.682108
735.153502
650.829123
67.076978
479.016863
479.729589
522.379300
1183.080930
1214.960590
1590.547244
824.180569
1314.467327
819.030074
522.177494
1503.546979
1242.218636
1100.991783
1706.851127
1751.360951
1566.445405
1138.731945
1439.716670
148.269442
918.053406
-169.763496
-136.461092
688.505451
592.962468
1291.413471
1204.237882
349.027892
1529.691565
781.130795
599.510120
1597.599957
194.904987
1568.893431
775.002280
937.423293
1662.927542
1313.225781
1679.742997
2117.030891
425.736310
865.915733
1198.975509
1710.045195
1064.062987
1060.746765
274.997656
1070.542247
1258.429689
1304.212178
294.102879
281.368206
1288.066152
514.691775
826.051102
1366.851600
1316.510376
1310.367704
803.655159
1145.604442
1235.976711
-155.165206
1469.274409
1177.091557
496.577966
723.445420
1792.268278
-859.224670
1220.445205
639.526494
421.339915
578.201170
1029.852399
1392.877685
1299.767312
1485.274265
1140.354778
410.409716
966.470453
1218.469806
774.550889
1327.737982
1080.866417
1183.888884
701.400481
1276.471549
817.543847
-224.813788
804.556729
1428.636505
649.523632
610.086245
559.848166
781.160485
676.207887
1640.151159
581.252465
2388.333418
1251.081747
1417.320619
462.528939
647.982130
1315.506792
1240.384956
896.066926
1359.888635
715.778744
682.933600
713.154716
1415.018775
299.822200
262.621481
605.203685
946.241311
1289.513716
1046.544056
1112.657965
1626.903947
1047.581339
932.753079
1047.189469
806.181911
906.743578
1139.864389
781.287527
0.037725
1678.236244
1750.515867
1119.846168
389.997912
1309.285765
1555.073385
935.487431
1146.399492
789.677846
1100.033103
1024.508352
1122.251182
858.872479
470.974371
1281.201242
1096.202801
1267.127240
679.906156
445.022543
645.568275
1557.858207
1536.634355
1138.321199
862.705055
903.924084
1295.741338
1068.196722
636.710404
761.807087
1514.910276
1147.401050
625.383440
1301.531483
1204.765373
230.672640
1167.354337
971.625880
608.271971
1330.586419
976.470965
912.131266
106.929235
833.616749
2042.514179
1007.666860
1454.530518
1602.470721
1256.020259
943.840564
667.594702
769.870445
648.731995
719.389948
1044.902035
960.526417
1778.427003
950.263162
1790.849638
1151.727125
1035.170071
1727.370074
822.735247
1625.036083
1862.560618
253.068233
1007.997411
1576.364553
1807.204770
1174.626000
876.611116
629.657714
2269.200071
1280.146012
877.335634
1715.320151
1541.331326
367.615092
839.061508
1053.003898
995.589159
446.827335
887.901505
1094.654600
435.828257
686.577373
1195.375846
633.239591
713.421544
1368.665729
658.459066
477.682756
1408.802706
433.770594
164.891530
964.998718
1331.318037
1399.624187
1977.394133
1424.054786
1024.181442
1022.370604
1755.942300
1127.560466
787.044334
1682.027516
1673.297433
1677.018221
780.279001
1076.370350
926.159259
549.668735
1487.705496
367.268296
73.398469
1004.937848
1936.302922
1402.572247
1267.924772
1201.961763
393.253126
979.080788
1670.475925
818.111443
729.391091
1499.761812
882.013023
854.854485
649.576769
1504.844730
788.946199
1921.170621
1392.301275
861.802485
976.031696
1369.807212
728.059423
1514.726580
1311.098591
1055.643967
1333.805664
16.445717
821.540448
-449.532433
782.636706
2133.136196
1166.390002
759.567404
650.487217
1647.697859
1510.976827
-16.336853
1015.339459
924.773089
824.903132
1349.362494
1041.546031
696.595859
2293.443787
1797.445318
1315.331957
1079.509338
804.183240
544.468407
591.927004
1072.778236
1332.960241
761.123674
392.557197
951.827382
376.109204
458.797460
698.174303
311.934361
939.179340
1193.778373
916.487050
438.425869
1282.914425
1975.451030
1090.424599
824.029174
567.185079
2231.083579
692.532008
448.051204
1346.672058
857.728471
1041.442803
795.655450
2472.044294
1817.381791
800.032318
1545.078176
1085.536098
867.784411
1571.489031
1409.142389
812.744132
1050.656270
1109.304009
1151.661157
301.446976
892.543908
1519.804375
732.022178
1293.363841
1062.430145
431.732284
1857.916393
650.422605
577.516783
611.949688
385.451993
1169.535078
979.244584
1275.779521
1012.106575
1332.453090
1023.612501
1430.863264
263.286739
182.134036
195.022904
1109.686389
1367.709988
662.489287
748.714068
1908.984905
1321.193207
1615.282901
1400.038459
1286.615932
548.248722
142.230332
1580.010989
934.708086
1046.111975
893.229262
1151.573795
678.664664
1585.173724
656.900139
673.902858
697.714871
484.037558
673.066014
658.729883
536.974570
447.468216
1466.421571
1242.887790
1322.362017
641.375908
1676.100915
1096.184843
491.623013
1072.534040
241.911790
1040.494915
1143.137958
1145.474091
743.712351
1201.976278
1122.531178
859.031312
322.003645
1206.777813
-14.993636
1056.830028
403.803437
353.924738
1704.582547
749.989477
1391.604670
944.751384
778.130671
525.658724
593.374792
2157.311138
1725.623800
153.684687
1564.987973
1118.117135
1566.807928
629.172523
969.389918
822.654271
1758.766323
771.724527
2142.593580
1064.936064
884.133218
980.039230
1648.904555
1712.671710
1354.279918
584.718940
89.661554
701.375862
-80.934843
1248.464303
772.289400
1941.990846
345.763108
287.126941
701.565020
-346.233373
1191.919820
334.044041
1238.901154
575.991875
604.843857
681.475844
1079.060811
659.177414
1652.434358
596.785968
280.171840
608.920160
-123.405108
882.368025
743.679104
1602.347464
1315.186441
1487.492380
699.594158
541.507166
-179.078355
1506.260713
430.270657
2129.287762
1197.171488
1746.524460
1161.777147
918.901889
329.819820
1398.954392
57.764991
660.470696
451.070518
434.608432
533.906982
1160.250197
915.693731
281.825595
178.408816
1295.442379
1102.264597
835.270996
482.060713
631.962436
1242.043734
1042.641932
851.319351
526.479450
128.836845
1623.349509
1345.856038
850.536303
941.675096
808.014091
1496.858369
-164.983163
422.465147
612.197566
277.485815
1226.887482
468.431838
705.985956
1355.431085
503.213121
338.075555
1663.424243
908.785730
922.000035
1292.019878
1307.165296
1622.706380
873.905935
1955.045946
1139.524164
1171.953773
1440.957302
437.204550
1826.711543
1421.586921
414.268408
447.913469
744.559181
-140.652330
759.366962
602.488095
1367.530715
224.102128
1380.728947
366.971847
924.612832
612.189659
1434.552630
729.916043
1362.105461
990.779477
899.433382
1086.408483
-538.257981
-15.235662
596.686636
1268.383922
772.240632
1005.821999
1076.429712
848.599099
1381.349784
1115.168818
631.432717
1153.683928
668.306069
1319.620761
1338.485242
1518.132528
1591.845263
862.070782
240.653326
1041.613378
824.049006
1365.136524
899.440493
2559.845394
791.983504
1579.094014
1158.974081
885.601098
1218.818750
1786.128913
376.934691
1798.514168
1240.820810
843.397044
839.942362
-423.596809
324.514031
791.853412
14.797322
733.959701
1060.991690
657.011606
977.567849
736.504383
1440.078705
138.601343
1563.258034
925.297501
1310.934358
964.592041
1275.931278
983.758903
1824.042645
511.156173
386.794597
2366.470894
882.310225
1066.301851
1386.678793
27.811290
1436.300982
1389.490321
692.929140
953.267560
-340.041056
1267.609572
1062.468980
-185.243725
1377.325615
1199.318820
1708.075987
1038.162268
1051.022333
37.968125
623.658335
1641.592032
998.991409
-10.179419
889.740773
931.447249
413.841167
684.740007
590.673783
143.269724
969.149779
1540.438355
1174.035217
373.705105
1224.103738
935.907807
571.647087
656.638461
1395.666613
1415.675914
719.931982
601.331835
2420.740476
630.942669
-149.466850
1295.614377
811.655324
931.169132
1918.127075
1490.551977
1187.831052
783.397491
-301.310107
1578.420226
2083.507123
1099.373077
266.705814
1402.126868
773.379717
192.139634
769.676025
1419.379253
935.841782
1339.084561
706.864929
1336.468004
820.465726
1170.575341
1447.536231
1024.186472
664.861862
1064.648022
818.229949
2565.007184
906.815140
835.241669
831.509759
795.870327
958.101542
1039.167952
2028.004337
2.232787
1030.998658
1138.532065
1084.463583
1203.181071
527.550536
-125.745057
998.342448
1118.277589
2050.419480
1926.393790
658.729754
540.246292
628.579592
1804.362725
739.715879
999.316537
1266.433339
660.323298
390.097516
1526.358772
660.488020
998.179199
1119.540266
1046.614997
1629.120869
580.203668
2238.285858
1310.718616
1093.485769
910.846269
911.410257
898.365327
676.106233
911.860064
1343.809079
-234.436276
1372.836658
513.794315
-333.772417
650.261368
1391.960167
1402.785526
889.655895
353.058739
908.996118
1609.597389
142.873748
1448.991443
447.922782
1372.328895
1857.576294
1053.341892
1423.494075
715.170250
1648.777940
791.238470
792.258127
2220.919982
999.655739
440.098589
1039.061663
254.363367
53.470993
492.635551
1129.883682
1412.909225
1407.461444
351.963333
265.803840
1690.391728
1161.535025
553.864373
843.830426
1324.007142
1273.058891
1742.809749
1234.140777
1881.879151
609.307890
1328.124828
1088.129172
964.118192
653.186707
1374.168342
1201.448143
1356.433266
612.285769
49.351980
1893.824370
562.432069
1468.206210
862.402935
1564.893897
674.321330
640.714507
834.535905
714.732291
1713.673995
1170.048769
513.819527
1701.287078
1457.964991
943.390396
1969.636148
1045.294004
996.803913
1175.009093
475.707236
564.730580
1658.751987
382.439852
944.960599
1266.633913
997.290262
1585.397082
11.833728
-308.386297
792.191739
947.761852
863.869095
725.325436
739.622180
847.325428
1221.105281
1181.417799
1301.135546
1266.359470
931.595267
864.070023
724.077141
355.021519
1668.064240
1913.945710
1473.422545
769.262157
1419.716228
99.744419
522.617584
489.543135
1952.595540
946.268651
730.863672
798.791838
1043.295087
1327.979334
2053.792542
1027.765706
1361.854684
1019.468772
1575.743605
558.789819
854.606875
578.686659
-98.077740
1121.868021
653.300852
359.984069
1082.024299
1201.581671
1283.386144
1628.086560
662.530249
1315.331423
946.717850
759.346400
572.559056
1047.575487
1112.558173
2371.688729
913.198681
-209.603367
917.692915
530.191103
2302.109002
1436.702186
1713.413510
1215.108930
-30.417845
906.669189
776.164293
603.281485
1058.363066
1240.995855
628.731021
544.715483
580.533323
934.085559
637.893381
178.181067
995.406243
293.903431
1770.416481
539.476586
593.918446
131.742336
663.298552
230.895434
666.825056
568.733928
1380.099689
1019.002122
316.575152
547.773855
14.170196
2263.702415
508.406235
1700.581438
863.108121
470.956045
1445.284143
1098.893150
1060.497042
1425.068468
887.306407
1178.533998
464.746873
1128.820935
587.963946
1437.541832
544.250826
1024.224492
1329.926281
2356.842293
183.868087
714.965614
967.602366
1148.876412
1754.008311
1104.720559
1081.398489
933.098845
992.067688
1522.577682
-354.050666
-48.867812
1661.830804
1641.663989
1521.257320
562.786338
488.868894
779.096012
1636.828640
1063.598550
2064.131286
-459.986871
639.701871
758.767845
1266.811338
-341.489409
753.343265
2027.209283
1298.790562
144.711963
775.848324
749.564648
1394.223323
1223.276078
386.711388
1036.441163
1462.216031
1926.446669
105.762932
897.517785
1247.463555
895.736600
910.535325
706.898808
540.374671
1929.039922
1638.199025
1433.505146
287.962148
361.203119
644.646096
229.605016
508.715035
687.091543
780.065614
1269.951676
1129.597637
1015.824443
600.815036
923.311379
2140.355104
1722.317159
1920.611896
1104.643329
424.559524
904.503808
297.648883
933.598604
1379.758209
2043.815262
1107.255034
1446.087792
721.821776
1257.514832
1547.902720
2202.845925
582.010724
1710.388578
668.207321
962.656526
543.208697
671.901529
873.188981
750.360107
1889.499786
1083.095978
555.199325
614.046626
905.597285
271.819251
394.548887
745.113079
1470.003382
433.298715
1424.924052
1564.313629
851.645088
493.176259
1409.123963
173.184050
1458.058290
300.487404
1427.367288
919.614224
625.612000
851.544724