896.745557
988.557386
936.943979
1045.351845
1050.646304
882.877673
981.897113
801.956120
970.341968
1061.356742
932.156232
1004.034252
1332.747088
1015.020997
963.515219
1034.465339
1064.098672
835.716904
833.489921
1032.528521
1036.382548
1026.834144
1085.736315
1243.537987
1090.455442
901.283438
1077.143527
1195.283964
864.550244
950.956779
942.347256
907.594054
1145.615737
963.798494
1012.278232
1028.214169
1059.060901
1026.220973
1027.178197
983.494374
1057.043593
1249.049228
875.929343
1164.973559
951.377365
735.936468
1196.599049
1149.718116
860.993060
815.841064
883.814385
1111.662157
893.246257
1056.933669
1024.722841
934.758680
854.197182
1146.717432
1064.272818
940.666853
865.811593
833.278410
983.334523
1080.364860
1015.068145
1028.795143
877.716073
963.467136
1024.448371
1063.048977
993.708229
862.693303
880.943650
1060.266240
1066.729615
1097.306734
1010.277557
869.716041
1063.993869
953.972213
758.092577
1032.363262
953.312947
878.521993
944.161516
955.047206
967.560340
855.467133
1113.999670
1142.801084
1218.354387
1089.806620
980.647139
995.414727
966.900315
1011.795124
1111.996940
1118.326846
987.824109
1044.283259
1068.711827
1101.279195
1112.093379
892.537653
915.972559
1173.586140
1022.999347
741.288672
853.759474
859.036707
969.151389
980.998731
1062.585891
884.726737
925.781712
1018.619577
1000.947156
926.982542
867.668948
1083.065816
1159.811389
887.894776
1121.849081
1142.352418
907.827105
1056.330273
1125.735040
1145.435015
945.638520
1149.287625
945.155857
1167.830918
912.649765
1179.014071
816.853854
1188.522659
1016.815419
958.121572
974.907332
1037.871342
708.258466
1096.508327
1018.298581
848.790942
934.020376
806.503197
993.969136
1036.063086
995.696639
992.452020
993.089792
850.165599
971.842147
923.150517
947.069042
966.742626
978.431796
1119.348614
856.215946
1013.189393
1076.316048
949.423636
845.435647
945.764972
891.082819
1043.297557
828.275185
1071.683639
771.583524
1086.875234
875.916248
941.524173
1045.423947
1064.008894
1054.291545
979.480668
970.805829
1006.734713
907.017298
1184.170329
761.433253
1073.774449
1020.089949
1153.323886
1229.222642
940.682324
949.569200
811.934431
1039.282890
966.306054
1116.496658
1113.062177
932.822487
1028.112778
774.166532
977.903860
883.079801
1047.677457
883.879268
898.930470
1100.913526
1000.530973
1034.557715
850.605986
997.924065
847.557438
1120.321545
1082.582988
1145.229336
1347.263471
858.756750
1035.073872
1121.095332
1080.723384
917.419613
871.476183
1080.910073
984.617124
1070.424529
1092.431385
1173.960108
962.927787
886.733323
965.783129
1025.633807
941.362558
1053.960099
933.137081
1024.862387
993.619976
1099.942399
856.962048
1000.057072
1119.017918
1280.860918
1047.630069
943.500649
1245.168504
907.891385
1132.984455
813.834538
885.920161
762.176051
1155.528828
917.476603
1043.751391
942.483847
1007.158596
940.794527
1040.860335
1143.921534
815.880241
833.458789
1054.339765
983.086362
927.652588
1254.063193
1076.192184
964.019171
768.223777
1019.231992
910.530420
960.408129
1005.489425
834.732853
1004.298012
1069.129823
874.810084
974.272738
949.738400
901.741266
977.675447
902.515535
1052.759537
1024.949304
962.545708
1059.806389
1022.109495
924.340663
1188.656508
965.232538
948.031250
1277.221506
1129.430274
906.109817
1027.092148
891.600259
934.403454
1221.564127
1139.042790
904.605578
1037.465545
979.710595
944.942153
1174.243552
875.933047
1217.238026
1002.351155
869.307216
998.552982
1219.540847
1006.190518
1206.342497
1109.079511
1110.784015
1098.455115
992.727017
943.867457
750.269548
985.657871
1001.231122
1012.199539
871.382456
1120.048499
809.351490
785.455635
1238.768710
912.959982
904.342883
1043.488733
1062.284472
1073.908837
1096.327214
1048.530557
980.620796
1064.842588
1047.057458
946.015549
1039.720843
1165.026842
709.987609
965.069413
1237.715712
825.103129
870.942101
1065.257046
1076.446932
977.673448
1032.906882
1055.159283
1047.096114
1072.108684
1104.227873
1045.133359
1169.401227
1043.088230
985.957582
860.939040
1139.934656
1014.311602
1043.426238
911.404280
1013.124134
1006.929226
1042.899842
1003.530161
1052.476797
964.245335
1062.373516
776.319046
1235.837255
1061.170715
887.035034
1049.277152
958.228727
1069.496108
1119.747036
899.653584
990.331591
1259.319848
1157.144126
1001.621476
1019.981153
1063.332506
1052.794265
1058.520330
1204.708156
1021.988610
1001.508608
838.346237
1033.481052
1125.427399
863.566343
994.074326
1300.616312
1114.488623
988.839605
993.543451
946.275728
959.874106
822.991255
914.061255
995.565725
1345.383502
1090.151790
1302.418012
1003.122553
1135.829932
953.229750
968.471412
1008.156086
1236.295481
928.141331
856.209474
1040.345941
932.039627
890.151623
938.920904
1105.806073
1074.199128
868.670549
1027.846902
867.437981
986.108725
861.103315
1192.400220
1047.062078
1044.876390
1056.647634
915.811591
807.765372
925.436543
958.417196
1161.526715
1110.992007
947.629694
1094.058038
958.013893
1135.002601
957.003881
1035.785812
1124.437109
1073.131808
977.315115
793.311419
1093.126088
925.907264
1112.153635
830.744388
1114.645505
1027.996302
909.528066
899.116576
871.499175
933.898843
980.800933
1084.284469
1080.587234
959.310867
1027.218812
1192.548960
1018.379596
934.696029
955.942906
1170.043509
983.624367
1028.601533
919.724546
966.975136
943.305607
913.893373
1006.804144
1123.243418
1135.976547
1040.397533
1036.721031
1032.055853
1242.913275
1006.707173
1004.524836
898.656089
1069.085548
1183.449693
1003.264527
1032.237810
952.991675
838.790656
851.091428
887.640351
1034.532527
957.881693
1143.998753
815.124052
1052.143032
775.146103
1111.192066
1119.961669
1101.722610
899.485440
849.795513
1126.134424
929.496300
1002.250055
846.763252
958.171167
932.111980
1183.132329
1135.860896
962.470297
1012.879956
989.401117
963.894177
1112.030726
841.821965
1053.445165
1119.272686
976.070449
927.530720
1016.262087
1009.463560
1015.546843
958.331471
979.360347
1010.944329
834.350268
1150.106443
965.586574
775.161388
1158.613051
892.926719
1065.932566
859.923627
1053.059661
1067.072474
980.946993
1131.514286
932.011298
939.975100
1112.017476
978.068320
956.603651
825.257847
995.386688
1228.840259
959.893201
1067.665340
1035.222443
1150.027769
1030.462589
1128.870052
1248.779175
1202.831293
1302.279624
842.808564
992.960321
1028.442324
1200.418243
841.843198
1077.416762
876.639497
1081.184841
1040.262872
950.593110
1114.171768
1092.689855
1027.594776
1088.852205
1084.933003
929.083634
919.968368
1189.275486
1026.073105
989.492246
1247.034833
1230.171412
1092.738245
1119.253360
1185.118674
831.127105
1074.493991
1209.247523
991.460473
1025.623039
808.242946
1204.901673
945.183073
1063.570891
788.343615
890.404088
1108.037529
1099.806748
992.862562
1104.349535
897.424120
1106.406075
976.707468
980.730724
1042.584264
1064.775546
954.230975
1069.048163
772.088413
919.991129
980.281637
957.122751
1152.243634
921.321293
737.020043
902.123768
880.139092
974.666349
988.842914
1074.829381
905.769412
966.331042
862.280329
975.320345
1028.956615
869.973606
931.514843
1075.459106
1179.002875
1100.267510
1089.573345
1138.853312
826.648932
1111.848439
960.400312
868.906490
1155.431161
840.547810
887.833971
831.896978
845.252788
803.607348
1002.299292
1067.905804
827.159886
1053.758010
903.101562
1010.958076
943.338992
1045.086608
993.488172
854.135971
933.597678
1045.185545
965.984584
1091.114601
870.878722
1014.483217
1037.695161
938.619536
975.693843
1038.501340
784.928155
1133.619077
1047.559207
932.279954
1080.263519
1082.095468
1014.265516
1054.642858
963.245998
1158.888891
1283.573994
984.837949
1010.693674
920.412957
1170.916158
950.136303
830.062830
992.103915
931.189088
1047.025498
1062.400760
942.700010
935.929688
1099.735120
1024.611177
1118.241518
831.040111
1196.121782
1118.457264
1057.372537
937.070670
1200.593184
966.818348
1012.785819
1396.166818
1197.714544
957.255552
1043.465486
899.765641
925.172317
1028.622415
716.060260
969.090944
959.401362
995.898206
1126.954093
1084.399623
962.200217
828.287449
1179.186244
982.905956
1090.897449
987.499133
1031.264009
915.925819
1002.950651
1064.032592
935.284447
1127.046593
950.439308
1005.589149
1034.370390
1192.353812
1076.429526
886.081382
1106.951459
945.625929
1319.211803
924.739363
1066.659209
1050.519516
1024.638821
939.990908
1109.804655
1171.075492
909.178854
1007.150105
1075.373313
1037.076089
1306.314166
927.741692
1018.784001
1047.851774
953.676363
1023.818448
1051.818731
1164.246164
1098.911060
826.514174
1037.974044
946.024778
1036.348211
996.188474
1025.383358
1071.390014
1118.091477
867.299573
1131.125397
973.953458
1001.568612
923.085925
861.686993
848.791190
831.067191
1038.632819
984.305775
1008.678938
1032.990865
1108.656226
737.399045
913.606493
1086.570897
789.980764
1076.120167
940.641355
1135.587779
826.282100
844.135083
830.278813
941.410063
874.924422
1163.515600
1115.251169
1169.790027
959.783502
948.969839
1082.324103
924.539331
1047.920288
1051.848073
738.660377
927.949184
991.418374
918.080232
1164.723913
1194.649863
783.176953
1028.517772
929.431362
989.780779
1034.744270
832.596138
933.187555
894.402662
1214.604834
902.247363
1137.238664
960.015276
921.078933
974.218219
1129.294969
995.320652
1094.661869
955.551011
831.537566
976.040059
917.516811
956.650227
904.904509
898.955908
743.567158
1097.995573
990.773765
950.564750
976.260239
980.050174
985.619528
1021.076976
1064.219867
946.049033
975.830241
1030.483503
919.636678
1058.208979
997.234438
1007.278195
961.559251
1004.735338
943.222022
956.058420
1028.846202
1165.808338
1034.436030
940.220214
1060.516126
1049.807606
1055.367262
1077.073624
1043.761930
1057.519267
922.971408
870.433191
999.697586
970.429600
1048.413694
1179.956504
793.135985
1076.189563
968.062531
989.546078
1065.869879
898.748665
896.867737
871.053073
927.528531
1124.808754
1093.655576
996.080993
1013.560906
1169.701425
948.631462
965.286664
901.113990
831.190428
1065.471993
1029.857396
1001.091512
1057.145210
903.916299
1098.431186
999.615142
911.033301
892.630010
921.001535
910.078533
967.716080
1012.353967
1101.923370
936.382954
1050.460096
1115.432399
993.573490
909.119318
1010.123982
1141.713156
803.372865
1201.230260
873.961912
803.970549
989.459508
982.083806
1124.757390
846.312973
1102.993391
920.160509
929.585876
1029.560759
982.834839
1118.791593
1014.926526
935.348327
1290.856219
943.490091
977.149619
922.091375
867.676983
950.368393
978.891921
965.490660
1058.043548
1062.077024
1226.499014
904.247916
1020.183907
928.153338
999.712318
1134.466225
765.254026
1126.497129
1013.663330
1047.234233
1236.724981
897.513772
904.573347
864.921789
965.734756
1075.519161
1020.577186
980.440542
1207.535679
1177.027328
928.969565
1098.767631
865.092726
993.276150
1097.619612
1032.169684
975.879773
1105.023190
975.858151
1099.658320
928.040611
935.396130
947.810346
824.728380
1312.433604
962.987600
1121.925750
1108.670812
799.373540
1041.300764
938.353521
964.174287
883.689531
1029.994110
1136.189654
1124.596977
761.562116
1159.690957
1078.999370
927.298053
1046.333405
1097.639050
1015.167741
816.803703
1104.623595
973.542027
1009.944640
1080.477384
1040.141593
861.742588
1086.570606
1167.355897
1106.636615
904.198597
925.466042
1216.495800
989.546554
1059.058116
1036.541881
1094.934964
1125.770252
1039.428391
1102.571783
950.221166
1020.350643
935.896457
827.390081
1117.681413
893.966878
971.576625
921.464522
911.738522
826.532072
1035.801220
1173.403729
941.592740
1179.445578
1052.234577
734.412280
877.331984
1164.863609
1087.776505
1208.200520
979.502500