340.095660
1115.958218
998.818953
1765.471661
1240.495544
354.975154
1610.875190
1507.177810
1493.982567
1527.458605
1517.889035
1429.804212
1234.518766
1109.576264
1585.866467
897.147996
915.937950
240.499211
681.719684
1197.002253
1140.528907
624.851469
1050.058357
1098.134297
1626.766043
625.717217
547.401233
655.219434
1600.708020
1526.603927
798.649171
1702.218348
981.864009
1367.190787
1019.367496
520.459115
370.578083
742.215022
660.627563
1867.119771
1170.233353
1155.093038
846.811672
1908.769956
1084.933520
181.692721
498.418191
957.805807
1799.140041
655.379145
477.634147
1968.832883
849.197537
1606.072279
1534.689476
795.717879
1215.910321
657.779874
482.714125
25.204845
981.075236
1156.526762
631.859426
950.772123
1138.052864
691.949024
876.092948
2053.838833
877.702186
341.890788
1397.564992
614.444721
744.501706
1152.751194
1393.348574
347.518219
402.300322
1259.070672
681.993807
910.142424
851.846502
1053.332829
431.495083
468.983831
1500.253182
1355.890891
1512.241882
788.010787
1314.543226
820.666049
846.654246
1358.411054
1663.261436
1409.382840
1817.162626
543.903095
1338.108169
1104.467713
693.532249
1193.301686
1756.370177
359.668529
1605.327446
1505.605216
1361.597059
1259.071322
942.430794
958.836444
719.236565
765.923128
977.223425
675.010193
1011.404150
571.976175
1237.609263
1237.966945
1659.434523
1067.063772
1057.763154
718.999896
1302.189112
1082.484629
1039.795424
545.910070
1361.038916
1497.778167
1787.316350
660.414038
1233.613593
521.915265
793.053501
1533.283568
701.491332
671.458863
989.237904
2214.010340
1020.136458
1328.271818
605.792886
699.206751
342.545927
1304.486658
1574.017088
634.339112
1496.526234
1507.049923
1453.814179
155.777198
-172.448926
1342.343381
1091.926465
1685.075024
347.358421
1093.910354
1197.070786
763.592505
982.909047
1070.085848
919.171734
880.729288
1045.215714
1543.477676
537.992056
1178.595649
921.947886
790.495880
1208.907264
1248.363126
1050.962449
1497.260422
663.718104
1444.274982
1408.887666
679.547332
909.864443
-215.580840
711.061643
757.219343
1286.473242
1193.629524
-410.703365
1606.454722
1163.397714
909.279901
842.858189
455.212005
689.881591
1742.330869
1161.742842
1091.034557
1212.583036
1426.549557
902.466199
625.233068
1691.413653
701.391951
696.090629
130.560083
1041.170986
887.730352
853.518814
997.114807
1083.552986
715.955244
647.154326
732.393650
389.658758
1673.097452
1192.306702
671.852119
1267.731765
573.171003
897.302216
1958.089515
1061.342978
676.986813
1185.673279
318.380623
664.151858
1380.061582
2153.124773
1059.013918
799.214675
1718.884994
775.694905
737.034817
823.045166
1030.779326
-364.057762
1098.624230
657.957795
1226.755547
1295.833767
866.034964
1311.340392
532.202270
1426.973831
687.181315
727.022909
240.553371
1030.877374
660.764230
1089.639211
133.451193
1391.268529
1221.255760
1937.861172
1032.969146
651.867714
1140.199098
1186.882591
1692.424758
1239.700981
288.917925
96.899960
1752.686217
1609.837921
2008.595242
981.877839
854.971151
592.295714
677.243190
1120.681123
703.731071
1758.160093
1300.215623
1475.485179
752.129543
171.591831
1202.136167
480.510262
1897.008709
1212.302842
1074.211884
745.398968
778.419259
1178.793671
1008.097174
866.790355
1431.887532
906.779675
876.001005
996.982004
481.911887
1192.836658
1419.335965
1019.642799
1036.553097
1833.064581
936.201701
899.876655
1192.659945
1152.462012
644.556706
743.119996
83.710808
876.999644
1651.356092
849.885607
703.975751
462.628167
750.383214
1172.540215
342.738884
1230.329439
1011.600015
1053.349677
1062.000833
1287.128182
1415.545638
2074.357854
1542.640687
1206.689120
692.710402
804.793712
937.491444
1297.260790
1097.176573
1420.954965
525.020982
315.470500
1347.934215
1537.749828
1345.065812
897.879371
701.505375
1189.667074
1418.786875
1303.003073
1453.863581
770.629061
720.761058
852.515870
1438.866059
309.491120
1588.414421
-36.105799
1054.075072
1360.363999
378.346039
645.744825
953.618247
677.667978
947.106010
1047.690251
690.858401
738.272650
1293.741562
283.557122
1266.050200
1433.672228
516.868514
1487.545037
1711.310284
892.137795
1418.996963
1292.378603
515.449557
1078.784677
1634.673953
1660.556125
623.009184
601.550745
1165.490414
1677.536926
905.217211
212.585895
305.181676
570.468050
1420.170348
297.569131
906.930149
690.715939
984.553108
350.385995
1087.802920
1513.798820
1876.695733
1198.545000
1360.993324
970.562298
497.723695
1213.839337
718.353664
622.568034
1746.693931
1131.605561
1429.231793
284.981873
802.823857
927.159526
1617.112221
1586.808923
1738.802587
523.131112
574.424025
1437.556821
828.872871
1113.470757
697.784176
1350.692730
657.483775
1486.987151
1252.302398
1160.523628
256.422072
535.323314
343.079644
1281.996787
819.896968
774.854057
707.243629
1259.319622
277.152015
983.770727
226.876838
1549.424183
1090.575413
1086.288203
660.838172
686.182613
1317.746967
647.289051
846.295305
1409.099263
-187.546216
1033.952679
1044.994565
376.332041
1092.177329
448.930862
259.371382
353.238199
816.493199
658.939818
1040.605850
927.411684
668.965435
1171.007558
1088.430404
727.782095
669.906892
989.275168
1072.767720
1032.952719
837.743667
295.477976
1246.169002
1458.910706
717.262790
1408.632236
1283.808333
1683.699807
-46.411549
749.060809
921.203512
1540.573283
976.458434
1096.616374
1130.508905
1153.923796
817.007344
900.213057
2028.902056
1061.622896
1516.586464
1775.482767
1430.813769
1300.618411
1356.248544
1276.387502
685.703641
537.725983
1447.930311
1090.948851
1430.598067
535.500064
1101.745775
1450.115299
520.017585
1198.931405
799.389125
840.240563
451.365865
1331.908032
1195.115798
1010.803230
1327.832261
899.716829
693.028842
911.176473
1862.678011
728.677783
224.452887
247.284479
579.767019
916.263650
1057.506473
239.106334
1896.489885
973.667100
1152.140377
1212.119055
40.423354
790.838839
2115.562100
1048.163431
456.345356
690.067395
1282.142644
1203.368450
878.121735
1049.746331
1102.330557
497.512063
1565.923149
643.747628
534.205322
1401.993277
1689.696143
1127.379959
1534.120080
308.953746
268.912864
1530.417790
1636.233259
1411.775096
887.706698
755.356685
935.642466
1358.102885
1180.850121
1163.350168
1732.120629
457.077487
1096.545545
876.118854
852.779461
1729.706586
1066.634932
810.153835
1129.101712
1016.579555
785.806692
1390.642184
855.650232
910.336817
756.161547
1511.012980
890.241151
995.216474
1001.986790
1359.322263
258.329038
471.495533
821.037298
1264.789109
875.466118
1117.216431
867.040074
1078.895894
561.778742
664.436795
559.377175
1189.109565
1279.631870
1305.898845
314.562415
575.142629
966.398213
827.121589
563.616078
1071.542907
757.860382
1613.883334
1092.980475
735.279384
1018.721183
1241.589867
1275.201081
1531.916064
1163.708283
711.864046
1559.706522
1263.855119
1264.754578
1147.574981
540.270751
849.776682
1132.104085
1295.068092
931.472205
1215.682663
1299.116314
360.298417
850.078810
965.851584
1264.529112
1492.062331
305.303975
852.116619
903.283095
662.079414
1263.109536
1533.259100
1907.566962
1044.282034
377.739870
490.018609
723.513124
752.081153
1002.144292
1281.405337
958.783028
1319.176257
1079.073249
1625.927355
890.627802
480.874145
1135.180727
1279.814171
1338.101379
1340.228573
1210.915215
821.043988
2059.270860
1984.040264
1298.565606
834.419157
825.380631
566.011064
1015.391618
1725.273891
1035.472072
1198.747614
1201.562904
1509.174149
950.634942
542.679711
1655.212444
454.882847
1116.572071
269.818290
-301.026177
571.309374
999.476205
401.171962
430.347944
946.176427
1427.509588
1600.724578
249.910202
1019.818627
830.738642
913.161403
1439.022365
1434.853916
1091.165150
1119.755188
1322.717074
1461.704783
1492.285354
302.304258
1254.738136
761.453445
1904.410322
1322.687966
1552.195235
929.689621
1578.309858
806.381013
1008.359444
1331.262736
1589.292143
1245.207683
996.134060
1156.879466
1599.406826
602.148872
1411.570566
1847.304658
1071.412049
1121.229270
468.334534
1084.889273
410.101086
1189.286467
1116.605850
1079.636949
1159.496587
1188.453079
1047.476059
888.413448
873.872663
474.967125
525.763110
1136.330416
790.274482
928.881179
1145.462951
1224.551209
928.070750
1466.005834
1214.756605
1086.387319
494.301839
1711.945030
308.068240
1216.900104
868.139784
1533.528284
603.246948
1367.229690
1506.812318
1263.158882
1015.649799
636.809765
1882.922641
1398.556444
550.415613
1100.154561
1280.289251
207.414961
255.510411
1165.056405
1065.515244
477.710576
700.595053
694.912085
1253.433374
1027.105592
516.965890
634.840722
938.456649
584.972198
204.927971
749.006893
797.208607
1325.542274
1137.004671
938.889008
1464.453200
1007.063685
692.794189
572.112841
1672.497250
612.722270
1559.250534
891.963391
616.984443
1047.428156
926.539536
1196.906618
832.365001
33.421640
1075.932456
1174.209461
855.739733
514.175711
857.839477
1289.478590
1376.003058
623.666642
1025.320843
481.024047
1117.108719
1177.716832
908.046380
1806.103792
1377.048746
1553.770317
1409.474227
1558.204432
904.791129
1629.834087
1717.809135
1005.533389
1211.598925
764.852755
1317.565119
1385.065416
1048.760346
947.169701
677.354417
713.983721
1474.708498
1727.104602
651.063293
852.023072
1222.477802
1381.994148
389.536779
1703.360606
811.420585
1286.202710
667.047232
564.390843
1041.989837
1057.297370
1171.235667
1091.088883
1532.628872
1215.111709
732.024623
934.451272
788.263660
879.934185
582.986988
692.975008
1372.778050
1172.787815
685.119139
583.968079
1090.473195
1535.035958
1074.162082
1423.282065
383.834347
960.988862
1558.299171
728.381116
1281.493451
878.613512
1110.725271
834.380708
780.908020
742.363714
2040.816729
391.390463
694.444319
1067.180689
1753.513667
1639.059495
1126.746360
582.393228
1373.461866
1082.897372
1032.313641
893.436559
1457.099229
1038.171925
1467.708774
982.504892
843.164698
1051.830251
782.469186
1263.775509
1403.287744
1309.139788
1397.218482
1077.804582
587.694474
1068.294055
389.945137
1195.788731
1197.680620
1722.962335
1128.273125
442.062916
1452.455041
410.986112
1152.410457
716.227312
1608.301826
921.023015
1233.333309
1781.384162
1411.507649
892.779661
1330.891501
1501.735916
1705.443559
1106.761467
936.642225
1180.419983
1247.137995
1553.589418
820.822768
1036.611259
1072.521957
878.159831
1108.059114
1561.184656
1344.373803
856.406512
1748.904352
970.392537
378.891785
1026.791416
859.102954
1124.451456
393.783325
939.417524
1278.359216
1485.224398
1402.443449
926.861911
76.858634
921.994529
631.475162
1020.955567
602.634184
1732.021135
1276.191310
1192.962168
1662.584821
762.392785
750.317794
1633.758996
523.258754
14.285712
700.173188
1107.491121
1086.075938
545.770293
2012.752739
364.263171
1538.056018
1237.650408
1162.355933
684.915136
216.086157
1189.912209
1328.208010
1253.571522
1239.478395
987.160570
864.687712
442.040084
560.656850
1065.987415
1145.829026
695.475962
1482.646253
562.407262
717.067436
332.015109
1261.150892
1069.023974
303.046138
739.357231
1073.857529
977.528090
1061.085282
824.009553
558.435636
721.138177
546.167341
933.457157
1207.712194
1238.763378
-110.584670
393.806533
712.568934
694.584131
1074.210447
1300.118658
1092.906179
1157.554926
639.650596
1964.072973
801.676475
1416.845420
1084.209823
1406.895643
865.076403
877.493892
1355.323866
1001.211963
1333.512449
1657.268810
1192.708968
1119.711169
1318.699683
848.088978
1510.597633
1210.797010
747.289296
1137.565589
387.599048
1121.631638
1182.697823
982.554007
1110.234273
993.879949
973.172634
639.721779
1262.745524
719.808432
875.254469
1227.470316
765.708231
753.979673
2099.615214
1136.463511
680.643992
619.002719
1683.754761
361.647277
1289.003409