1123.494683
1192.157187
955.073435
896.525312
611.052728
1170.673689
800.807544
926.122863
1223.223252
856.604904
985.495190
963.626231
1031.112083
1090.196808
1024.181690
1175.521672
797.755640
981.803772
738.744980
800.231777
781.353690
1023.005337
1120.325976
766.185434
1068.045198
749.223349
1018.462170
1123.394980
845.654881
893.905876
993.232310
1075.161862
946.054847
1117.058495
1113.179645
1155.712579
820.900457
1086.310328
1175.016235
734.971678
1017.975961
783.842861
957.585874
742.198649
1016.982999
967.973267
975.532366
964.063340
988.888106
873.140960
933.606785
990.158799
1116.593535
1128.524443
1036.753767
933.427321
1026.580940
1030.877344
1170.105895
968.784672
1002.092456
970.904612
1256.285191
925.866502
997.321261
1165.194085
993.529721
1022.712732
869.713863
864.818391
1111.956724
1066.631590
1032.609706
1098.777764
901.106954
1086.011523
901.446728
1005.266364
890.377907
1270.128140
1116.697419
808.648382
1077.292416
1177.662550
905.851644
1097.867161
1043.076733
1273.478901
829.795290
1088.459569
933.027187
908.090745
775.046633
1152.850671
1203.648478
844.068531
955.221585
1074.322734
1019.555758
1050.466654
921.494437
959.644836
1031.369252
1161.472251
981.498664
1021.464335
955.795222
989.238904
691.850263
1050.632330
660.992489
1059.048356
887.420314
934.952251
822.810480
995.739163
897.173194
772.990644
817.120865
992.218271
981.514202
1020.374075
778.783125
1039.447222
904.269579
1146.026831
1209.481694
872.177120
604.938949
1182.684338
828.341806
1143.968852
940.921261
958.219935
848.660412
1106.091658
762.433713
1146.333976
943.876772
1205.519635
1010.904799
1134.083109
1028.406055
972.693925
864.874098
925.895022
833.006624
925.793456
1134.813356
1361.001570
892.468140
1064.374481
1059.802970
1192.684365
1104.647383
1267.580599
930.208111
1378.749213
1048.544180
752.890252
842.893333
1152.313162
1124.378029
822.698786
852.596386
1044.958620
1092.226358
1149.853232
1154.388330
1126.227456
811.943829
856.599750
916.294771
1009.896792
1184.723692
990.257259
1029.120774
977.936816
921.815333
922.649760
770.907794
1134.209616
970.067043
1069.789403
1144.696289
1126.047829
1042.800855
1054.891428
959.791477
680.130184
800.036214
991.941229
1049.821841
942.228737
1031.063710
851.370689
676.860255
1273.026269
929.594020
1130.645921
785.530429
1028.796569
1061.645053
1055.192429
795.415640
905.372311
933.977092
995.766852
754.033826
1129.447112
976.834420
1464.055750
841.883185
1095.739101
1016.363997
1098.694774
1163.752716
880.354117
1019.494325
1004.055231
932.703288
814.739879
1158.367217
1155.027341
1029.539397
1101.545947
694.009657
959.611268
1125.074412
1001.093865
1142.245007
937.509589
927.535966
1420.778858
954.413553
1087.218290
974.687939
1218.315191
988.460442
1009.519198
507.216926
997.401438
1032.354156
1086.970104
1245.366307
1083.673254
819.947679
1186.931944
1323.193407
1001.938671
1028.291303
1057.944497
774.561040
1118.699117
1188.145454
1154.783301
1172.553997
851.891865
1048.902132
963.201901
906.942316
1040.130069
1270.381188
1186.787869
870.682494
1078.111112
891.502297
762.764579
1047.204566
690.607212
929.529472
936.483984
700.568692
1064.281486
791.581541
1343.275073
1113.162484
1003.489095
835.111239
1015.847011
1177.375059
1236.840859
998.264195
825.652744
703.662870
809.823421
1022.459019
904.530254
938.876553
982.961453
1319.749379
926.504397
1140.746441
882.257039
1173.896244
1020.405399
951.821473
892.395147
938.153415
967.508251
1036.903240
1022.915850
1359.571401
983.515696
1108.322232
1089.385548
1011.095903
909.248994
881.898065
1078.337518
955.263736
852.719923
1176.325032
1070.146390
1210.497427
959.408462
913.259829
1155.529854
905.692625
1039.962973
1103.700266
1090.176727
1015.476522
1189.249875
1053.312081
1161.058222
1010.515941
614.533447
862.006508
875.991680
1089.174641
1089.305306
979.575106
1099.521845
943.374367
861.260110
827.731391
1065.285730
1112.950588
1094.565440
738.855047
827.841055
913.956028
1150.755157
847.890974
706.267301
783.529152
921.333487
627.463870
1097.303339
860.738726
1014.316486
843.732851
823.600329
916.152629
1294.223002
901.639744
1159.323956
937.923182
1160.523371
871.289954
1171.435803
986.290112
1097.827796
1024.453097
1052.260895
1078.995602
850.933320
1459.440865
1080.753864
1138.867162
772.685731
840.598645
1067.754573
945.901876
1032.474909
964.602061
962.518417
1032.124154
1027.734176
956.770196
996.888018
990.553413
969.479229
1212.172705
1100.928690
1212.826965
1074.526289
1061.640409
861.194440
1104.767462
1194.515487
1295.601823
1233.804397
1070.941602
1239.548052
1266.939637
1062.498345
993.864356
1093.249916
1097.863830
907.395678
927.286931
766.884515
1166.633512
1305.205453
783.916459
939.462465
952.978977
826.494073
979.960450
1027.164573
1068.372467
1094.270396
876.490720
968.533172
999.042590
1249.686805
1086.703128
1018.617911
1156.440472
663.247236
1039.891606
1030.209751
925.474819
909.220799
1074.380595
921.963614
1094.821430
1014.881520
1105.965115
1021.661680
1090.809991
1177.475651
944.343347
1097.758961
1030.637868
1042.770894
711.399014
1034.286137
982.234043
700.393342
780.354479
1286.289470
1026.210360
971.331350
1102.705483
854.759841
1075.495244
1444.065742
1184.021221
997.537752
915.344464
1157.906132
1395.865532
1222.747774
928.430328
712.376989
1269.310665
983.381105
1027.537912
982.903799
512.069360
965.608805
1023.724371
1162.296206
837.454227
908.155091
832.746041
1062.118458
952.359177
931.500566
876.865244
952.390168
956.027336
709.060074
1013.695074
925.490609
993.043146
965.320345
801.829942
1182.073403
1086.083123
865.921374
1356.630307
906.312442
798.053442
837.246977
938.982804
921.039519
728.191324
908.133661
753.055899
1067.173327
1059.228386
1190.864410
1009.041392
1205.252129
1243.751089
1135.654884
944.344476
1112.098930
986.974245
874.741896
1020.985786
1184.512229
1175.458181
1110.177081
1206.048956
1560.666740
995.080386
809.596289
1077.499128
1027.478033
1062.306927
677.618941
948.753890
793.543917
1070.204767
1064.607507
882.850085
1251.408708
1001.041708
952.473347
1063.056511
907.735908
989.694389
1012.300369
742.046810
950.140536
1070.002103
937.502989
892.197975
931.485887
1037.677876
1025.175850
1102.744392
998.032138
728.558427
1129.892536
975.029771
1089.789512
1022.736367
1036.844260
971.962222
843.979546
1018.139896
651.548842
1025.310475
1165.975461
976.898626
930.291620
896.098779
1169.677920
888.798957
833.596805
851.384969
1055.678088
1178.976128
1098.771151
1117.308676
1216.311653
978.308311
765.099424
1063.903161
872.601711
1128.259311
552.050472
931.059622
850.155042
793.695989
950.855389
1131.427246
1076.461910
895.443935
1194.290805
999.778489
1055.869629
892.501057
962.840848
903.339576
1067.674651
1122.706656
999.621354
878.833305
1043.934217
1188.449630
1165.352143
939.459995
1255.071390
1028.328890
777.761506
986.352120
1065.338079
1228.566255
924.651834
1141.815912
980.055873
1131.029169
1025.892602
1079.905215
1058.158339
808.865633
935.230321
1160.196641
1162.523709
1129.154063
1268.918140
929.741713
1066.310003
832.083217
911.801490
789.328858
985.150476
1110.859833
942.095413
842.686893
672.690363
856.067937
946.209357
995.101424
885.142949
1068.669266
1085.059458
880.763883
1157.966103
1044.321443
1019.181738
845.841633
890.571124
1072.472626
1011.753666
818.207485
949.332616
1071.035200
1004.875371
1044.747823
838.532417
951.037347
1210.292920
898.397252
1074.058405
1080.823141
756.275245
1229.810479
798.575801
866.086122
924.898040
1023.326297
1069.418167
898.481638
1137.023721
1119.454465
943.639019
1050.371624
880.349533
896.122201
962.594543
948.119785
1116.164584
1199.956865
715.139236
1001.768407
1174.509152
946.152311
1062.205741
975.282519
1037.199121
811.274818
1118.999404
759.522610
963.673798
1129.213875
1001.463990
987.711355
1082.878845
977.786873
1039.327737
937.466053
1093.078151
671.427210
1166.694808
1089.136296
1248.891710
958.948988
1101.997428
874.376492
1323.513178
1150.697727
1138.297706
985.723088
856.656945
731.759905
1109.390184
786.260290
977.115592
1031.098629
1040.381604
1017.755749
939.710526
1213.346845
963.426421
976.749483
1144.578955
889.324439
1019.629483
1208.927972
1075.865451
1041.254541
1081.884290
911.247781
1099.518516
954.042123
850.902552
957.707282
999.934473
1060.841896
893.224472
1011.030867
1022.158670
901.114529
857.353638
1201.163828
913.524651
1018.924124
897.768736
888.324330
671.119711
1012.012829
994.726680
1029.953795
861.122253
832.831323
869.675805
1128.049834
1206.322860
1098.067328
924.825857
791.688525
1232.123515
1015.197397
1223.124502
916.777326
996.536764
1093.548868
931.315733
1244.863893
618.552642
945.847376
1176.356444
1072.701191
857.118047
904.752943
1039.216855
1242.140372
993.591240
981.095706
936.039730
733.063494
1073.779019
848.339018
1172.658764
1272.178785
1135.782803
907.101295
901.410095
1001.060345
1138.883564
1001.668379
1338.731753
1069.353465
892.260587
941.362742
1064.412656
1194.021568
938.938949
1053.834908
869.970453
1047.540802
1083.691661
959.221201
819.980526
1163.013308
1010.036487
661.490286
1010.610606
909.484953
824.367026
824.078816
929.216678
950.435542
1203.477122
1017.018808
929.685151
830.948368
818.982122
984.833516
1055.801435
961.812260
893.844007
916.319047
834.640696
916.896951
848.617261
1129.482431
1078.169304
820.308454
822.432788
931.191144
919.086710
1180.619142
1222.558797
1070.978837
1120.044113
1146.124948
882.229862
811.039941
1102.637741
1035.478515
1067.109952
824.811094
964.454093
1036.831255
1076.171577
1094.135091
996.548738
1155.405736
1151.498037
963.933270
1112.956249
1132.366680
1003.608409
941.367601
1120.170384
1102.602319
884.221718
1005.649746
959.790747
972.409427
957.417080
1047.720406
875.608332
906.377796
882.546046
1044.318460
1004.726679
793.905595
757.171755
1056.905011
930.994201
884.442019
1001.295562
874.948335
1228.304292
894.356657
1048.370239
901.201990
1016.311498
924.444129
883.542578
1021.760314
1433.942845
998.647341
969.201603
879.942805
1027.282075
959.819780
1025.798310
1013.493108
882.692293
1019.172113
1155.273945
1171.907811
919.832637
1054.017516
929.138245
902.568191
1148.210611
1080.489187
1183.629634
1131.086775
983.376035
1190.396239
1125.402716
869.931822
1057.120803
880.717806
1074.871583
1174.692226
847.102146
1011.377525
965.512828
1152.618759
968.632679
1063.610705
717.672159
1104.423970
1023.084100
990.334460
746.661947
872.005518
1007.522881
904.133793
917.905139
957.125145
1047.576828
936.135082
935.821730
1030.859296
922.058461
1056.984238
960.553409
1049.099269
939.655529
991.861383
1039.967038
1072.268747
835.079790
988.009150
1174.914351
1012.512025
1177.370063
1174.644697
1004.460167
897.246769
737.538652
1209.970787
849.158115
970.067015
1082.358782
940.592147
928.852821
954.157330
982.051911
987.097451
616.425198
1038.507375
1059.488199
901.600973
816.067957
1013.654364
1093.538736
879.790582
992.074996
1185.294019
905.891825
831.074862
1199.191155
958.306133
817.472084
805.412670
1164.906024
883.554005
852.446098
1214.425470
1103.914671
960.519013
974.389186
725.623111
1146.280289
1143.006426
911.546342
945.428003
881.328364
1478.208383
1187.480332
1160.937610
1087.574736
1234.135364
871.739296
923.512934
1089.628528
1165.861797
1055.346875
762.759511
981.799070
955.548034
1060.484252
1076.521561
738.988754
847.133081
1076.950302
855.245300
1005.318828
784.213082
849.841298
1079.343901
1011.243488
1231.095783
934.849367
1111.057618
991.983555
1043.142880
903.002851
778.027255
961.597707
1122.448004
1233.998078
955.447453
1084.276494