1116.649187
1355.545683
1610.672720
795.201438
1554.037559
1181.791800
1474.166324
759.917201
1350.538387
2235.750263
739.231656
1688.309004
1002.543626
516.549444
400.364136
704.614255
711.107579
350.299702
1780.301805
1089.368880
1053.931530
943.968750
-187.548789
1420.208727
18.598004
1743.374456
921.248977
1215.156282
445.127484
1138.879466
938.139049
693.252240
263.208575
1301.418897
1448.868572
339.412636
836.326584
635.442943
1504.941068
83.870723
1416.414373
1356.354024
961.802539
1564.591563
1442.498383
1832.034538
1151.196644
367.911093
1124.319506
1030.887413
1383.357821
765.419671
970.933624
899.178379
1095.377165
1035.631013
356.532192
1144.491695
1346.434567
1307.090609
874.984600
263.097878
661.441959
1036.179153
621.877532
1336.102264
628.251965
1984.942352
1081.886517
1358.107936
1990.070147
96.418988
463.893337
2321.953541
965.229016
1749.776585
1473.716610
799.576834
496.907871
1500.823972
1834.045441
1220.534743
1199.313780
983.879223
621.207181
984.586463
788.325472
481.157863
1160.889030
1229.824920
299.107536
1911.431688
998.244422
1143.625554
1480.302445
1181.934079
1205.294026
1357.829258
1602.459280
1562.994804
1478.437470
955.364138
1570.475162
1472.026286
1329.517210
752.384014
1296.927128
460.727970
1009.261886
1090.063746
1118.881965
999.224763
1436.007125
539.848648
559.088820
1329.180220
261.028481
868.860158
286.483125
1072.725070
352.744151
1864.451383
651.751144
1370.588405
1622.544149
1171.946387
1016.621589
604.306345
1614.386138
1321.748137
1083.637817
447.601859
422.685949
1179.303913
925.483484
680.541873
879.245737
1169.647049
1330.293412
481.921092
1415.896451
818.805438
1240.335350
1332.483726
1612.051061
1065.416863
1334.128684
927.182899
516.364661
972.731426
1067.450742
549.358925
2200.022837
1305.019670
1489.184368
982.367319
1403.928532
1035.775564
833.776110
90.354602
924.460353
984.682455
148.437836
487.721775
869.059608
1228.348417
584.482272
-21.982730
758.596091
454.615146
531.538415
163.444240
456.837812
945.390710
777.441154
437.046599
1523.890649
290.847736
400.691946
1172.956746
1018.797057
1142.418911
764.681121
1652.980424
378.977645
1330.171912
743.127118
733.030422
1045.739012
765.645108
915.389407
1291.149905
608.251697
493.750755
628.140031
1564.242670
901.878560
1467.506304
1183.572389
946.769669
715.664493
467.038924
2378.936626
449.809519
1698.295966
832.737060
1144.679029
1388.772075
2262.636301
979.056950
798.595699
949.347191
566.364477
1354.680691
1648.875969
1485.133947
1603.757120
1307.246606
684.103401
1700.429591
85.535135
1156.701247
2287.674055
-155.264377
828.321129
1030.241360
1567.016889
747.315170
1198.684849
2292.342672
1031.585578
2127.611183
446.491643
1951.433899
1198.034856
1119.485985
647.862388
1111.309924
253.374281
955.731904
809.533280
1085.865788
116.151237
1417.898515
1082.644191
2033.782041
317.884748
1481.521847
1477.127143
190.777593
835.740066
1868.381254
1037.017740
1208.447776
781.847077
1071.362696
1494.104904
840.656199
906.971020
1696.953605
618.882031
2707.171717
926.284953
532.783906
1880.909880
1218.775690
803.882977
-44.226517
1813.790420
268.024096
767.079833
1389.194722
1150.508475
2159.570634
1103.221143
566.267973
1081.421750
1611.167494
998.720348
1355.757010
1023.014517
1487.797338
1146.695535
2014.103725
1610.242183
649.527192
960.476112
1192.418909
736.449652
1106.246126
1888.001803
1610.997791
1347.052177
707.709393
783.356182
1828.252192
-445.582152
921.283049
1337.513349
761.862336
1653.734829
214.573388
844.047839
770.198257
972.948434
632.329229
498.923685
1397.064830
1542.002587
1357.024433
907.701871
199.352342
901.607327
2443.872068
1659.929861
449.812046
1074.357718
1589.847428
950.998587
1719.502531
922.745436
279.745516
1138.655503
872.942805
292.871552
737.939723
1142.030738
539.616391
1105.495950
727.073917
765.614965
1029.716683
435.458216
804.325841
116.252166
1143.678273
909.299428
1003.384592
-132.861915
452.608937
831.151517
1272.830072
227.268569
1792.267676
1503.816733
751.019728
1119.472440
-6.882732
287.379967
997.471288
972.126094
529.205191
1500.947623
813.001908
2082.575172
769.317855
596.974221
1059.208436
203.211877
1027.619210
638.348576
41.229177
749.372285
918.937799
1395.007457
1402.080091
302.819762
899.452531
1885.057023
558.575054
20.160295
681.669569
1454.770109
2088.765562
-351.701509
1452.826317
1354.282336
1281.629766
582.252328
1067.289762
849.177680
1611.305832
1440.628346
1166.719883
717.026751
653.561745
614.083011
1026.620907
1157.924756
1049.441132
1089.937408
951.215547
1224.668795
1778.831518
398.226550
751.028709
1116.837578
2045.279527
1680.999328
1857.446624
859.636196
831.596692
839.469928
1820.543855
1460.934561
1056.537687
914.815402
325.583933
727.201948
1725.108593
1585.944862
1100.558329
524.167388
1625.758539
1107.107312
291.599610
668.116923
1164.383583
1470.403145
954.600381
710.491322
1112.970107
1512.581797
440.553904
1288.135488
1417.226573
934.534971
705.817501
548.399490
1129.815931
495.072374
949.876697
940.280520
721.013300
1330.292611
1668.596562
661.880451
1435.407085
1318.360471
1881.864013
626.360751
1050.057136
900.125266
1006.144197
681.868272
719.081584
776.593703
1093.385451
723.028100
154.679638
951.042483
736.946084
1232.645137
1650.115326
1279.423934
1263.734702
807.411849
1145.228105
1000.496160
641.630669
998.976647
1275.962705
796.182030
1491.680992
521.434182
415.841189
531.386630
893.938222
869.019028
2294.651805
732.385239
635.786250
732.470636
1382.322510
444.751124
1191.367111
1579.991691
1574.444696
1933.364234
2613.994064
1580.026653
1084.017372
2363.735347
1107.299314
1374.926172
1287.393751
1305.396664
1254.749036
2909.155756
247.992259
1119.892621
-160.490939
2204.482499
1015.713371
1196.987203
626.178734
460.657849
1904.683604
1307.667090
1371.779613
687.308329
980.617739
807.525795
432.999733
1178.320069
1304.070444
942.940166
1595.932570
-135.270766
590.186540
2178.947486
969.749824
349.970385
368.324568
917.324958
844.411444
447.766850
588.365529
197.859577
1180.810269
1687.280160
248.642919
492.625327
1012.310120
1128.114804
741.070344
1664.520589
1549.687483
930.304078
1474.890425
1688.755888
895.736227
523.651552
737.319282
283.602084
808.655895
1037.399676
611.592563
-331.761614
1259.649166
2230.228322
488.315353
626.436273
630.355945
1842.647722
960.968182
1102.009014
605.514965
1365.892192
1414.486804
1236.962239
1044.042760
1176.257620
2406.830968
1014.200615
1689.365929
1283.156254
1989.357140
1286.238935
-94.374576
399.623290
1780.813873
1406.326390
1105.355504
862.410626
1412.611386
473.226791
829.098988
842.007667
1093.842172
1360.706836
1193.549978
487.780476
645.220852
51.382541
1768.426399
524.069287
943.181039
1686.772083
1507.738980
1054.507682
1690.503565
479.880178
1232.418185
1208.332692
1150.563889
1305.824540
919.966097
521.385445
590.333989
1024.984157
1603.300481
375.284359
881.015280
457.395673
1379.332678
1795.197814
1782.019223
332.279307
1065.338320
1788.854921
795.972528
737.893237
1592.345362
1136.700544
1322.376225
873.624173
822.007919
1154.728483
1210.934698
1134.570879
665.808614
955.601104
951.140551
431.166625
1582.809354
1016.339537
1305.565523
644.314419
956.920836
785.988724
745.765621
1504.001420
459.246542
531.286820
1812.935024
1576.030040
934.077482
1018.460429
781.022058
1971.456600
979.460325
1283.676477
1243.648154
1625.032322
628.459581
110.641812
1695.480805
1197.286392
654.135021
809.027478
1487.831908
584.540139
975.127795
694.238948
775.143007
804.274487
1086.509029
1438.130061
285.875132
423.679992
738.314719
547.211742
1.910963
212.050495
618.023883
1476.869065
1249.424147
975.358474
215.581035
1675.772366
455.967152
612.298391
628.453833
1327.913421
965.992016
866.632544
679.098386
1038.973340
1057.085648
919.581649
662.826253
700.180660
501.233351
754.591363
442.904982
971.531128
341.570240
1300.384863
60.561914
1165.774446
520.991930
1987.894210
274.009422
434.952872
1136.908274
1076.275928
1688.401627
558.945832
1073.771763
1353.202979
1178.199204
327.793097
1491.302533
1825.904956
1128.534821
967.405531
1478.491024
2050.196277
1013.156172
1287.533989
1112.293975
1373.893225
1262.188515
1084.445724
1240.474268
633.149141
1322.558175
1037.314417
529.324865
1302.430664
1275.706194
1412.984447
1236.865739
1430.567976
1323.424713
1208.278520
-15.147695
1181.629175
1222.785671
1186.953937
602.411354
1086.523959
783.133543
1533.406479
1329.485547
1333.944891
842.842368
502.464197
804.306374
2215.931593
1150.059326
733.144061
1757.756393
1191.529860
1123.256943
856.979573
-32.913320
1069.966556
895.177554
1738.650145
314.908291
711.249580
1276.629558
2087.869555
276.927464
1646.396943
165.781804
1725.739000
646.658695
1018.152938
695.326806
775.387807
2085.818135
1894.221629
1171.910603
199.573069
107.739724
950.678140
1112.382844
-239.699161
1563.489962
259.106445
1604.029077
448.052004
144.696067
521.191802
524.249476
934.590975
1539.269171
1153.526828
1186.717579
1477.188844
1087.024983
541.812228
578.898981
252.173476
580.919441
183.874715
940.934201
1404.904823
1126.396089
618.893912
1754.051410
1717.011106
941.764828
278.309925
980.829433
944.235730
956.614846
1403.638675
1800.927296
1653.094795
987.994864
774.707628
1843.117427
924.320591
1036.243090
1285.238617
1157.238911
1458.331232
1792.601129
1190.816470
1116.523769
912.849892
1612.721406
888.169062
838.351258
248.713600
1274.347642
923.895049
1270.467454
1726.784438
1732.508990
1266.802989
1245.547148
1270.398130
1014.381598
1306.273386
709.436679
1666.291832
314.279046
1426.074119
32.658175
864.599933
608.977650
1979.424120
1176.066120
803.854182
1067.193956
462.430600
585.063525
1808.653625
1795.978127
636.518715
1223.409634
338.619471
407.366564
1226.897028
1259.878286
1251.704097
1229.959686
2510.604383
1590.332472
647.689317
1255.316618
1054.687603
1492.726600
1142.278079
-537.121769
494.447115
1150.580954
2120.321882
707.985816
598.264946
1401.960283
1082.723101
807.188604
106.117020
568.684925
1373.567343
843.538163
634.467532
2661.001281
1033.225954
1062.708757
1049.314698
245.069337
1025.752774
1538.056491
1366.650404
1342.068119
1526.748056
1865.343355
1797.929986
593.037992
557.368912
1445.605252
939.798772
1587.753049
1330.797633
966.885474
379.731460
604.790601
670.096031
1016.063945
1579.605681
1705.533275
1853.978486
1198.765638
315.656483
1432.308795
1452.888614
1472.195302
1301.218287
219.548280
1280.115693
1537.964312
1480.194325
613.965233
714.417854
1926.016123
797.897520
944.004760
311.599147
951.361295
487.074554
1587.974583
470.709397
1359.192177
238.709437
2433.325551
1610.848382
1158.780946
623.297408
1293.191608
569.881486
843.829057
570.191607
717.139573
1788.972331
734.438477
545.284798
1221.653653
578.154570
749.787975
1024.955664
2169.458026
241.260890
1147.622912
587.889963
1411.366537
1237.311242
967.528689
669.137589
1184.860086
217.830889
924.421054
567.835790
1493.093612
50.021685
1467.704818
386.698361
1620.066623
952.619690
1322.025231
872.721387
1693.324186
527.178290
609.756303
370.671353
2605.640172
132.852620
1875.442669
562.659884
1413.088678
2265.014524
934.680176
1363.687887
1054.613052
356.424274
1189.238558
920.912477
507.506527
1729.748053
1342.344645
302.899596
920.421629
229.085720
1343.879494
1239.740237
689.411728
991.728543
991.997813
877.420007
-316.288281
1118.679623
603.899055
825.428155
1301.819093
1693.622649
1627.089216
1485.725014
1162.147513
1392.683501
1688.402910
1259.700842
1328.879302
1131.068293
959.101551
723.703297
1274.130938
591.150408
127.360873
1414.868215
941.114626
644.081160
2119.428980
2038.294267
1188.617614