525.434892
869.832563
1334.509100
1022.128379
201.137347
985.963848
1399.991749
647.904770
1337.609093
1465.834290
295.897181
512.675542
1243.598093
1460.295788
-158.962743
831.953351
829.500625
1466.794237
1088.630295
1268.373308
544.372396
1269.206266
1163.809127
1593.401821
1076.302766
1355.316250
400.758588
580.852809
1082.590707
906.862654
668.696114
1178.744822
757.538296
1096.102309
1140.944382
471.195139
827.723167
427.206185
1595.434155
1358.838192
900.572491
761.767904
862.072986
620.883798
1111.816016
938.077367
1270.358753
626.946835
1213.877085
353.431000
1449.850400
1055.418620
1631.140982
1067.731778
1065.392869
1567.559526
754.574456
909.974891
495.113982
994.287426
779.994688
699.933196
1715.654717
1273.004110
812.518340
1184.519655
1370.076281
1231.671986
983.219764
1397.025150
967.871278
1510.973526
1104.329072
210.609300
1065.460713
88.786147
839.384737
973.404442
832.063804
2012.874087
776.647053
627.199826
1099.855524
1338.949340
1405.818465
1293.461152
1086.241505
803.846952
954.306854
1255.146879
1043.020053
1099.753109
1345.854746
837.474107
1268.669893
1199.915530
981.985062
1085.240980
843.639872
1405.910551
747.259725
1778.581385
1053.171216
1083.395384
912.965444
742.785577
1062.040037
2020.307056
1333.175365
1253.884912
1662.255983
1276.202145
908.951021
1600.908526
592.228003
1079.556350
1079.195461
1303.573718
885.487754
501.671308
909.017267
823.279847
-21.087440
1261.630485
2145.976956
745.532765
622.449391
1173.420294
1606.165099
932.979078
358.971240
896.585113
743.734528
838.615366
799.746364
579.941093
1445.991265
973.706602
737.780230
797.331970
916.985984
1000.272726
1425.018502
864.586880
1126.264751
1195.608663
24.844671
1234.334424
945.507859
1816.964229
1168.362827
999.018850
607.546679
878.385830
771.794929
1132.336035
546.448599
1095.186155
525.141552
661.792018
906.109074
671.603798
786.162015
992.562438
1749.590142
1522.871883
1648.274341
1337.099851
1583.050341
813.820772
1480.713803
554.487272
1102.947699
317.443338
1501.137422
1077.586751
953.914345
904.138660
1023.194625
1041.393247
802.651588
1249.165538
1325.936504
1371.330094
1062.713707
-119.885054
817.416686
1245.966333
749.490330
833.046749
1226.877043
611.024076
609.076609
715.909126
844.732465
1061.772021
1285.445745
862.778516
1061.187329
1044.052899
1281.861192
539.840147
1517.147170
1168.728702
896.580106
1516.235424
983.424946
1019.781475
1278.277257
806.873738
554.944488
708.063336
1237.108738
1598.804998
1108.969958
429.529507
414.543602
2158.688559
1205.182077
1008.328016
582.684259
1176.470789
855.979173
654.644795
1650.657573
1133.986648
865.016335
1069.112399
484.652066
1068.023634
1163.103171
1045.156241
998.076356
389.775064
1260.946528
1496.764801
1559.967348
1300.122358
865.856363
687.118139
1201.058630
1337.158712
904.291637
862.630237
-78.549231
1529.263118
1121.225018
1715.121471
500.670648
417.098794
1373.797146
1028.600283
996.387007
1373.655934
1063.728409
434.644788
862.180229
898.947214
937.067128
470.688267
550.542259
768.412720
880.255153
919.958700
498.966228
235.338858
971.440371
1247.599093
-98.578488
1416.198661
1559.002240
885.895397
1805.394533
1671.960853
1758.854222
718.164911
1050.345969
1164.471640
55.491105
580.142843
2001.482387
739.380219
858.388397
1323.688751
282.161422
1172.251175
1066.502182
1161.867540
752.527913
1342.847642
880.625101
1207.743122
1167.232488
492.269244
699.751040
1086.770260
894.953615
531.701513
749.471442
1484.246861
1370.168868
1125.904771
719.874846
869.764665
794.595332
1872.912073
702.934395
1126.365805
1114.551881
1128.450818
-102.524731
961.042350
377.879347
857.448556
1289.348843
563.096163
381.777194
453.460155
1537.793620
1207.834842
1141.497164
217.512292
743.995456
2083.324821
1247.147298
1417.481510
717.001451
1395.537613
902.931812
1239.520288
1158.231292
332.488806
1204.466117
1529.221809
1584.673457
1861.029010
1220.988596
585.078310
1947.111901
665.801360
1521.993168
1337.391920
625.450083
1252.285932
1334.588716
559.287223
1396.620671
1294.875117
799.208692
1653.006380
560.573083
552.351020
339.386346
1037.200443
922.039867
1304.614722
-21.154170
1982.466337
1199.238608
1372.292562
1288.538070
954.558208
472.134184
1619.439279
686.045197
1573.449363
1064.499312
633.174698
1216.809085
866.645091
1510.710350
182.169542
1005.345774
761.417985
1258.074167
1143.725986
1210.666396
605.207033
301.756944
1583.073896
1365.469533
146.696633
1168.260895
1029.572592
1862.528683
546.912038
801.336914
1225.811018
847.837912
465.171874
1074.811809
1258.087673
828.930568
-38.118743
1239.227799
1010.468174
1680.570894
1288.052909
1483.134333
1276.981155
485.186740
1035.142590
888.669085
1378.316291
1284.025447
987.027153
1977.456850
1363.063788
1260.576349
1192.731038
1002.051426
1031.531027
1314.689691
1488.022541
762.811838
517.600414
1781.761967
739.806891
728.891897
1290.058981
971.133063
1006.952603
1845.573903
513.943178
643.373496
425.379355
1312.780902
530.717198
1167.956947
1133.401908
1250.246555
960.070905
1157.827974
600.010167
820.913362
780.133398
1236.066455
1072.188325
1508.027836
494.123208
1049.938430
1415.730770
437.080111
-10.114292
319.368148
1649.699762
951.505741
2.534606
1230.941287
1601.267535
873.290530
1348.843310
451.437929
1085.076681
755.590298
160.398120
856.179579
1137.077322
810.120309
1612.577696
819.509742
1011.019620
915.381855
640.440588
755.251325
916.277497
1124.471104
1190.465627
1083.541246
870.547917
1700.594576
1326.840571
1004.504416
1256.045286
1286.880216
856.978087
495.182980
410.735122
1536.549814
922.224313
270.165901
708.543317
1482.402878
1188.693662
589.459750
1374.353681
821.264002
368.910982
702.944326
677.925428
976.350451
290.853798
1081.539036
1020.349163
1004.853775
991.486009
213.116243
1159.233335
868.363535
1602.290296
1382.474163
788.728510
935.936422
1573.076486
1132.274659
1623.960162
199.018605
1589.041664
1318.409674
1493.280455
995.888347
868.355790
798.059714
1067.336810
1098.358782
1491.910152
1019.156918
552.204488
1356.859231
1317.936511
720.048213
1683.745051
854.704742
1153.380892
731.581198
1485.758327
1358.425107
1225.733946
787.003007
1448.549962
-298.466201
1711.154407
819.445189
803.060562
1751.219510
687.863973
1282.084451
892.024721
1310.234159
1168.143744
1320.719223
1157.809575
1178.213432
639.036416
699.756502
596.018965
1102.755049
1571.403020
1799.582169
314.780955
1556.359881
644.218236
788.060930
283.467465
1276.737251
1436.373051
877.468161
395.946822
716.923167
1272.714160
896.234740
804.257784
488.994131
629.656891
1403.660637
776.458752
1162.059492
1246.498786
578.635058
1173.337992
1022.025109
1165.165497
1138.968545
977.024051
647.601290
386.701209
536.791914
1443.838115
132.551265
472.750172
831.741910
1039.053998
474.367689
195.333607
887.838288
828.466271
973.582438
1083.472180
910.831957
919.810926
636.927760
1262.990144
1321.404836
631.891201
571.678900
1259.472760
343.098731
1763.063713
532.747180
1396.523834
1542.140048
793.215299
1436.779003
863.098024
1268.153936
808.779072
779.528408
216.701187
1191.669313
764.585288
1029.272989
920.631922
1151.273058
646.400980
1480.452347
1219.115097
969.313400
1224.934032
608.540498
1880.288580
1404.704815
1396.813662
714.066333
1352.758165
386.890611
1543.346560
1384.306350
-54.687423
1153.689266
986.128671
703.799080
916.727129
-80.911231
1365.748303
931.440123
342.924045
1319.304262
752.444734
953.674236
1502.801444
1134.437508
1146.093740
-132.392344
1234.622836
1209.617736
1194.003334
522.080494
1088.540419
284.451256
395.464854
658.364172
863.800619
1374.508175
614.902566
69.022713
1377.492142
1655.377481
1057.316784
1034.257325
1153.383386
1187.383354
598.190905
706.519709
1066.923790
1004.082678
787.039503
934.316084
1347.870923
1274.955608
836.279726
927.382946
1625.691625
392.547157
1144.511023
1115.025632
1561.496566
1489.895104
934.093213
967.041023
330.537378
1108.535541
1368.556817
910.681498
72.743151
450.833181
900.869805
625.166907
1325.877874
619.583243
693.535579
537.712297
1877.400251
835.451516
328.349233
973.228099
450.440083
1447.139216
511.397005
1361.052691
970.399752
959.259208
1176.957632
1521.227360
1001.642495
985.306026
1416.028387
1589.922611
1133.029305
850.545291
1522.630535
1928.175748
1196.305133
584.557655
952.730623
2044.118541
1063.919204
606.789237
946.275328
-378.620263
223.830838
1502.227253
703.686067
858.523835
952.634834
1368.827728
1296.533482
808.280558
809.313351
1110.353846
614.779450
796.420799
343.974681
1205.874612
159.769213
996.243582
566.443960
1662.555657
1784.860475
1304.086339
1145.086426
479.113324
1266.829504
966.801339
1754.890363
273.640304
886.302044
1207.569174
1051.847327
641.219080
1689.949953
925.787950
1232.895426
1393.799030
1115.845615
358.946148
908.457851
1240.317534
1130.097367
1512.972336
1006.118968
418.450119
960.071278
1001.506224
990.460566
1496.092676
1023.576216
1191.714818
1108.509883
1286.531886
521.740818
877.262599
828.063971
1489.041272
1107.094328
1370.851635
1286.452855
105.355680
934.863698
928.383857
869.593866
701.716804
549.921037
330.973610
1375.954589
719.778720
1005.240340
1019.048418
537.490162
622.175759
290.502546
958.903721
1421.724744
823.562705
279.747539
588.074090
1458.345927
1661.189547
678.693038
1299.438375
1779.641670
94.385966
1400.336883
761.345057
1237.224836
1374.682502
828.580633
767.763337
1362.965018
814.950307
837.578613
683.921823
312.255328
771.080513
818.503001
1053.843946
926.147645
1028.840348
775.181633
1069.998222
1177.686485
936.046271
33.530220
607.655411
1850.358861
1201.946783
1561.725544
1319.100873
815.877366
959.582602
1044.340166
1346.667949
1368.660883
2182.267382
781.506391
1096.747784
1341.792733
175.862650
980.925884
1186.728223
629.375766
1411.898603
1416.006904
1194.818298
627.873768
836.559711
1006.626894
478.203196
937.053278
680.594933
771.276491
1113.873801
645.937062
721.621918
739.032896
1065.414964
1330.787046
984.436614
629.464903
850.028413
1022.503943
1175.324262
1397.839906
2112.019625
901.697397
181.028572
1637.503925
1964.614841
796.756115
636.230659
1592.691156
689.078959
435.043353
1465.742005
1165.119012
461.992474
1135.985749
1234.391535
908.860213
1582.626852
599.594823
1125.642666
1676.281127
1240.637542
339.106721
821.083695
763.767738
329.385243
1041.768207
-166.128791
579.932931
442.459670
1113.197157
1453.862961
798.392261
1028.966746
1341.720680
928.646764
82.147970
1502.371455
576.007358
1234.107732
924.981184
794.952262
694.092371
999.349883
780.190768
1220.415268
969.061976
602.949066
719.432685
1556.027506
367.055700
679.633719
1134.700487
916.361598
776.989567
661.377439
1571.890967
415.764136
1104.257975
1238.851003
944.525223
1113.239169
1350.873012
1321.237561
1099.794459
974.848793
845.859236
1639.079562
711.328643
1749.518439
288.382309
-198.363267
2056.085123
68.985668
886.208423
918.502885
714.213188
1228.815779
604.339088
1793.741963
1509.815571
1455.484038
658.692033
383.116481
1606.573556
1042.387585
270.110341
2070.266616
1250.238640
1169.885207
1016.051763
44.210197
849.359400
685.759938
1293.324112
715.508058
865.152539
1224.006298
884.305304
1387.915053
1064.083917
989.668186
1554.608205
793.119578
1839.406977
820.227832
1176.960646
837.541413
976.049181
1200.358436
743.704206
629.347640
688.933160
39.210226
1417.095330
1795.608847
1468.424338
1030.974855
576.661552
1299.405009
1510.439654
485.516947
1219.771071
1271.507813
438.183209
1015.859018
1593.312548
1905.507843
1326.426820
237.256253
669.735086
1649.445019
540.997196
600.151306
672.299449
1575.880987
988.846455
1417.128500
1327.892272