1119.856158
1000.063768
801.140577
1304.246766
1149.303448
1376.345328
1124.810222
1685.521468
1406.592846
1148.087676
985.474502
1150.075294
804.969185
1174.787642
1523.131956
836.507167
1139.810124
536.664976
454.927259
768.565742
941.906941
1378.944993
843.254523
873.745209
1171.342463
880.017506
1190.726472
1455.100098
1309.475889
939.989650
1053.615405
1072.708573
1163.096011
1045.434571
1361.218983
426.361866
1561.132675
558.587032
901.315778
1097.790349
1214.432477
315.034916
811.599588
1170.417003
1268.301516
1256.888679
874.996576
1101.346178
951.857839
717.165612
517.445328
331.143022
1209.280264
679.858482
1105.574695
621.540265
1033.093333
894.402811
1243.558880
1017.998686
519.236836
315.323051
607.539395
1067.586484
684.982364
1049.286578
768.719419
930.008188
1410.252731
1025.556741
721.580716
643.633592
487.541399
1289.416680
1342.720454
880.757288
750.478557
1120.349211
1363.879432
722.816705
1066.271689
315.650210
1238.799793
853.238326
1110.753702
705.773289
775.975726
1169.801771
1193.251948
613.778690
734.877603
1140.963054
1007.152084
1403.233023
-328.494980
917.332123
853.152773
956.921292
1430.341915
1544.658616
784.152270
1257.522929
1192.619699
1900.259841
237.816023
628.713857
669.884446
1235.213872
1048.545248
716.836778
928.502896
1377.906383
665.534107
1605.021578
815.933976
1419.374645
1341.220204
1391.601732
1357.637990
538.677811
1021.747898
1161.742612
1714.349368
870.225668
807.712522
651.717476
1221.446072
1090.035101
1527.205761
1500.141432
820.116903
1342.710151
965.940992
1323.104085
1096.104253
769.661525
1291.964112
854.805743
1598.748508
1367.826064
1203.363091
664.886965
841.907841
1430.897180
855.548203
1215.682714
673.173508
617.142012
1026.455041
889.726264
1368.049850
563.182295
1286.956835
1148.635381
773.232287
1102.268963
455.056567
558.050065
932.088020
916.158071
1387.798057
1275.733822
1154.407652
790.157942
965.990083
1393.315864
1302.545004
989.018015
485.134106
457.633044
1236.265111
1184.006367
735.688391
1071.438216
448.184979
968.113234
1267.433792
149.927863
1132.954615
1331.328820
967.957574
1208.681196
1307.767572
1186.206686
1360.864940
603.771950
1079.641982
1413.338482
803.834296
759.702786
1356.581069
455.481112
1646.065503
1610.279333
815.069029
924.170139
1175.535885
975.707995
1255.879757
1599.698708
1203.763488
1115.207749
953.898906
1397.130999
1345.417882
653.272330
362.853938
1649.900306
973.035248
1009.923516
1144.720177
-12.051712
1237.175786
1002.458746
1019.261470
751.586049
1049.308646
824.934826
468.813764
795.819954
2031.478770
791.005080
1010.624502
1389.785487
835.718949
926.344070
913.549366
1543.919286
693.036632
1490.913503
831.070709
1510.701679
1135.413464
922.575233
872.532031
692.680199
961.393064
923.904579
498.596061
1175.438589
840.275825
761.944530
783.510093
326.257439
948.461199
1425.291575
516.662244
71.820452
527.572495
997.553073
806.427869
1241.006110
605.412540
745.829241
616.228603
795.019765
1413.548049
840.307740
694.147331
965.649397
1325.915479
1266.241415
641.831859
363.659285
1656.921016
902.824614
1613.368967
580.097356
645.264800
1236.600959
1366.573031
1544.425162
622.697332
884.215009
1030.854201
1506.254576
884.044720
842.765220
1472.558978
1615.400731
1121.508091
253.874052
1339.004909
845.220154
614.333854
653.450029
1191.074378
1118.293886
156.988151
1082.694651
880.500093
1119.828621
1006.306252
952.976515
742.135468
625.269625
1059.133850
627.646582
1087.132067
935.882692
1035.884950
813.842650
1659.560273
858.091237
1249.491583
778.838179
1197.536370
1306.329550
609.748863
1094.898784
1363.051278
762.904631
656.085247
1134.212205
765.965690
436.784597
655.159091
1198.837071
955.182004
883.373217
1168.744966
1072.268854
1027.562847
1100.317128
1272.470125
642.734480
872.752968
1217.279895
1410.595951
902.153213
759.589113
801.814830
1239.226230
1423.718972
1031.487723
660.907448
641.749115
472.124149
733.177030
1071.251585
1120.613801
1298.411779
585.386895
359.113594
937.009999
693.937466
1606.998333
1564.845670
945.368627
1483.330691
866.832646
845.552638
658.390052
864.264609
1014.828983
1266.621652
1889.661252
1274.490976
996.314613
1131.787776
1158.084949
1234.694930
522.588314
658.501645
884.199803
984.380345
622.819968
789.885499
829.573807
1203.711172
841.380640
613.156897
1206.857711
1114.128333
872.636915
932.640839
1494.114318
779.829418
1462.894893
1177.839859
1212.114386
967.190437
1147.829013
1037.453430
714.689511
890.412514
1328.813552
1074.432180
1105.740976
1132.863062
937.629033
1532.516639
1114.987156
1798.044886
1186.843900
1543.796915
1224.717843
1897.551013
651.655472
588.461159
1287.408857
951.388005
1114.791435
1039.169060
878.219263
921.569858
1061.079142
1401.775394
1833.906304
1246.778292
1129.653277
519.920973
1187.403202
1462.128389
1402.194123
922.391021
1531.928550
1220.324799
1274.711427
1420.588737
1131.865505
979.872023
579.685711
1553.457477
922.357441
902.819094
1392.093842
740.870448
722.163864
1112.321410
680.280340
1196.068306
647.676675
967.799791
934.812194
304.540390
1037.017288
1219.050598
1138.990642
620.427456
813.218590
1307.175806
1015.855654
683.271507
1384.661627
1807.086774
1309.540599
902.671215
539.850468
606.052442
1186.070374
619.741352
1413.319768
1251.765860
1009.864338
709.592776
1565.092189
812.551387
600.471512
662.110737
1062.387660
1341.130215
559.624616
523.704671
831.694071
814.719167
339.975597
1137.574012
742.641671
635.924175
325.314260
1383.049161
1237.979186
853.481208
1611.122889
531.605776
1142.598628
1088.325521
1121.324127
872.560356
1136.072651
1161.957968
793.164845
946.385676
765.065823
1689.436002
1479.715806
751.993269
1359.015480
1331.981348
817.850104
645.337641
1157.951665
1398.331987
524.765299
1197.561894
741.108064
692.180115
986.284569
1049.764669
870.717378
1133.296943
813.519307
1051.430116
489.698791
258.696420
660.707645
881.231832
1235.417400
752.928840
1183.904050
968.346369
1281.146149
1224.784280
811.401602
441.605789
1230.573040
1336.769862
1154.696963
716.919716
950.055978
451.314760
402.040203
544.270984
701.243638
828.199985
738.499790
1033.696434
1327.121835
1034.993311
755.232850
959.627611
920.545005
869.346731
109.257978
1335.345102
1304.618296
434.041902
1756.815889
1119.912466
250.766284
1569.922270
970.453765
495.124277
803.929312
926.365334
955.763369
894.529818
596.344993
938.734497
1454.218690
895.582010
1138.851580
668.499238
1079.927928
1130.064436
953.483005
1060.863254
752.628096
675.791522
1326.561044
904.755404
1763.548344
1164.854998
866.719915
1605.682189
1042.881758
1116.470922
842.183968
1137.483054
1058.561244
587.372169
1003.600476
865.083915
796.523925
1220.239419
1339.143901
440.744499
962.171774
1313.987158
667.329777
1211.122626
1548.671874
1711.994119
1345.255774
1167.601005
1413.204375
851.135064
730.677602
544.804739
1112.824738
910.039613
601.322694
616.768756
833.541155
1289.212478
774.014943
1091.466055
909.454288
652.514969
1176.637857
497.313557
1191.187535
1051.213469
1016.462840
519.377085
1050.595419
562.962441
1072.560959
1044.776774
1337.232727
1220.185565
846.105970
1063.704136
727.914535
473.078231
1637.557738
1122.136070
942.816248
1049.574280
688.330971
1138.479492
1678.866195
930.743750
1513.661971
1318.599088
1027.073329
517.661283
1375.850870
1073.602196
1008.093314
1472.383708
663.129170
1127.640441
851.284228
1078.605852
993.543569
926.242120
895.431138
1140.451339
856.297317
721.650636
1396.559558
1018.843813
756.939553
2039.368317
694.689039
1028.369570
762.400937
710.063145
460.565909
26.523938
1074.378401
1074.610560
1263.926298
454.110959
867.966705
938.871113
277.210750
1020.788176
986.475548
1259.749973
671.496711
1268.866779
1705.160482
363.117775
1169.866338
750.241311
1161.755350
1902.188419
980.912096
845.445673
1057.309016
1446.266297
712.272091
1225.867116
822.888417
499.551004
564.903400
650.515663
1025.000544
1224.919685
435.469808
551.836570
1261.513870
1352.622831
623.346998
933.902944
1201.196569
828.351751
603.722741
1218.534405
694.706303
1111.860575
594.363671
858.436372
631.862081
1265.567255
774.852261
1369.018822
1101.652573
758.477375
1533.587195
1376.505222
1411.288029
760.440832
790.172097
895.363996
663.839311
1140.542257
1107.180613
965.506164
444.736329
1153.869931
1362.076505
1519.973970
1425.739035
728.520869
1177.357875
1625.806310
742.070417
748.253056
1077.010618
1214.408174
1741.173932
1135.252402
838.831517
1646.865791
546.493699
655.838261
1032.732719
979.401915
1199.679520
1359.396714
1336.505964
889.663776
1084.249845
817.807202
724.167942
1273.051710
790.601727
828.093935
1117.790940
1311.696064
1098.030818
1329.204048
1725.611400
1437.742568
333.421509
931.121964
1235.018514
713.861189
1137.114112
1590.993371
1065.029279
1369.746252
1091.044009
711.100781
823.676407
322.368474
965.002984
1244.932780
920.571012
844.725184
1245.390508
1305.832304
348.725559
1113.112268
755.086704
907.073314
1147.581183
750.538119
623.163669
850.224539
761.064736
1070.374058
818.576709
1217.232408
977.827465
1323.645527
1236.904876
1063.866166
1016.631753
662.230293
1190.531495
1846.130895
990.569181
1054.359165
588.074640
1100.544264
1259.095415
722.488946
720.494906
658.570285
760.081263
1533.068173
1223.616771
859.227808
797.704281
987.424006
536.427611
914.689675
1209.423462
1308.852836
995.132987
1177.951051
786.335500
1245.369884
629.584172
974.789089
1223.300058
837.628215
890.078172
1122.343085
1106.764941
1565.919885
668.269661
753.793031
674.671455
1016.021714
1169.400296
356.990272
1372.515173
217.487798
571.204819
811.736179
669.802149
1437.295639
661.100009
931.923050
1325.328507
327.101985
835.494762
1374.360783
885.466313
1452.150441
504.216348
1474.676920
718.808438
1432.540099
1349.943475
757.592472
226.494982
1094.368721
1615.022960
221.697819
1117.859901
1843.202658
697.413312
553.759844
1003.860139
884.096293
1398.959122
1171.891077
919.618871
1058.994299
620.596049
973.044496
491.973244
434.308878
639.838470
1262.924703
1949.489626
983.272500
1057.874961
1664.369045
1267.415085
769.473904
1235.846928
1305.827469
1182.219717
878.394238
1012.835364
1036.544427
1224.450692
887.177120
989.263173
843.198378
818.551225
1007.624502
633.269138
768.240419
865.079305
1532.223763
753.374839
1848.984773
1222.126348
726.454911
418.773047
1121.574392
610.107722
1003.116756
671.835894
1244.867494
260.001582
909.437321
1027.901076
636.997688
1336.490794
945.686196
834.997129
1350.639968
1061.623264
1394.749567
1056.899080
939.002436
1176.662454
1288.966240
1206.464021
972.138934
824.149105
785.883806
943.230677
823.913950
1118.568887
949.801930
754.351349
867.235202
816.762234
912.815634
829.912297
1273.575132
1274.887753
1091.363866
1335.770093
892.853021
1620.828061
1616.176732
1718.750483
1073.534459
843.862330
957.608040
871.202885
1063.228151
1116.669391
745.864561
981.727530
653.527939
1131.054138
1269.143524
786.098689
1259.592494
761.273675
966.724606
455.506361
922.437957
894.653764
1359.138179
529.541334
466.022945
1008.441191
760.947003
912.601607
1000.934959
1163.860943
895.848957
703.294078
714.638273
1062.322193
809.685545
1296.281918
693.871750
1016.539936
739.997591
1240.750818
485.998632
1339.693306
989.176937
1546.032558
1317.883528
821.674228
982.423638
1578.512492
699.010133
721.614743
1221.634850
1508.597889
904.611067
1081.876674
1020.461250
527.112219
1283.282557
1536.203408
1061.734290
971.854268
600.709090
558.025734
649.152580
917.178549
949.740791
990.435419
347.132425
1015.630779
454.475395
1314.211475
841.297010
611.866101
1187.879379
1313.139674
508.738672