667.502304
688.690355
1148.024404
1069.867016
752.735885
656.353087
1995.135149
1638.536494
1091.094138
110.499443
364.216700
1845.672271
-3.399269
1153.346461
1591.649182
1223.808138
946.984840
709.811354
110.150356
1700.120342
1172.859377
931.691476
1639.128508
1073.122862
456.214527
857.261191
1736.403456
304.820792
1424.903826
235.442264
1044.901168
539.007785
1955.495932
432.055447
1483.516503
1227.956832
1248.221911
889.474976
302.546772
521.907712
864.743867
645.262231
146.355928
1000.827802
1044.418070
1474.828746
1005.832642
1269.274663
1807.534775
937.453229
870.017405
1538.034527
1140.323579
364.511028
1586.683854
1249.663417
845.998390
1321.596914
1621.225927
1141.860806
828.666707
1532.560366
1845.436942
1915.401235
750.946417
645.664445
1576.969488
1076.254844
1405.883228
1375.976418
1003.623404
1176.708772
1042.423880
769.344085
951.172175
1271.191957
753.655724
1216.908715
1475.340172
1146.100941
1088.336702
1468.565182
1167.213601
1653.059500
812.049707
1520.224894
605.796500
949.521814
1648.480167
1493.118195
758.531776
1523.804234
1587.909244
1304.100950
-112.039235
1227.696379
1454.515641
1431.875129
754.040037
1385.356621
613.333736
2021.535153
878.435630
995.940509
1042.130432
1267.906902
796.354608
1233.253173
864.565758
808.182690
966.088307
957.714230
897.757907
2029.133668
1089.850921
1270.694819
923.215361
1444.768830
528.649889
952.785557
-299.849094
1038.587611
651.141748
991.293289
426.277432
1032.955752
1177.927239
1496.741433
929.184515
416.702653
819.268451
1235.090092
1756.351552
2503.718634
697.714780
820.880498
796.338611
168.281291
1063.096234
857.066425
824.222070
1223.107540
1333.596805
300.391455
1711.926144
90.959323
705.736910
883.688993
820.658313
1306.683420
860.414325
866.268305
949.244393
1128.106500
1124.705908
1351.076854
395.637681
793.438948
492.430348
612.940859
616.787271
729.187143
677.586178
728.407850
145.315932
1066.675181
994.120548
404.751095
1375.835608
932.033439
576.545469
379.134972
1295.504180
817.072654
921.171424
410.945432
1692.815948
634.553719
539.316902
871.689478
302.666449
1234.983497
589.445033
1442.618468
658.479072
1660.991908
697.558353
566.266531
809.600052
1264.317557
331.643274
678.124542
951.036789
1650.630650
1068.584654
1200.496967
1310.545207
1279.532482
832.884231
744.264182
1483.241937
1222.068417
701.988947
1276.195845
903.297838
1025.197523
1590.440888
895.773326
125.889906
2124.014739
1067.240027
1236.059331
1173.166063
1331.172356
1387.138088
1962.052124
115.507742
1353.110853
605.203530
1324.278225
1454.948659
1217.602597
1047.580742
-153.863742
1431.986137
987.962757
807.754390
1043.830330
1201.991978
891.418926
1245.554728
769.316514
748.100300
1732.567539
930.104554
1180.140490
975.854504
1643.512478
476.082953
805.387858
1071.016989
653.315074
1135.181173
2233.249065
2356.300592
2016.152327
1035.418197
1153.348914
848.997860
758.385733
939.037203
1247.927929
629.373907
894.564871
259.522269
1240.877612
1636.547563
1490.985385
1200.518209
743.654216
934.391103
288.866493
849.085418
1191.453268
1802.503366
1048.342800
986.744552
904.503471
461.458646
955.193751
858.497954
1302.624623
1150.432385
832.381844
1118.881684
1440.158121
1014.208161
297.781915
951.698641
798.878748
1085.561825
1536.896822
219.192778
655.913364
583.388165
1568.191542
161.243096
949.019934
327.481327
714.631278
1646.845507
1681.804841
1856.212605
1205.783384
235.574557
1445.113115
821.716526
377.565816
703.560497
844.907797
1114.160457
-46.899328
1333.242239
649.538206
1378.790756
1080.089856
1327.480450
1247.139577
518.933740
1118.260827
1221.626799
768.035728
1145.490293
1575.989998
353.823794
958.172433
684.091119
1204.777174
1463.931101
197.550816
1307.895040
1080.727943
426.858671
1378.377308
62.063723
1208.502832
1551.896035
1391.432114
1008.990808
1307.702735
1183.932868
1363.445251
1019.192201
1200.516136
1276.931209
684.320335
387.336066
455.105563
564.988679
1381.752277
1599.700332
757.694253
914.682777
-94.957808
581.648393
1202.232024
592.391131
116.045363
352.509742
562.010050
1146.400664
889.528781
1353.024495
1357.145712
714.037024
802.413677
2223.139408
224.911681
1040.605197
-322.252896
1220.528493
1619.840836
759.532920
1212.653503
1556.861730
1098.219159
1398.028368
1227.159667
1358.991293
1230.732895
777.276023
1426.510264
1051.477299
645.069237
1472.158323
1736.739904
859.114413
-345.696810
1017.060402
1430.069306
685.816736
1346.067243
1694.461587
857.046305
739.477644
553.360519
1769.490691
1859.811204
759.802554
1190.396848
156.118233
551.558766
1227.768049
1072.229580
1031.284818
1180.756610
1275.206422
1323.830105
1052.750253
1124.487607
698.824752
389.688663
1601.997827
427.266340
1173.480390
1387.652820
1165.586467
1268.338754
1174.485740
1232.552788
1237.597625
1113.322874
647.086224
1617.154117
541.563989
723.690415
1852.711218
843.433469
1105.029119
1974.613301
625.120169
429.175589
1374.402161
68.753854
708.706122
1621.264428
1315.344105
1318.028725
1615.774315
668.671630
723.222945
1701.381993
335.737411
1061.210023
1943.695910
1914.403848
494.071986
803.197824
1342.880224
1155.959171
1529.498529
357.393331
699.770337
1163.728839
124.355348
1142.372777
2053.027314
842.301997
1288.092920
917.972558
1380.628522
1828.647288
111.294852
1451.669538
910.921741
708.659726
1175.913749
407.555262
1264.733513
1136.722642
705.424200
917.965654
61.013630
1746.717467
1119.642123
1230.353510
1242.679532
1237.854191
826.605742
761.370964
619.775103
0.981861
547.646749
287.115725
1290.113395
1502.226602
962.962907
644.790743
1458.445225
549.183854
906.360999
659.028771
1065.634939
2092.402502
625.504469
1886.602831
-85.339008
1494.017987
1030.001462
1215.264655
1418.335793
624.203559
383.997774
1619.956436
669.318129
722.417261
972.205905
1260.109730
1369.397255
483.190962
818.379371
940.024795
1549.723757
1256.923798
907.214612
1061.080334
2067.148218
1324.056378
1328.907446
631.197296
2225.562325
2020.482182
1612.883578
1348.855517
946.195196
893.247638
1632.190447
1201.464088
355.779261
1263.882561
1015.754896
1133.447769
1275.384259
155.223351
1066.221414
1486.504486
558.743551
1848.745176
1304.113051
857.392465
552.597686
617.502638
14.135391
1809.531130
1005.006581
1364.223022
1854.604409
441.321740
772.560428
1276.565822
295.972418
511.443764
1352.070211
539.164067
193.875203
1129.651281
1304.700601
772.364575
1240.687860
1498.596030
-146.462515
1017.395686
1130.567898
487.669847
1479.069200
585.889882
816.507447
1419.364852
423.724864
-16.860042
688.177351
-247.525207
922.612258
1461.856313
2265.215585
693.758823
1867.031417
1695.671933
1648.790549
2057.366807
1185.652621
977.946644
1470.643968
1276.216972
1390.121313
1174.498180
1936.130080
436.817980
1033.174565
2085.921631
1262.534143
819.550546
984.686339
1271.283109
1607.731535
259.135168
789.634358
662.240511
1380.982425
631.453475
999.857772
715.375959
1332.115322
925.294245
1259.921359
703.216150
1162.206489
1420.166736
1997.704462
1433.523754
-41.354652
706.944983
1159.286483
834.901865
782.703590
1257.665547
1505.436840
1148.308641
655.902315
1095.602006
603.656314
1779.604524
1469.235284
1364.525363
240.824438
1230.511053
1498.003149
1210.990396
513.481126
795.967309
747.343424
1525.387676
1485.166920
-217.253040
1754.767595
485.927543
778.838361
446.181481
456.715640
1137.907282
1512.785266
502.303993
176.427936
1362.675125
1581.362801
118.527360
670.382219
1172.322183
1549.998905
392.799518
711.829221
1210.907149
790.536295
1325.620703
1441.222803
1564.752937
940.490771
1081.531278
1202.006226
414.380692
1134.253774
895.378488
202.717920
412.594018
1030.279946
1328.506436
1163.267805
1574.100259
718.396337
629.644046
1504.810288
-13.033356
1221.575016
414.106610
1387.563423
1226.750974
799.067572
1047.441317
1289.289022
665.326384
798.559682
2238.508501
1097.536022
1917.011890
787.255008
1500.160922
1352.271832
887.181475
821.297471
197.402316
641.910637
1003.780144
816.402605
1683.073096
1062.018385
1611.407724
1190.323881
762.878681
894.331556
957.959695
1116.885774
1219.369097
1521.961132
1345.468729
603.196888
1174.759896
1224.658540
726.092673
1216.807565
1176.562382
954.415867
721.379519
1351.035139
1137.474124
980.222996
1392.009804
1062.670299
834.997379
1211.922857
459.176707
1539.808497
1510.805531
932.041984
679.314650
769.345495
1301.185972
593.032332
695.692417
1005.373942
808.512516
1548.803216
1047.876863
1268.977098
721.110576
687.618998
1086.495022
804.413049
881.080664
1206.656627
1218.668911
971.370840
843.404612
883.208862
1183.269651
1215.826255
1151.543740
1993.937293
1195.748973
321.212833
561.094445
2211.454734
1414.326582
1544.794408
613.600839
1798.452112
1350.462059
1368.517697
1308.890793
1355.995326
601.296636
1065.312892
167.542877
867.727115
870.038420
836.088366
1048.388404
1508.000709
1602.069943
1252.886961
978.686977
802.451996
1309.028260
1625.008377
834.905838
-102.446227
923.669841
1551.242895
736.656692
1218.370552
1257.009426
204.684934
822.542100
457.282097
438.555279
866.523851
1205.454939
1399.192635
869.528016
-144.010039
1041.635318
381.307534
823.520350
840.721861
886.995515
1117.913538
339.299579
765.799406
1391.139779
424.857202
1544.891041
1234.753803
785.251019
936.772923
959.616418
953.578000
1081.945873
843.986670
355.538584
876.881087
1790.529583
600.733021
1578.886993
1606.277566
-26.683873
696.779228
1030.892279
819.893856
824.306268
1135.060224
1161.958200
1272.461273
1519.314692
660.380771
793.987797
169.668202
1917.066145
778.381466
1961.735908
1470.229267
1583.697729
1638.526845
1176.895973
272.777577
773.674087
1544.916777
1286.079052
696.211486
1367.289437
797.193998
1050.148986
848.833098
1557.713227
593.349364
117.910905
409.284829
1068.000261
854.999429
1122.551615
589.760912
863.382164
1427.836106
1218.628803
1302.711021
984.947641
1230.202754
1259.871017
1117.728632
717.891752
1654.964389
1134.498499
730.811017
1045.459240
825.988627
562.550524
760.797228
1097.337950
867.667738
1883.254815
1457.242073
1384.676436
1531.995449
1419.517682
959.219298
907.912247
764.948125
646.736957
1101.578299
536.918773
1482.570357
1087.196267
2516.251330
622.725389
1286.915678
1417.537768
1117.012871
1281.081846
848.778876
1002.187860
1210.922680
839.780415
951.800963
597.284567
613.943783
868.146741
1613.798394
905.847663
975.822018
101.843467
685.211350
535.635229
923.684834
1451.970889
409.849722
1210.922057
1302.757762
561.906467
1441.978874
1634.906868
615.007229
1525.101940
919.992824
377.698902
1003.337024
623.130173
822.776976
1310.252377
883.733470
1591.352176
860.148340
795.780276
685.281450
358.795025
1628.686164
1762.085907
1629.423118
571.899455
595.496321
520.741636
1152.254151
226.011754
988.281916
744.937295
866.335854
1934.927567
732.258074
976.112049
570.755616
445.477015
275.700157
303.002844
773.365912
907.375418
1107.299296
1059.263806
1079.743996
1733.617485
1937.192536
1244.188461
1340.495956
952.651020
1000.504267
1119.707640
501.504612
1567.775341
1334.756705
1332.765779
1732.102562
391.874528
706.409984
841.071018
906.350573
1202.600321
1374.278932
1200.359212
1103.104350
709.665101
2040.839175
1422.312992
829.035529
1084.388883
1288.613534
1260.222929
233.590663
857.150680
971.784386
1178.972650
632.684959
458.369337
799.459691
612.606478
1409.319912
694.054212
996.715249
1312.114790
985.349074
729.101994
1009.122302
1399.329442
1040.191608
1394.259231
1483.065401
1272.278146
519.356239
898.169119
726.444403
365.120350
825.018522
565.629470
1560.769144
398.494561
1302.303682
1330.492325
1860.911421
1619.640321
704.194501
858.722615
1161.172831
1068.247912
971.884503
856.649058