724.785997
919.323007
694.201360
1123.675607
1145.740893
950.688705
1426.077650
1315.884850
985.391793
938.912905
1497.015363
1168.876537
1106.210506
170.136436
851.409306
1385.813935
1244.643557
944.067573
1617.280078
1472.605599
1084.099137
954.579764
1484.048794
1191.857221
1497.343270
615.385061
869.830823
914.382127
475.038566
1774.922691
284.583117
1169.105204
498.582571
587.317439
944.830475
1255.087155
1173.014157
1106.297796
725.898716
749.012171
860.765300
979.145912
1684.124993
394.130056
989.308927
931.024163
1270.225087
925.802804
1139.701667
142.950533
1355.548991
582.537597
1359.265978
895.109468
775.256693
1097.672793
1045.054964
1036.897503
536.350560
465.633686
919.705819
1488.631822
479.561334
1210.099956
675.520706
473.957775
1243.556674
1663.295802
1296.455821
1045.456022
834.096257
1640.128919
870.633092
1573.004513
1176.795742
827.624218
1367.191132
1857.889069
1001.110856
576.769056
361.237956
1245.947169
713.928465
1261.230982
1103.760593
1188.141544
959.308302
1901.429031
1560.833782
707.541689
264.132192
1410.865298
738.613990
1197.587557
990.579327
927.564721
923.084510
456.316045
664.057073
1147.901156
620.621538
1077.438006
1340.522325
1287.595937
792.833440
391.195226
1611.371498
1369.743302
935.131629
764.965157
722.717217
1196.849214
697.792590
1389.763181
1080.694948
965.015686
718.445241
1650.380068
711.579563
1909.237648
1146.510317
764.890057
927.499931
803.797193
673.378665
1340.741029
2234.258068
1156.060379
821.013416
726.420571
905.726557
1198.054510
1092.701344
1223.733974
1295.712070
755.952297
1258.817454
1049.110071
1242.233832
1574.983739
457.402849
642.095720
906.732512
562.437688
885.133517
1154.816356
327.014113
1155.837881
659.101774
505.188967
693.061450
1092.409616
1021.018674
677.713749
307.905005
1126.424487
1658.224508
1508.715074
1117.375785
1405.740898
1372.143766
1054.317362
20.680829
1819.379148
789.775689
1088.491467
970.650040
1850.241535
973.468029
901.617252
895.207541
573.984719
809.923725
310.100481
1411.330865
1218.493903
193.686335
690.462858
966.649185
-61.222761
1218.442523
1438.889094
1448.365587
1213.853000
822.440238
1462.658067
1213.458296
1418.521072
917.933570
808.431234
917.928979
799.301788
728.344250
1024.948393
1494.435236
674.742519
1321.101402
926.616220
720.734217
695.070161
1492.560629
836.943524
316.961744
1153.791946
1111.645836
542.432324
582.588652
1220.407879
862.901012
1122.001023
1143.890836
1124.662784
810.934405
872.817001
610.875702
249.887204
1302.101323
1438.149753
295.803226
1037.499170
824.201471
22.108326
687.840586
1501.370336
830.024503
1324.347473
1071.993488
833.661114
1128.524772
367.284937
844.299297
895.351960
1344.958211
1083.832068
1034.901599
1280.396049
1342.387422
1073.942017
695.682736
1369.041269
1214.910532
1256.390960
470.873118
879.806678
898.398243
1532.981814
1088.754687
914.087218
1273.906204
787.192886
1369.030200
1387.564886
568.188920
887.244625
1389.142999
848.150041
1244.707538
1266.113248
807.265771
1700.500226
1315.450749
622.452725
1004.546351
1185.064231
335.718074
1592.181290
1502.314426
719.605053
632.099705
884.337143
778.766828
652.947113
707.576378
559.476251
1296.007744
915.106755
1750.957650
443.739434
585.914430
790.005614
1000.230566
573.412168
1117.526712
633.534951
309.100894
1729.031124
914.506619
1099.931334
1643.746157
1883.401023
1158.372944
448.402652
1311.368914
1124.475164
1231.593731
1052.326859
494.095701
804.899564
1594.983074
1614.654772
1442.038121
1399.398253
594.954557
799.953294
1900.095674
1149.550028
1076.097171
1108.668567
555.937258
1541.609685
1411.880237
339.479488
1150.228710
835.421218
1752.264351
1054.746562
1017.963824
1280.984097
637.947617
1152.037824
912.135267
1276.396613
557.107032
678.248419
833.968307
842.865784
751.098488
1071.790266
924.514640
1320.899699
712.491825
1025.746203
1538.224509
566.064392
1386.204323
902.604041
1592.983805
832.620004
518.495483
715.343632
1388.233977
538.865669
1154.667070
1523.238730
1281.075121
717.845113
376.519278
1039.016456
1588.196436
899.293888
1618.964808
1097.653953
771.077047
1031.525343
1092.339029
1313.144241
1342.949924
1321.402361
736.574390
842.091588
450.195020
963.920560
224.604866
1668.846036
1182.264737
1048.558476
1536.440190
962.846712
1042.069992
953.028811
715.319244
1562.171058
691.568626
1362.171387
776.814533
780.112672
1521.323497
433.883838
856.373223
490.331818
221.203202
132.655813
1730.995776
620.202724
1033.078142
631.452474
748.590070
990.569505
1011.154690
1109.857548
1219.596340
1864.859615
1086.191556
1458.047679
1359.133230
942.004003
1229.441596
1281.678902
1475.829511
988.990633
810.194987
1489.783857
798.444230
285.589366
1061.587522
940.836550
901.024142
848.146978
793.354846
1023.473188
1513.448552
1290.991387
907.821461
1098.126526
1375.194387
1555.191992
1416.085614
818.855276
668.755553
1031.860799
853.298001
744.955294
753.951458
316.437438
1315.217872
793.619611
795.914631
500.040908
1601.447152
1109.967704
1519.320405
1570.044596
801.641620
605.154034
568.571301
638.179079
735.128441
901.329681
1245.569788
973.330031
453.093378
770.102954
804.985850
731.603118
610.544293
1610.673036
1139.652890
945.351393
835.689858
1478.676778
623.194593
850.788716
1026.045768
1048.314805
1338.850438
911.001141
935.136847
718.848870
811.631344
1671.941785
1046.288142
1250.534983
1167.515377
729.868819
1487.078057
471.808165
1108.165585
873.362273
1408.356533
1195.192915
704.408456
1165.429817
863.157386
1244.905384
860.293786
1382.173624
300.231288
1064.624503
291.841035
638.192542
1224.391313
906.835343
1746.343700
1142.000065
706.004385
850.081661
747.510001
524.182044
861.123575
1496.100345
994.539124
368.287694
834.957057
727.296688
1486.162512
636.570804
1028.456885
1344.529790
722.558791
1647.306387
1398.850663
655.737599
1304.591089
1284.747102
656.530291
670.942554
748.679587
1266.152281
773.789716
1110.189273
1162.362775
1075.384802
539.249722
1187.000966
1412.264548
1330.018064
1396.821960
1413.633445
1110.891045
850.300439
437.413403
1406.345227
884.177601
475.461722
925.450574
1173.111851
1065.321342
1349.130619
-211.050710
854.032824
1095.627371
1205.310473
921.694419
532.432647
1081.366793
1672.697796
1032.326396
589.693573
1024.224334
1624.046926
824.713004
667.970294
1211.555372
342.195895
1615.470073
1524.868018
1152.207887
149.320150
790.338829
927.545831
786.317623
1179.538778
1292.517653
838.460182
1711.432603
403.869370
1058.687905
794.991151
647.530751
1016.429913
562.504867
1596.264110
472.987046
993.755863
540.167143
1649.694866
896.062315
925.604884
1290.625021
535.895623
1039.738165
687.546610
1534.997412
870.133681
708.936419
349.700355
1325.857029
1027.303850
1140.794002
1323.285505
416.499567
1757.451613
919.053576
389.749305
1016.072376
797.756708
1400.995730
727.259617
833.596747
892.846972
655.767404
1026.202915
1488.624693
673.449553
540.087360
1579.144546
589.791293
754.926164
810.082901
1320.279123
822.902380
181.377772
1192.963363
791.847168
1370.890535
377.528220
1066.253533
798.104394
891.434102
846.026576
1964.939585
309.475582
651.473207
991.914676
394.982310
1095.617491
915.571893
708.000455
1779.644886
393.278164
925.631973
978.367550
1543.739990
729.357508
1421.434098
1313.480577
616.338207
828.194784
1275.805834
430.706404
932.377865
1093.600476
1437.975574
448.260847
1882.200409
1648.116674
1493.456657
624.443619
593.704051
418.417106
979.761564
1239.712410
597.650782
1931.144492
1320.152957
420.028004
734.008199
762.332045
1312.742352
1225.609469
765.423575
1326.224320
660.014975
892.601263
1393.897394
1717.314567
704.533025
1219.895221
853.869351
546.558291
796.679614
1465.371903
973.049289
647.085570
736.878343
1474.866159
309.917123
935.653262
996.230741
859.749359
886.844072
1273.114294
385.985304
884.382465
998.491865
1406.370832
1298.538111
1531.512372
1350.657354
738.685187
1728.963013
1067.412116
1117.338608
1212.025674
264.902045
884.015969
960.402258
921.290915
1230.130384
1145.340638
1953.784595
287.728503
1049.356286
767.691090
1402.396883
1425.685042
1419.692950
1577.120933
813.150616
214.171607
1014.679894
1468.881164
437.141136
868.587470
785.133860
1215.835964
712.175017
839.897440
1197.902827
1296.859228
977.229465
1076.150431
1514.085288
1360.495274
1684.904105
904.209767
1264.554220
893.181570
978.296724
776.483611
656.468405
638.230870
587.885317
1460.790616
1401.692711
237.688741
982.732640
1603.329256
1693.567759
1227.818071
974.557279
1006.267817
1253.923010
645.384944
1107.685572
1079.244451
1301.407610
1184.493292
698.536164
494.588498
1008.979549
919.107338
1463.199694
785.920333
1506.238189
868.676692
468.300289
1180.981523
1431.119729
1730.466347
1101.389310
893.891420
1613.607294
409.194695
1373.767337
672.602765
1065.531725
470.788897
258.090970
1074.709502
1110.985237
1029.776527
1373.503548
1508.238356
653.435357
1334.279695
1336.334611
1210.533743
954.311690
1382.364895
1660.224999
1309.730661
868.531492
634.503050
1303.381346
794.326104
1105.406883
921.678770
1354.623458
715.752147
677.362799
869.983431
1099.958856
995.969738
1789.582663
1168.946301
1348.029958
698.564093
601.222981
1301.637815
1200.614186
954.631697
964.597701
1122.140888
965.970812
1238.563517
601.294128
515.395177
1648.130901
553.864579
1243.736227
948.846760
1305.655360
653.392582
1432.390662
533.836727
953.417269
1394.412617
1400.658281
592.951265
942.412114
509.847262
1224.081603
1311.384461
658.340167
926.554714
675.304981
1288.463576
719.509515
1471.247870
581.581886
1210.058480
1435.150875
607.116408
529.130368
1545.704104
1088.182119
1264.681099
1001.113235
362.682131
178.057932
265.681382
877.563521
1614.373469
874.155710
1472.444280
909.131810
-1.027170
1010.950750
1021.513946
1680.055555
915.520789
1414.904876
456.186235
1282.300394
655.496769
240.000932
897.791411
744.769931
1245.055449
1244.446084
720.940836
459.701743
861.318154
625.766629
730.074956
138.552031
1172.972411
1081.658077
544.202402
1268.057424
959.649868
1465.933149
1451.874358
1013.667570
918.443168
1198.054968
875.200148
1337.701057
1162.402627
646.879831
1124.568431
1008.599668
730.703768
472.945227
874.057272
484.712898
964.817897
1123.178022
866.696168
366.405237
1481.362954
536.822457
1507.007696
364.245830
746.726686
956.478458
776.728286
572.000821
736.340108
835.237695
784.534821
543.305831
740.410164
979.743660
623.591039
1603.392775
644.216102
875.487180
1207.633842
1088.042594
982.397518
395.432295
1611.990247
1070.683221
1069.495728
1833.379365
705.380498
1058.864284
1016.662224
1473.576241
981.417270
786.881430
1041.275866
1666.580346
552.479890
1470.916076
1353.636137
1139.541069
680.020262
801.623929
1340.479174
1438.996445
172.278707
597.760889
907.287529
769.917813
762.522524
483.004020
1212.240849
1037.787540
1195.151415
918.579429
1052.175306
1463.213387
900.017848
1246.180532
650.017184
1298.533258
363.902321
397.547518
1325.156255
791.127411
1013.940404
975.659679
775.081339
926.145643
829.809726
838.152333
985.886992
1013.950645
729.533423
668.062277
929.352337
1257.387558
874.002580
649.225245
1216.766256
1354.200294
758.707667
740.133940
1784.797591
1390.838711
1091.476723
444.300428
271.347929
878.095993
1045.057454
1464.287943
1731.307948
321.330814
1227.523650
1139.803184
1441.426641
1201.019186
1416.644371
1353.157511
1656.018978
1341.361493
1073.441891
680.876563
1097.892001
803.967748
1463.004679
889.883240
526.482681
1489.915394
1100.732643
711.062362
1165.609732
1182.337898
1588.315113
1355.245213
747.684805
270.214315
1282.742787
921.806957
1168.533254
1573.874524
883.172613