1623.445234
761.941188
288.294887
1067.201259
737.361464
1237.868065
1117.704404
1135.288738
995.247433
513.252801
1839.465916
725.588043
1611.129345
909.156842
521.382733
521.386236
1358.744184
1069.126898
1512.676139
-113.985279
831.468775
956.553984
1441.096277
480.634998
548.408048
2348.552744
227.393712
1376.327344
1517.306475
1163.542749
1969.759331
742.905484
1222.412709
306.715394
1675.744840
1096.315301
441.960412
998.242514
1414.193403
1363.396790
382.635800
0.579354
1080.624971
972.943682
1932.465434
1437.931603
1306.278871
800.832013
1494.738503
919.265634
950.377474
964.034292
778.098653
926.017971
949.454779
891.784819
915.377587
1168.305497
1152.151315
590.959542
578.242060
1097.290216
667.446787
244.833276
319.023492
594.158385
-112.355661
979.445970
1026.113835
1033.315624
1615.235303
77.859804
413.358817
1318.882643
-533.385417
1609.197501
675.439533
647.678359
1192.269511
1774.076997
785.362533
1616.343737
692.685188
2326.212091
1738.783569
1172.209764
965.250107
275.436320
1431.331449
494.776264
789.635512
1263.383626
1407.271434
-169.625955
730.033431
485.791536
426.995672
1100.862661
693.106517
1166.241791
603.059912
1134.961294
1003.195628
853.911971
1055.409783
779.457788
736.104992
1559.381377
249.784963
705.976606
1553.182946
1402.870961
689.442387
338.858603
570.896781
1168.865429
-465.474464
559.512002
1378.823673
759.361549
1566.200165
1441.790136
1353.748090
754.811202
1137.357085
984.239717
664.323750
716.278469
894.779554
851.135882
1161.836229
313.190069
1968.368131
387.509219
1693.555427
734.675155
26.242814
228.018374
1408.178829
1124.352842
507.734898
1534.441945
1365.696805
512.504417
270.898197
757.374427
864.435647
1222.710354
2196.941757
1283.141183
1535.951351
1514.076538
653.791901
379.593743
1588.371640
1452.471566
817.945836
606.492159
875.133785
791.101792
797.595410
1361.567122
743.294728
804.719673
1514.672386
977.308581
1162.252854
907.859284
1509.543020
837.737003
1430.484147
1828.145968
793.394120
408.870499
1254.051993
383.451544
1126.530121
761.752311
1374.719008
1552.915232
362.915026
256.677555
1203.837056
1304.738000
1265.002597
1435.366523
1341.978975
67.884960
1597.529641
1909.355381
1193.545591
1516.606858
1509.487753
1429.522038
994.776783
611.812610
1068.162262
152.230089
1944.265505
491.251926
1164.498767
1092.155353
-382.036147
194.085196
623.905663
74.832278
227.119986
319.937262
1395.007336
1503.229418
1430.948911
1378.005098
965.107081
1331.399589
1310.775461
671.062239
1620.908193
1632.158399
506.132401
1131.027519
866.819790
-104.228626
498.096613
652.460122
539.750709
635.743371
-464.116695
661.977925
741.058089
51.423480
1043.762598
1139.277630
1073.336381
88.596189
1013.344480
984.271752
1535.885056
1773.763494
1022.468721
689.165259
1250.407955
1845.560007
864.512333
1371.582201
1110.879323
1588.872364
1291.956322
452.131217
474.341422
736.941000
1023.659127
881.308174
399.949205
670.703667
1322.034314
1561.288366
-63.503422
1643.277078
1264.318625
1236.189951
547.078457
1530.648658
276.646285
1262.287333
2063.533406
827.424100
1427.254554
1622.392713
1267.566292
1525.648281
667.453881
509.772382
1685.659054
1328.056772
985.483438
590.012306
437.249752
1805.016517
1422.619437
452.794085
1357.162166
1143.623818
839.022809
1712.236378
922.051946
686.304757
-601.224460
614.738390
2049.856066
597.829234
1805.178643
569.709263
1635.417799
621.555453
1109.524927
880.465565
1465.499877
2195.522494
1390.067410
544.963275
1872.196639
138.560375
585.225213
699.499418
987.776885
721.409816
2036.675936
904.768303
1020.213398
793.643086
453.142555
634.737426
1543.981005
1158.997360
822.594790
1761.762889
768.616348
1328.888793
946.431257
386.003290
1143.755513
965.231095
1230.583886
1001.512833
620.839271
1187.756953
1372.871035
1167.675813
2060.991270
888.990849
1638.736278
1506.826951
364.011256
851.558769
1455.605594
2143.327808
965.039443
390.531783
847.304070
1638.594941
1286.047219
1513.095544
1469.211339
319.323270
1145.454806
568.371853
1400.451049
1075.113835
735.023669
1400.589945
844.705839
1874.308950
704.873948
1038.283449
486.283756
1645.149233
1634.436139
828.423129
2152.171650
1219.058398
1032.505157
1583.449089
192.569098
1160.299295
202.599858
1555.479082
534.571540
1740.891935
376.068225
1173.976385
1632.178723
650.353434
1441.699866
1230.539512
1833.910291
582.769280
-100.320484
1323.920214
573.957157
1614.403948
493.750220
-108.256544
1200.756060
1051.772407
318.168483
207.169232
1090.383349
933.292304
1759.399364
1243.497466
1396.769313
9.545594
1336.150465
602.628651
2269.650693
864.672436
1063.373679
917.333392
1492.933111
569.521829
882.503258
631.562028
808.009851
1457.913748
931.394305
917.708776
1557.651650
1296.034873
1785.513747
1091.803492
-194.896535
1270.197044
650.813455
1731.239976
1127.636075
2176.544158
1627.712558
699.415398
885.848230
1148.035603
287.237136
1583.156648
1299.718845
1002.833067
1195.088809
1169.472920
1378.939086
950.330442
485.445427
997.196578
1029.371266
932.151934
878.604116
1209.608753
1280.808397
1284.918978
1654.841202
1049.482017
1169.435630
1751.283091
464.833138
1172.755279
510.766815
994.579613
1005.032604
813.421071
324.405634
968.084777
1082.483193
1249.814596
978.545055
1663.769343
1440.626630
441.483012
878.963420
815.760360
1407.005804
49.314032
158.086286
1465.455197
974.228113
978.675761
1523.696107
1373.816589
987.120918
1114.831956
1932.368773
636.005698
741.529092
952.510975
929.618314
1271.863799
2020.396710
1014.261978
984.609318
1767.670161
67.869064
1608.035906
850.267061
1365.277753
128.921963
1176.561171
817.234444
58.213900
677.337666
459.716457
1275.836823
1592.586564
1250.294014
2252.812100
141.168459
1281.024795
1642.993623
1632.454865
272.800226
598.867594
1466.982804
1065.476116
429.948540
596.757487
-49.589384
984.457615
853.465742
1393.279781
1342.972759
1204.862751
264.131121
802.685999
205.275751
948.734555
1455.537595
1119.841556
566.383214
237.129460
1821.959535
1432.200036
245.572363
539.910887
578.844593
2203.114598
1173.130017
1260.405292
551.672078
1141.309756
782.514094
1204.505427
895.642217
522.016925
1357.118976
944.113221
513.502981
181.304948
872.340314
869.582196
1070.105669
317.893305
1268.204473
424.909440
1221.401413
1415.068357
875.711973
1376.605432
1019.975211
982.088255
808.694998
1499.326058
631.993777
1612.511670
998.279230
1729.270509
684.795388
1453.747614
197.010791
848.701483
936.388371
1236.487195
937.830128
1802.042744
19.463072
1254.920552
1117.684786
1142.841435
1828.980299
357.145916
680.910488
1276.191831
1391.482765
1478.372642
1319.861191
-48.178335
1024.943963
1400.839332
-16.862781
640.403821
1430.669631
1855.838418
154.278260
594.309049
533.479239
985.942515
765.535939
570.727751
978.225998
2254.707721
1283.972147
5.035611
146.228610
1336.452988
1230.935595
1033.669948
1677.431661
692.372105
1317.852420
1525.913778
783.366270
1236.655004
677.455986
964.782234
1423.299787
1419.199318
1448.992516
-158.717374
873.017593
1783.078485
990.226089
883.960024
1306.671573
1876.261234
-67.792165
863.283164
922.387396
982.988699
2287.807655
836.955319
1789.542738
1265.566234
1135.887607
274.743522
229.821111
1540.666055
1674.875249
1771.246452
16.064136
541.002440
1632.808668
1771.922046
1228.872003
1000.899745
1029.535977
838.427069
587.299551
612.170598
2001.599407
-132.757872
1171.985298
780.314634
571.183145
1355.370353
1466.893848
1181.422854
-96.419311
1463.778970
1674.829555
606.803045
520.202352
1745.957411
814.474499
1074.080663
645.210578
1367.196441
493.194803
1288.700369
1853.158940
1083.371719
1024.988682
684.704872
1246.917533
679.597602
62.613505
675.721182
63.241873
2055.148362
1148.013113
1431.640594
149.812023
1479.291155
1444.709537
109.129768
1591.104170
1166.422156
1454.188491
925.117169
1219.367929
448.857086
523.884024
974.421208
617.596700
1776.157259
1684.980218
46.101031
906.140360
481.786607
811.174516
356.582622
371.287526
-403.385452
813.552806
696.356690
786.191993
1078.315184
1208.856219
1807.393033
1166.659654
886.488296
819.544863
1290.127732
1557.724644
1633.316073
1498.435820
553.716236
1039.706417
-239.460156
481.021413
935.313715
1972.139841
1423.087676
909.214779
1086.158925
1284.169220
1219.485070
1550.556385
1059.286877
1393.190589
1483.607180
2357.674518
669.580463
1395.475318
433.556985
1607.451111
1749.094115
549.870604
1191.740195
422.527424
1446.224055
1344.928967
608.718788
813.776328
864.188153
961.569985
1005.525385
923.266004
1620.644424
2267.333656
877.784807
839.687096
1356.257363
545.899045
494.666301
701.235765
819.427776
532.161194
1277.032639
356.662432
799.680769
875.243492
639.770147
758.659213
766.736224
1646.438667
1128.104429
1287.389040
602.058810
1711.387716
1286.565298
1399.496091
-306.609672
767.122792
1938.898746
842.292285
970.230662
867.491870
535.673898
2019.000270
1828.800747
70.530647
722.899815
1878.919739
1508.956457
432.139229
589.294070
150.408800
1130.951664
1209.823103
885.398543
1017.394294
856.043616
1184.066668
150.988125
1283.075567
2150.789670
1539.708192
1932.342022
1087.171637
1257.926879
1543.539574
1282.005867
-39.475535
830.391398
1831.290641
773.938363
559.515924
1154.355689
1905.244064
1891.165659
978.037970
1900.861732
1407.137933
259.493207
499.274492
617.165138
1984.218496
936.930635
1038.283930
1354.446575
399.251737
270.443998
1786.399823
1565.377081
885.277573
879.988532
2309.969084
1570.688812
1261.519210
-174.818016
808.505277
1181.932873
753.226927
1744.281523
2387.475612
1075.626082
1151.682568
583.971067
1659.577514
-160.196363
1056.535745
1097.160241
706.008359
1533.201649
774.403449
294.663377
126.009439
704.905924
2056.691065
484.159638
985.197755
2000.669516
905.654747
533.370449
477.453146
980.298128
505.400229
1481.106119
820.036602
1015.920875
489.089678
650.567469
-58.520847
834.325381
1302.935230
1532.232220
1771.533493
804.366577
1329.890372
271.530533
369.772330
1234.153482
673.629313
1133.119235
773.426793
244.310334
1242.247435
1595.895245
1559.114372
1188.340571
-728.694996
807.027788
1887.353117
350.635121
537.346659
-337.031600
210.312375
590.137523
1037.219884
1387.862476
513.646419
638.623733
966.117670
886.765283
847.667364
923.009302
241.076851
1464.426183
1596.232130
590.131983
481.583670
386.070730
972.799665
1172.559403
610.415296
1153.435640
1490.356050
1095.066495
2304.441758
1131.259975
1375.357176
1682.741709
357.189789
1387.580867
1063.731705
853.393442
1651.061532
1925.647324
2314.747236
160.994965
1872.373749
1336.214602
1342.757879
1429.569577
-155.644219
480.861996
1416.275882
1276.450216
359.472983
694.990046
989.054479
921.825844
768.591581
1134.380042
1250.183784
2403.633841
117.587275
1014.608403
1118.903341
230.830867
822.269177
1140.238674
1114.421236
1458.095735
1529.237454
1069.206034
204.166797
1159.122851
705.737989
624.168170
773.973473
617.288967
773.059536
1173.587711
609.776149
518.204172
1536.941920
1396.791599
1836.314666
1686.210966
218.565641
1311.144565
654.126454
1278.539514
1215.833790
808.307653
2045.229479
264.324555
1460.208824
1668.042166
1886.486717
195.167865
1593.556436
1287.241013
636.595656
2044.805959
717.048339
-190.481682
916.800527
837.389777
1562.005088
1009.350668
1003.820759
1347.458134
570.996054
1494.221576
439.758060
352.882440
1450.209476
1485.724101
1225.155018
1584.482464
1812.676703
500.891321
1564.323355
153.082929
898.698190
917.351056
545.346207
1516.240373
811.061910
552.976099
714.490359
1582.763842
1230.674193
1004.146103
791.891079
512.931743
789.897954
748.218709
199.765945
251.892928
1428.324640
1571.863988
-10.725133
1295.700055