875.993091
1002.831736
921.942947
1070.962515
882.438139
1062.051012
997.372100
1092.699460
1237.932594
990.585115
889.035170
878.014901
784.242093
909.463725
1115.554470
1016.947031
1007.776308
1097.972189
1097.682320
954.917291
1093.645116
1060.287328
1100.459361
931.288668
1023.068492
1185.342545
1032.100430
1089.182804
1071.172854
1072.288525
1203.925443
862.791332
1098.608081
980.072180
1125.688729
1187.070736
1109.325019
1044.345722
1150.557501
918.399303
783.324470
1071.598875
1041.232220
786.792837
937.503954
907.677687
1214.537372
1158.169941
1239.223729
1315.310302
890.766793
1010.297172
923.431615
1011.529197
1039.799220
754.211372
911.694625
1100.178233
960.563604
988.382356
1165.954470
1039.742880
1069.461701
1131.888958
946.647710
1053.592741
990.009475
943.846851
1197.722839
1050.501809
912.688112
909.407429
963.188862
1051.583821
825.610134
862.181684
889.302651
850.219645
1068.952764
1139.855509
1162.728722
1105.770937
1177.946640
933.797628
1066.774153
912.403818
907.381621
1154.009485
1041.752250
1008.871319
714.328932
782.276194
1001.128845
924.223281
1175.000278
902.012821
1023.171619
1056.751138
1071.833846
1208.864712
940.288783
1062.271169
638.141442
1283.488561
1303.283609
854.407629
1317.741079
1037.068012
778.847999
954.993681
1186.316376
990.785981
1052.873589
1053.182943
1043.462599
837.861731
989.776322
1141.094758
948.398225
618.445755
1008.500648
992.772756
1003.502938
889.378848
1030.366247
997.457735
968.989760
873.520873
1106.459930
1021.726281
999.201419
953.137907
1149.774997
1035.379668
1075.813035
987.392055
785.270720
1101.574099
1046.834964
879.363956
828.160405
916.960060
1081.114419
964.184183
1184.268215
956.521435
886.545678
802.330491
1085.055866
962.168915
1288.949713
1167.788308
995.539292
844.375120
963.230153
993.909143
1031.561421
1289.732593
1022.064185
944.636270
1009.347870
891.989927
852.831886
1064.683752
938.871196
1246.454879
845.691451
818.195217
931.908357
978.209248
965.529190
1074.478186
1121.055886
1122.409403
1236.633059
872.660328
854.762385
1003.140905
788.768142
939.761369
1089.747095
882.072700
1080.414660
761.947986
1002.558663
1079.958905
1089.233012
902.306131
789.705127
911.317843
1107.259036
1069.392128
1101.886097
799.041067
1043.232131
1053.411956
1247.254632
972.987232
1098.788098
910.459858
1154.757639
1055.889118
1104.492556
909.986589
866.357973
1111.344647
1030.510944
1008.144373
824.046972
1016.872235
992.450610
1016.613420
1183.631866
863.444135
952.701590
911.222693
738.364817
1175.367180
805.768534
1080.288702
866.845206
797.303068
916.088833
1022.199058
1020.502728
1052.888933
1196.075903
850.651446
981.801352
791.976776
1259.146528
1091.113604
881.431464
710.249164
1123.121987
1083.269835
757.932626
934.499769
896.550807
989.433377
932.166300
1169.891698
1132.312505
1146.893936
979.100825
1054.489639
641.777762
941.623352
789.258875
1269.000578
1306.561802
1063.040224
930.677774
1361.230346
989.622175
930.512935
740.086263
1038.750856
1027.937941
880.798862
1030.008669
1111.739781
773.095684
1025.603799
1016.357582
1234.213064
891.041539
939.164778
1015.646308
892.768265
1074.553880
1095.205758
909.079602
922.041044
656.601947
1196.659170
1063.301018
809.227006
973.086510
1050.190564
1123.552461
1071.052287
1021.597898
1133.041807
885.574407
939.414531
1015.402238
1094.616364
933.290727
1012.499969
1205.124980
1021.221814
930.992187
1131.874879
1095.966331
883.373522
1020.664395
973.775652
1057.458470
919.303131
1093.271943
1110.816505
1055.782439
1110.811144
1286.538694
920.496192
974.097377
1028.711184
1042.311525
1032.540084
1108.331168
764.545931
1163.819553
972.690254
1122.546023
1148.408668
961.410464
929.525591
1140.591005
884.473063
884.738021
1003.358472
1164.820915
1075.671691
906.379933
791.786607
789.507712
869.880001
771.108230
968.907667
826.158142
956.868337
921.578101
694.770595
923.149981
1014.434758
1028.758342
721.393853
877.111447
932.189737
990.864134
933.597353
1050.403660
956.359886
1170.560305
1152.482976
1130.466373
1188.585489
1152.330356
824.903292
1209.686820
1156.761148
1155.299326
1002.903510
1009.566599
1005.320187
800.455926
1343.197104
895.634656
1164.435093
975.836356
896.509136
1160.248914
1082.058638
987.994484
847.185999
964.118125
825.280291
978.543869
995.210193
814.274581
893.079937
1200.996903
941.828964
1045.480776
1413.434284
1078.968244
919.601088
827.500232
1110.268486
906.616025
1164.581838
866.356662
1102.022675
700.197733
1044.475219
1202.979711
877.948274
973.971726
872.142570
738.040087
895.398351
1070.930862
1125.636710
864.722719
954.077755
1137.231929
721.128055
841.149225
1047.119464
996.893040
1134.918097
631.921464
1171.053210
713.457288
1166.949456
1220.552193
1053.210432
1005.398547
1090.760313
1219.373288
1063.639415
1110.287629
897.815458
1132.681787
1135.540029
1260.234546
986.702717
907.574448
985.052101
1064.300989
1138.334472
840.497242
900.597261
853.237312
1019.981003
1054.568165
925.289565
988.251536
899.621565
1022.967150
1147.138442
1019.596602
972.532723
1159.218046
1108.084974
951.991919
891.595009
1256.589795
917.606331
1032.228107
1212.648200
1066.717802
1041.521108
969.960121
732.728934
1068.775335
997.908641
919.658820
1130.168772
1259.067584
918.087721
1479.343865
1084.885687
1102.333229
1132.509143
1093.740381
1060.864895
813.219774
1085.021164
1010.106663
996.716980
981.652694
983.816198
970.906627
735.220392
878.497103
1055.265976
1039.085088
1029.842132
1188.672631
974.041322
805.675621
969.677395
968.487066
1137.570395
1336.010403
845.045542
958.303374
1002.400959
917.302631
826.661714
1171.660833
991.419112
1230.232607
1162.218993
815.608725
1053.171450
910.067242
940.291085
885.610299
1128.467166
1063.623952
1017.532152
884.930438
907.483845
827.463475
915.507867
945.940439
980.562523
1004.541653
966.883230
1138.032984
870.655788
1099.153173
992.824594
1053.863873
980.675475
933.094315
1067.986271
1038.018207
965.626209
1138.935823
855.181843
1105.068356
857.255099
1111.235619
1140.440557
939.159981
1181.178958
826.765883
1033.495751
1094.513330
956.329160
806.369012
1262.147733
1024.110149
912.811328
1168.381138
685.265495
913.915898
1001.293363
853.388045
1297.340977
741.485238
1163.670068
796.534603
917.095916
1035.619701
996.361393
1012.552977
936.447825
918.572060
1281.942951
841.462138
1077.506241
950.525770
883.665769
1143.888629
974.854606
759.867094
900.264409
1078.448851
1185.753694
900.453031
888.789168
981.096315
1077.489314
861.737109
1228.974362
933.198780
1239.087431
1020.387109
853.612914
863.086174
1244.683659
1076.656016
937.767928
947.730715
1111.617070
1151.016599
1023.657452
1081.404655
985.246944
946.064188
1260.500104
1064.088236
873.144461
917.935951
1157.108303
1042.177649
928.832699
1127.025396
976.966583
907.522278
927.624203
1065.450444
1074.007505
1286.622893
864.023038
1155.498200
860.277222
1013.472862
986.023255
872.609235
811.466227
998.639211
978.367059
994.566201
1213.030486
1258.685355
1206.663898
1058.670177
838.825513
816.377714
1110.618761
938.494681
1036.284635
863.767166
844.782782
1007.574776
985.903231
759.568904
1068.023775
1071.253383
938.639783
1052.976464
994.703297
826.502737
824.395820
1049.837559
695.556188
1024.033156
1096.217143
936.243056
1070.890556
953.456668
1012.855653
717.202081
925.159568
951.949499
1066.715110
975.879100
718.517259
978.261102
1177.541123
892.195917
954.421611
963.806196
899.006973
916.515073
1160.848865
818.127341
1041.577324
808.823648
1013.740743
935.743313
1105.405521
965.063761
1025.808086
831.278088
1054.635335
801.676751
1075.647904
1027.279036
944.107202
902.214461
978.633330
996.097087
987.928857
1139.868627
1226.578434
1211.959546
853.282598
791.699598
1048.474862
860.733092
1285.515341
1205.159918
1243.327324
951.233179
987.886603
851.509288
953.797366
1107.345114
987.102602
1011.135757
1082.724283
837.758008
752.750821
1135.904183
1087.321812
883.831752
1080.256803
834.234081
829.030436
1024.922546
1124.160012
981.852134
1036.979229
1199.449294
831.282543
858.834225
1175.075860
1083.344545
949.791189
1014.570936
1105.292011
1094.959628
1142.462539
968.619633
995.003866
1020.089132
925.113560
1178.298753
728.656508
1064.347133
903.179560
994.343251
1123.762793
1063.534305
959.787613
913.294077
1064.043901
1183.945652
859.094726
1034.943175
780.354776
1206.913075
1038.107734
1049.673996
1208.474522
979.866779
969.903479
1170.939835
893.409748
881.736695
993.586650
1034.129002
1022.352942
1024.227937
956.473948
1113.901937
982.965133
1010.616479
1056.315599
1096.464718
1238.770792
1150.724669
1087.336843
1050.007329
1003.217396
942.963585
1021.803093
997.245210
1066.854169
1023.723261
1051.843167
1020.161716
1105.255510
1041.570533
1103.727770
808.750834
1137.352006
1038.887911
958.960199
866.460632
1050.777512
958.768647
913.271811
1275.124679
1074.638308
1083.377375
990.640626
1199.408789
913.950106
850.801366
1002.255563
1027.586048
920.546269
958.032885
1121.062742
1033.621818
865.715734
1038.109522
1147.371497
1063.377777
1042.797253
957.433457
1074.772579
854.725462
1038.220580
1040.788097
1104.482465
954.895610
988.950120
1128.280547
1042.016922
1153.703056
791.155413
864.986159
989.350764
1139.886897
990.417823
841.080909
677.468324
1002.570521
1336.581476
935.390475
950.511808
966.130094
1109.523429
970.458510
874.877639
1160.370722
892.072446
1185.819418
1079.567519
1012.337531
1190.806026
874.025418
1048.067232
1112.855994
957.428621
1025.119775
936.287551
1059.945903
1216.074613
843.068969
939.454381
929.112704
1019.772947
917.408990
1071.985796
1024.691492
1252.669520
1286.246787
819.721376
987.137910
957.464590
913.799844
714.325314
869.080863
1012.050214
868.994704
949.867656
750.000554
1127.900385
1084.318606
1083.049924
772.753986
837.713549
962.239672
909.165049
1120.656107
1272.130427
1345.469746
828.811731
947.100403
1067.843812
1074.261031
1020.145323
1100.154226
1024.003602
1064.800963
1143.473081
933.661925
1109.426859
1022.919260
935.752706
783.983729
1084.121601
1101.269725
1267.060870
947.815136
874.614141
954.188817
1007.751865
749.678323
1018.322438
860.614025
1026.145732
852.920679
981.040641
876.466348
911.350040
1110.088755
1019.687569
833.418084
1078.992075
1086.531595
957.547523
1037.936414
1002.709805
1008.533754
1064.141226
976.177806
1017.483623
995.430418
1227.685320
1049.027222
976.814398
1425.178572
723.234660
928.785497
1164.193910
1052.930477
1015.711039
1135.977663
1015.661884
1037.022205
1038.277609
932.743919
1068.520363
1070.913948
1081.797990
1129.581011
906.628414
1097.804673
956.615128
1185.016977
1052.672950
981.415637
1021.135573
1129.875903
891.185899
905.059874
1066.800065
1106.035603
1033.476586
1033.966281
1133.656861
1152.467279
1091.623205
919.272601
871.100938
899.406558
1157.545206
840.781164
748.775580
1000.334614
1245.111321
1117.905578
1014.308426
1180.000256
963.443484
839.432404
1005.844028
1004.922842
848.300792
785.463079
888.685591
879.003467
1074.862544
1066.431237
963.482222
1146.334348
615.105454
1221.848850
884.556471
868.872179
1022.125952
818.144306
991.763182
1086.577379
1156.670751
1120.032244
1124.796817
1215.862980
1048.090144
1109.673990
745.569246
1036.458458
934.767440
677.362735
1122.565559
997.839251
1240.849632
1119.988574
1108.777273
952.354620
1182.664265
944.330572
1240.393617
1045.155275
1045.934936
1132.623883
918.742324
1099.633486
856.639181
1091.817785
1036.345323
1057.830514
1056.648059
980.587825
1207.248223
1228.677522
1000.769680
1485.181590
1053.051228
1052.468030
902.871269
922.524215
1117.313842
983.490944
979.953937
814.767777
929.166616
755.112740
893.716329