512.594546
1716.556088
395.764300
1309.107544
498.943576
1655.791221
1050.591037
1586.009839
2085.548203
-112.456123
1318.013361
645.145423
1288.146106
1147.886854
853.468073
1474.071246
863.074780
1452.228483
1354.650506
620.824528
23.398021
1657.298617
1070.806649
559.801720
226.604163
948.523721
460.766651
1722.812493
861.991722
410.107031
1144.330172
660.978368
1379.897259
1222.553542
868.657039
1338.453223
1051.159059
-87.884162
147.947712
1328.182872
1697.243773
-272.406482
1156.492306
1073.275948
1548.168205
512.786982
1079.751731
889.546396
272.195124
85.470755
1473.500583
1311.929402
845.268910
-473.041750
1758.685873
796.148052
1357.409601
-127.144073
927.231626
1113.385636
1484.679416
1306.773655
353.076214
539.840929
68.740905
1092.629896
1890.749086
405.791267
158.312647
1427.188920
1416.885305
819.175759
1137.859606
126.988630
740.226717
1272.852395
263.559819
964.404265
1324.511270
1828.983588
600.586390
2236.030855
1410.563757
1252.492528
1830.263792
1569.682211
700.927399
1839.080799
162.000817
565.617940
603.290525
1557.035915
1495.924167
1618.209899
432.108405
977.024388
-345.000851
496.383858
1090.131447
974.808922
2057.850583
391.877139
172.209177
1049.362990
1371.893528
833.455205
1139.634881
1372.366593
1555.002756
460.759680
1571.121873
2144.620725
1384.984887
1056.821840
48.976390
650.457576
642.463015
164.786078
1491.670897
1187.143502
1324.846651
1183.365211
854.967887
964.844454
1099.850391
642.414934
232.576058
1086.269375
125.821936
933.373208
1196.185561
299.598504
-35.366595
1698.289029
379.609030
1747.143931
1203.299727
1332.464353
517.299809
1265.745605
1775.276349
1299.763396
120.289048
1069.603308
547.188564
1329.283908
311.522933
714.805176
696.115460
1720.522573
859.703590
641.878246
732.764689
1490.613392
930.089056
1315.695839
1278.667319
2437.763456
-3.247748
1322.477218
-483.445492
1963.867552
914.799783
972.583391
298.240324
1105.913350
419.890547
2308.513858
846.173833
1000.948764
1338.750006
1054.026703
945.147827
540.714407
1143.438987
699.765543
226.176804
1538.849318
664.777795
1939.199028
1203.415056
568.017740
1297.839281
1512.958073
644.862755
-115.385072
2459.870834
-235.310455
1581.171455
816.162193
1431.606902
891.934662
415.961353
411.805788
1343.976021
429.411308
502.922779
1363.116432
2084.821034
1586.801882
1658.749552
-454.631790
965.028477
427.592599
1251.161908
991.647648
962.981072
1545.116878
729.708997
999.948887
1751.895336
794.237792
502.962370
1754.081477
236.559908
974.388191
1085.615145
1358.736466
695.513778
-81.597879
-48.917803
1839.395353
690.949649
1651.448537
1499.519064
1237.756571
872.190539
-809.424230
1616.117122
136.853092
578.231026
48.829981
669.502706
1994.441261
1089.730312
1158.822193
1458.183701
1086.113726
491.075485
1107.199319
1341.507379
1117.171901
1524.008564
18.584660
572.633286
848.702531
685.905850
312.464124
473.335672
1800.429708
1065.293160
-13.689724
1130.800350
402.830494
86.681047
-165.018590
529.040446
762.069392
709.768851
1412.608078
1902.499233
409.121062
1036.107654
673.494274
811.742980
452.099287
665.678067
938.187179
634.602809
1101.735850
1219.745085
1431.194411
1159.929005
1378.739542
383.034430
508.217530
755.021584
1497.237818
766.566936
386.050963
1567.658544
1025.126315
1420.324931
878.442698
1138.567076
1832.320566
1139.234658
1623.957110
1433.897150
817.552432
914.620204
688.063941
1669.666580
617.706571
1152.892087
520.833911
812.208056
239.042893
1304.473792
1726.499093
735.712880
723.729319
10.809078
-97.789380
1247.157360
-130.761008
662.025875
1177.619145
2033.300126
1169.171068
1463.160289
931.140587
2254.815734
342.960715
1072.834756
1924.593956
914.329680
1400.514953
156.173238
1670.108044
3.235097
1244.843985
1033.877251
1035.043435
726.390106
685.791209
1136.819751
-123.202743
1060.539918
524.391311
208.673713
1849.009362
-201.579184
510.973771
439.348965
117.905908
497.625443
1273.585800
923.152913
-816.881699
1338.430738
1628.331979
1463.201085
-89.159042
559.199820
1978.872543
633.074507
730.154192
479.853508
827.048797
-474.734556
1712.502065
1957.792132
773.316713
2288.769091
1298.212436
-385.297139
1039.573935
965.418647
475.472003
-185.555938
1069.702075
331.947638
1556.285747
1655.455897
1034.052888
881.375894
665.930040
1620.241597
1129.061055
872.763903
1340.079885
768.883658
919.028597
752.381382
277.310761
2552.734113
677.376913
943.058866
1933.331439
1088.758547
571.614314
371.596853
958.567580
1298.697020
1061.225603
1693.168441
1715.385198
1346.342856
1233.317941
841.994399
324.138945
1089.956152
637.766481
544.437874
463.129879
1536.355630
1061.757996
1298.567359
677.759100
1924.281698
2152.990214
1251.935003
1180.642002
1124.225552
545.179857
113.685897
1568.174012
1206.952716
2069.863728
1078.381707
551.021902
1813.210609
692.982645
1401.702346
676.544525
1161.295038
1115.734129
1324.917763
524.143873
995.088791
726.611491
292.360457
1091.697691
1363.021058
1461.038059
979.055362
537.786174
901.021405
702.222054
1387.132303
858.007118
1063.868446
906.000408
1732.697191
2476.365477
-46.726937
1198.379105
694.979314
1478.237088
903.609928
1090.392174
2007.452750
744.694437
1179.509586
922.426667
718.250822
686.534158
838.417555
141.583105
770.798190
233.166387
1798.837033
686.769179
1622.003993
-35.925653
1358.083209
661.354666
1576.764232
988.465043
2018.612831
589.271667
934.395000
1022.969789
-231.309251
1588.522170
1625.674978
1184.293196
956.960779
1406.281845
428.986660
480.630696
904.392375
159.089901
489.888440
1020.294705
71.236443
934.582076
929.773099
1321.883144
1706.825497
266.574760
1662.185053
1045.831937
676.940942
1131.362184
617.930133
417.179377
916.207380
911.804892
632.839521
564.800534
-112.170876
1281.046990
1981.416219
2071.828784
1078.555226
1607.896126
2027.466025
390.765890
508.150412
1468.393932
2332.004743
1141.102871
-28.006997
717.397578
1048.118188
552.143263
1676.723053
331.372025
954.753972
804.999112
1556.084806
982.590608
1458.559661
2446.134603
1228.950992
1256.187273
1610.099399
1003.576529
-6.012136
1526.587724
44.230826
788.536158
1150.761021
1268.431744
563.844777
177.591738
1312.426412
1002.456427
1906.175655
792.390897
1024.813479
1215.518602
485.093110
2060.030193
887.414888
529.697338
1484.325309
1058.399565
157.148490
580.849081
1041.781116
205.618531
77.874980
300.822702
1537.245901
1154.864058
548.911150
1995.058875
570.356413
905.582147
2007.826760
124.886876
1281.527957
845.573262
1160.503341
2.978318
2397.777549
1033.250292
734.209191
809.889588
1559.454067
505.351169
1844.670785
1061.168209
419.327742
224.826430
1388.544057
730.514127
1812.340955
1391.105653
98.978774
452.785800
786.914379
1346.196801
444.513176
1531.018050
739.336006
259.847043
1250.095739
1377.462599
1861.402902
1250.755085
989.787619
2039.948484
740.168463
677.459513
-204.285395
1965.949953
-173.511347
817.067531
335.249658
881.844496
1630.677695
1516.079657
1213.836659
2471.982942
479.275795
1480.167398
371.848780
-817.564966
-189.869318
931.725320
994.493328
1252.359942
880.144712
1309.834247
997.456939
1162.455707
1253.202959
1206.210483
852.537082
1452.608684
1187.998149
1726.810303
576.041597
1238.967108
2004.119339
669.440699
1618.927521
441.314892
1274.550712
678.678730
257.272911
776.679073
-303.204609
986.716272
546.899618
734.385771
2160.160625
1401.470658
950.359329
388.056230
565.219496
1075.314230
1028.462730
-103.957625
414.036330
523.763286
226.156992
2157.307772
1469.856971
1102.476505
1381.824605
784.100800
666.337683
1119.249388
1455.624789
552.974790
1117.928995
1200.189936
-114.366165
1745.965526
1078.603514
1202.524591
1090.791241
1184.522670
515.430690
1017.428324
1211.352457
-186.978413
636.273406
788.304636
559.534517
181.791950
797.694542
159.807522
972.997200
1094.676401
1791.864004
1059.734150
1351.037319
660.656996
658.020259
1550.737984
925.734801
1255.700707
1621.652953
1955.478233
902.288776
278.291551
1517.180524
1629.728401
751.333296
1443.914335
-125.332705
874.651185
1468.824665
19.493020
1167.979392
660.620767
1408.342190
767.957476
1093.958790
174.575739
1700.236142
-85.679741
706.926578
1507.641027
1205.847595
617.923313
996.230399
813.959977
1414.114038
509.044369
535.138855
1159.652198
736.482136
1041.954781
601.809918
1688.485005
836.421756
397.243218
1212.966219
486.113267
1479.799862
1405.628625
1509.396888
1158.848033
877.848062
-201.735516
878.214686
935.639835
1481.023341
1527.666400
-281.946478
1115.102114
538.329947
789.671074
802.836596
988.690196
1068.093215
771.981642
1486.361399
1015.959674
1533.361553
2109.819284
52.581888
1587.392835
962.830211
698.753155
699.564197
1309.318258
1774.377858
803.539661
1039.723580
2261.028210
305.071171
762.479987
611.455484
1175.906538
668.900049
661.743044
1279.815379
324.217975
1049.241315
1266.633990
650.162535
679.660070
1482.403720
102.598215
852.921543
2107.586963
414.723307
636.249229
955.793079
725.916467
1399.741468
1552.660854
1669.944034
528.500232
948.164130
1326.186443
-404.883933
210.104828
453.822900
1706.323693
395.693308
512.902990
1135.768689
146.348765
1071.593515
1193.752281
-175.755309
690.694366
551.052793
460.349758
1637.527927
1161.008849
709.664553
495.433574
756.002849
803.590711
2600.060061
572.758609
565.828538
975.185145
1620.965750
1738.569472
1345.426283
1531.808383
951.190887
1595.498447
1086.920704
1529.003418
286.380599
850.032257
930.011312
262.682666
219.063124
1398.525568
1247.952838
1510.508148
1620.169003
1489.351288
2081.413736
1524.246474
1419.000881
906.380740
534.357867
2382.504420
-34.223637
809.088087
670.963838
348.880782
827.904097
1107.840729
1273.772333
1053.594086
1048.773317
530.291649
780.475242
864.573711
2258.523619
1096.401520
1073.985331
1216.609987
472.363188
1496.553561
646.844733
1260.698350
918.965728
1087.844672
876.993370
782.699230
363.957937
1940.550196
2436.927930
1173.713158
167.037375
1399.666885
605.691738
963.726905
1264.245725
1411.928446
280.828798
1465.435762
1595.511914
1132.944672
491.130789
1886.861376
1088.634982
462.958817
517.531262
1758.326613
248.577291
6.928293
1123.814877
1293.138955
1342.619962
1046.395371
-263.802727
146.111917
663.708724
586.009964
1609.683924
1599.195069
854.196500
1762.952090
1454.161190
1138.279780
1071.035611
-329.867811
1445.424858
1479.842006
1513.944253
615.492148
795.653018
1693.375927
386.295614
361.540309
337.788342
687.658670
1428.975469
1080.752697
1692.951768
916.249548
768.961127
732.296541
1472.937731
1112.757112
1322.742239
1548.947486
-249.400524
1411.495767
897.164199
1061.896579
1505.236906
752.916435
837.144697
1360.908996
1443.100938
511.537108
642.432280
366.845466
2312.815823
1076.700706
892.074435
1009.861966
654.239416
1818.544902
1197.453495
1051.394004
1313.410096
1710.304970
743.820753
443.625130
1230.239122
1286.467930
1533.897943
885.765589
1348.441146
1513.850733
1223.979753
1182.886840
412.978127
309.453918
1272.505221
1480.758903
247.426853
448.140590
1740.992396
492.545902
445.375287
723.830808
1780.837785
631.383057
207.990632
1074.336578
313.757335
1428.326249
770.500886
984.662782
1207.039729
1393.560891
1523.701555
84.050391
-457.077653
948.417973
1624.333495
2000.433132
1473.174524
367.869749
1181.264587
1754.683199
266.543039
569.965362
339.505348
1125.471753
1191.154900
750.100670
553.544406
1789.475853
966.725704
974.759047
-519.283276
1560.623860
1474.576388
1139.499671
854.601493
469.969434
673.231364
1605.627615
1289.187365
-154.197720
66.039397
725.489648
900.601518
865.431546
788.832647
814.507645
470.862313
1768.836867
1866.643319
935.503143
1018.804164
1324.893422
1660.564748
818.290025