1092.654045
1089.419791
1125.725036
1119.862567
1369.357413
688.692962
1249.328017
995.501216
1228.499706
1135.619850
1098.245360
1125.526782
824.826415
1052.043489
902.719520
981.288054
757.362953
843.449903
961.671937
826.218651
865.885270
1007.715052
929.166002
1101.777273
1016.228038
1066.568115
1131.639081
1026.643409
1148.066431
1073.312627
1080.965010
1028.482805
996.057169
849.467749
771.702628
1341.501511
749.059461
1167.444226
686.652629
1115.525322
1011.282984
903.714446
984.690425
936.014501
1090.142042
1199.160282
1288.774015
1024.697977
1025.151942
817.541413
901.550270
1061.133716
1226.150280
948.578927
1117.462355
990.061208
872.219010
1253.245804
1107.895139
1125.427762
1033.144810
1078.961364
992.738419
1091.331057
809.906016
1156.672983
961.909844
898.520429
657.796284
965.824277
856.472500
1010.342600
883.921770
788.232106
682.662738
914.741883
1009.182812
938.401477
963.521151
852.125452
952.906821
1183.402875
807.799978
1224.122220
1126.521748
720.228949
1148.851426
965.575991
1065.889724
1036.142317
920.384467
1130.176294
979.289441
813.901791
819.443317
1127.160773
950.725275
966.985771
807.630528
750.980848
933.222832
813.355773
956.119228
1109.826629
843.147944
1070.039853
1229.301897
804.072049
1085.252944
880.104673
1061.631867
800.347851
894.871584
982.852935
1624.748527
945.106901
1113.794859
1018.826673
986.495927
1076.046141
768.742590
829.708250
1028.363339
809.528109
1179.321576
1007.698660
710.700432
1003.692243
1427.618218
936.420232
803.876363
896.627121
1053.893722
974.613978
1118.313027
1015.159788
727.649810
1135.636785
928.814541
910.983441
848.483408
1232.228234
1224.784063
870.498756
1131.605929
604.425946
1127.070586
988.095514
978.159128
929.576108
1013.994758
953.699950
1030.438097
823.181222
1122.849045
1061.330832
965.887791
922.897307
797.174213
895.556149
910.378709
1227.686149
1086.035981
941.336075
1114.223644
862.813540
1018.514057
1016.216107
1135.171351
851.673153
938.003348
957.822353
1030.264851
1031.583357
1182.310574
981.928674
1068.778271
940.336725
1137.661472
722.949636
733.240000
802.642028
1092.104036
923.241138
1073.821359
899.295667
1110.179999
1168.753592
954.438269
1114.456714
1230.314281
1083.973922
1111.390293
545.282812
893.974057
1206.245582
1074.367277
1236.481546
804.362750
956.701386
793.030825
975.632926
817.853187
1079.750556
853.621493
1032.647878
983.357171
1072.300355
842.295770
1227.123294
1096.922341
1158.649707
1054.683529
782.545966
1135.754241
1012.999455
1007.691725
876.966885
899.253795
957.725494
986.075787
936.893176
947.155933
1169.108875
1151.802296
935.099251
1180.518573
861.919790
686.538871
1124.942262
1060.706346
994.071078
817.618090
1082.458815
1023.759360
1145.409416
949.924105
921.210846
1058.637033
876.279230
1034.911738
1023.639828
529.749753
1114.944275
1058.623294
963.098058
996.410046
1210.918373
873.376482
1097.939487
823.167774
612.290845
1198.820777
952.916191
812.511409
1311.405570
1166.877565
1031.212186
1131.972157
744.616797
1194.215759
1114.827755
1149.566612
939.985695
1226.402176
1001.681288
830.775354
1033.485448
907.181619
904.841575
1084.093733
1029.492461
1280.735196
969.876833
825.332405
1121.242270
761.640634
1390.203594
938.538711
763.511974
829.674384
811.636298
1117.712410
1188.787240
990.343475
1224.737271
940.451645
996.408993
813.174212
1237.746922
1252.246983
906.720641
1142.827422
668.163230
791.214071
777.913068
1141.452656
556.539711
1065.957871
1022.325424
805.394868
867.983216
962.989690
874.033363
850.708406
827.557515
1175.998422
1092.820491
1145.446836
1030.142730
1084.275969
979.059715
1076.060895
628.436243
1174.305961
1258.052958
801.043379
876.796878
1256.581967
866.390582
1082.021662
1097.832004
682.745878
1071.081448
1125.766061
1000.808541
767.715777
1295.806243
749.395435
834.996666
1004.235213
1091.943066
904.363579
976.990413
967.082791
1027.075089
934.901971
627.712826
937.241630
914.608144
1095.268005
906.051786
951.254650
1016.673434
1035.685729
991.008847
820.562837
1008.730061
1167.995342
796.982342
922.923534
997.736270
1063.200333
1069.479132
927.547012
805.692773
925.767609
882.953587
1082.615005
1186.748204
1398.832854
1164.953403
997.277771
1318.949810
1095.918078
1144.171005
994.367113
917.519537
958.340284
1180.599171
799.849885
954.784052
1157.814457
1162.095650
1034.862290
1043.493738
1268.600082
737.675254
986.553125
879.530889
1002.147915
1109.397083
751.673153
1200.341504
1035.622635
741.609153
953.917144
1205.936323
756.831153
1069.616033
903.990125
981.828980
864.024804
1318.167058
1026.428223
951.444103
987.855435
957.412318
1082.947099
1063.709390
1192.997897
1227.639777
930.878085
1084.449480
863.269648
1132.937009
928.039264
1084.662409
798.142346
588.385768
1010.974699
971.455761
990.727636
920.098557
1312.352341
1052.517652
1007.331058
1026.978315
881.994635
988.350596
1090.181314
1152.785531
844.285569
945.291765
906.205346
783.721182
1148.233633
892.545422
939.223237
1113.565116
1069.122056
1274.474946
789.799699
1041.967349
1149.041607
1355.049233
822.577803
1438.414326
1197.550348
1229.547912
906.709308
922.453252
1116.337502
805.569271
694.338955
1108.943945
726.038767
1011.831186
1124.522281
969.190295
1228.977819
1045.508851
833.153600
1198.286173
1021.902510
1182.240139
1239.294554
994.955934
1239.272068
1188.417099
948.782013
710.796353
878.318091
881.499395
1180.741892
1150.867842
787.204302
1015.132140
767.913040
839.060655
1147.552048
937.471093
1348.082318
975.967286
852.654756
815.240042
1322.341403
1322.819247
966.713695
1056.595726
876.083867
865.980792
1138.106534
956.609922
1213.276792
1040.766470
1011.853375
795.619150
1033.063072
873.971838
838.393070
952.125103
881.025594
1208.382767
1069.299956
1089.222674
1274.775851
1086.101000
1102.230380
882.671444
1087.984441
994.513020
820.141112
835.964576
841.485829
959.936794
926.167266
933.987486
946.649000
1167.946291
1197.643437
1018.860099
949.798252
1052.714570
900.739376
1080.334364
1008.078642
963.188219
1118.078089
892.175870
1136.375827
1083.721036
1068.254533
756.558149
911.721508
1223.491983
846.660000
1110.357771
1060.413539
1073.897544
651.092226
1051.713173
1181.202316
875.015982
745.621595
948.018520
730.960814
1012.443816
1172.280429
1041.564092
819.749592
817.761851
1004.044263
869.936879
1082.692734
942.695396
1037.354893
838.434868
949.791370
828.778313
1293.257393
1156.866319
1006.149272
944.496349
1364.393156
945.634924
905.088862
982.765695
1066.991328
1007.751575
1025.311007
1313.167464
1097.310761
924.206642
1064.916884
964.918643
1101.640428
877.111567
1214.212440
1181.659352
879.870912
813.022107
1008.697115
924.680678
804.613050
1218.747405
741.202210
1190.545497
1040.438598
1059.816621
640.162088
1131.192973
959.441314
924.507849
1211.338160
1154.783276
1167.905870
813.907495
977.293558
1105.563128
1036.319697
697.518961
1180.700759
1228.899935
1027.938669
901.446775
789.966005
1155.249786
1134.362882
979.925388
722.288400
940.555563
886.701940
999.069203
890.027843
933.581193
783.603015
1010.286848
1068.865966
922.099637
907.917881
1224.659578
876.756314
1182.232602
880.661611
686.359640
966.880843
893.043773
1130.163480
1285.262070
1042.164953
731.156805
750.293102
905.274975
1424.821545
1070.204101
635.633913
928.990092
1168.102635
1236.293035
1006.635832
1081.435250
1112.440516
990.362501
920.291468
681.022905
420.846087
942.298101
677.795349
769.089499
1203.133872
907.794619
1024.270366
945.083335
1359.595426
1010.257389
1391.221006
752.836323
1207.108704
731.735265
1205.001239
958.808084
1306.517134
1009.460865
893.382471
807.974635
777.424253
1104.591557
914.130291
1077.890307
973.360551
778.687537
1313.387021
1071.038170
989.590958
1225.884678
1092.260262
1012.202047
1082.684222
906.677231
1252.306461
1247.927810
1153.811800
1059.757811
1122.135579
983.656108
1154.295936
1367.321144
1007.934268
996.062929
996.052354
1071.928917
1232.891535
947.063248
1110.781798
1196.197672
854.149562
858.660825
914.014856
1060.311587
1066.846985
1022.013144
1010.723318
774.570057
872.338480
1155.930500
923.610007
1109.201361
849.961697
1049.145957
732.356689
1010.285965
1108.791354
1093.900676
960.993963
1007.587916
1211.813577
1028.722925
1203.123349
1278.888831
1049.956402
1109.007421
1174.163019
878.587489
1132.029454
997.211325
1049.737327
874.172450
994.499712
539.504460
1176.015979
1492.002960
1120.516306
890.209524
1177.507566
1017.407265
604.425951
1082.967955
972.491770
1013.343955
965.551302
1338.554264
807.516131
998.485342
1160.670466
789.572036
624.416343
969.217740
1154.743779
895.924346
880.873846
858.943780
1015.309675
1160.527657
894.765237
830.125092
1221.486698
1056.224493
834.878827
1239.536421
911.740885
1147.253399
917.923460
843.071397
960.156239
1255.663600
1068.458704
773.123182
996.794772
959.128750
944.027727
1020.085275
917.194575
872.241439
1015.174654
1112.978579
1034.945014
804.185619
928.840195
976.998930
961.748963
1296.764953
965.241614
1004.162043
987.576482
1015.709435
938.234354
953.423019
951.404676
776.176862
873.882396
1195.270013
1033.218447
532.129901
991.323073
1207.093103
843.990919
903.807163
1051.104800
949.299976
833.359877
1104.259822
703.524408
640.598870
791.756139
1068.063823
1250.057806
1100.964837
925.760673
1014.876778
899.417432
820.362177
915.382892
951.703967
867.293902
886.583209
821.441140
961.025361
1121.074333
797.014773
851.993512
825.538461
868.186240
833.837570
1159.310972
978.042004
985.539048
1255.430466
959.431433
869.026308
1299.961003
1123.444812
740.028267
811.299638
987.947988
1165.552187
739.334367
911.700836
832.664696
1143.168522
1120.079508
881.485848
1228.831858
1090.450331
1142.293351
823.589121
980.446978
944.234699
815.290546
904.976808
971.297015
1180.662347
1351.567651
1196.869887
1030.522769
910.283128
1041.911648
1203.827455
1075.002939
910.597293
779.752536
725.059051
1070.466904
1048.110709
1012.465420
721.387477
1052.888289
881.103992
1081.123348
1172.475146
886.331763
1086.345106
973.765367
855.856980
1253.111581
891.815709
974.552557
1321.735473
725.003849
1108.027142
887.311390
1164.061578
1030.955276
1125.774853
945.465054
1011.961596
892.986952
1176.529199
1148.223122
1142.587022
944.865603
1045.089846
880.868316
983.083111
1051.037514
1079.035140
785.906922
1060.572884
929.911660
929.006098
996.604536
1075.078491
959.918560
767.328102
1046.409652
814.461025
880.223616
894.741270
991.889105
1182.357211
737.339843
1296.920288
1153.244034
1036.965636
1113.936977
1102.111348
954.820138
999.357074
842.072196
931.740418
1281.593429
923.705148
1330.965811
1079.698613
851.847601
829.260269
1027.272344
781.221108
847.792460
1245.315263
1107.114044
941.129697
1123.587745
1127.732437
1122.896160
1084.515008
1333.863729
997.515770
1025.071630
927.235705
1148.745009
1237.099857
808.579098
961.127195
1208.238435
1096.321085
1127.978773
919.324198
850.617200
1442.620216
1107.660810
1193.142071
769.544606
976.632284
916.631336
1300.735811
998.910777
991.947035
867.076330
853.222157
1088.215427
1115.517234
1046.766506
798.916076
1098.954391
1456.433871
812.692301
888.287851
1179.805776
1039.436827
924.354650
962.261385
920.619973
785.891884
792.073754
1012.829089
819.796985
731.838458
876.168993
884.464864
923.202734
1306.268394
1010.143278
830.781009
1011.940353
885.573290
1289.062170
835.471120
1136.036920
852.403108
918.946209
1223.104635
851.719307
1037.090167
1000.677120
1162.320842
1020.067320
1168.934389
731.226309
825.377361
828.618844
796.915309
1228.655148
949.569400
1157.302531
1060.785563
1171.458433
1101.088020
856.397569
1157.094635