737.673916
1249.921992
1276.051154
1450.492731
820.487397
942.557561
1166.170955
860.349512
824.703040
737.309732
902.635074
1069.434535
706.921245
806.481878
856.032101
967.780760
546.268219
1324.291181
927.344444
1199.412811
823.314018
902.523408
847.877849
890.135265
1370.427302
594.274475
599.818848
1491.504003
662.259754
1320.585694
1105.657328
1253.385287
1551.009259
1438.042639
1014.302529
1385.627457
729.994537
1137.303558
692.206914
802.461050
1815.200583
1009.907233
657.683008
1313.998779
1339.662153
281.191306
650.488460
609.884768
1421.811625
547.352213
1159.736471
945.217715
1109.666139
700.792311
383.973587
631.348897
704.500555
1205.090225
757.820866
887.418011
735.735730
988.628331
1068.336492
1004.357255
1077.815260
903.715422
979.074699
1156.387173
1036.538866
1400.985680
350.433591
947.795772
920.631613
1025.023234
1200.438435
1156.749297
1747.891294
1191.896602
795.581881
1228.914329
599.219971
1060.511069
844.243223
588.966365
1074.464786
1256.711218
1327.322501
1181.540999
1123.332491
1493.149133
733.296412
811.916538
1393.676241
306.205532
1031.573477
1170.711914
809.269755
1003.157608
975.319384
947.263733
991.708073
1433.652055
893.771556
1178.653478
1203.578547
1178.063024
1187.133805
376.672562
556.748261
936.216387
782.597360
1172.003424
1331.639272
724.403878
788.097324
952.332618
923.575695
1071.366327
740.201972
1204.127136
737.427796
1198.775624
904.938511
787.984450
767.466275
1326.033214
1011.403335
1474.506800
1522.167148
698.010777
771.080899
1020.411841
1232.780523
490.343608
991.188836
1466.206719
1332.247539
1147.271312
1449.919719
912.570607
1259.347437
756.653315
762.108661
1061.602869
480.393087
1207.396243
1007.627476
1236.620690
650.145484
1135.961915
1411.089525
1028.875510
1222.195336
982.586069
944.415871
1157.937230
698.907628
1151.445156
936.897925
1070.093768
1226.906902
1111.424101
1131.943062
762.393465
1023.914351
862.563497
342.147198
962.744179
1164.537211
1013.173592
1147.888278
782.667478
888.117665
710.125638
1252.693551
780.123519
1006.141732
668.804299
814.320297
1336.229830
1093.541240
1227.184076
824.324450
193.427962
1193.248164
883.353171
1022.054165
511.824680
958.455895
1055.413569
935.522811
949.840366
1362.361281
1271.293692
982.793198
460.220281
1325.588149
1005.950578
1505.896473
1107.255917
704.953705
882.021852
729.632685
1311.162804
1008.658250
1260.058071
1153.799272
1253.849915
1053.884489
1119.764705
1186.742444
1106.515135
992.181923
1381.326707
1152.754752
945.701263
871.234383
930.028054
272.694585
757.403545
581.034129
709.898402
940.332272
1015.173182
587.575799
973.249346
1360.682599
1351.132889
578.358567
1310.359900
1048.262846
1470.910491
1034.111515
1008.101646
1216.911310
696.392869
953.346152
1092.265710
985.161670
624.028147
880.373110
1255.031449
543.778904
298.919816
771.043550
906.799860
1143.843292
615.595444
717.563027
942.319117
1092.891461
951.655611
648.184570
1057.453790
1255.978924
645.674518
854.821547
1003.178752
1036.034318
995.075365
858.966655
958.418578
1444.805842
1139.151619
597.060874
912.449086
966.238535
1307.063130
895.443900
1095.742485
1117.685625
947.505283
891.430871
1400.804339
1115.228339
1098.487376
858.686562
897.707941
1166.291853
420.377866
898.215982
1034.703214
976.966934
924.649567
755.799316
1444.599717
654.752086
1041.100357
1372.070721
1370.508853
1018.157046
1188.855673
1137.992306
558.342019
1713.568377
1234.300301
868.480169
1162.014184
1448.237694
1028.084031
890.743156
713.306161
801.479083
649.987720
698.665903
612.923955
869.205180
1411.438830
1120.171832
1014.634304
1455.028278
534.036653
1137.523398
1135.783694
967.813438
988.754771
1071.924742
991.907262
1336.754411
588.489116
958.218508
739.758912
1112.171589
928.128455
1140.782857
1099.518923
1170.417832
399.986567
1091.043923
1076.125768
1345.138770
903.799858
1042.549464
1174.476188
1058.167076
710.206859
1350.560847
434.776011
637.005536
602.421234
856.502982
716.803045
800.817344
1201.581771
1067.040077
1002.726804
1402.222899
859.975278
857.467916
795.336514
1173.610460
888.751418
1196.113007
1391.204951
1050.531856
1076.432716
1186.311427
1241.763494
1061.620290
1287.514362
700.602635
1199.077045
948.236260
1013.559072
738.872009
894.719355
842.904913
930.888184
1076.633597
1277.098775
969.193235
1004.550561
1170.754992
872.138360
572.977787
1920.839846
465.025814
1280.774216
338.259213
947.981076
1275.360340
985.224020
1077.803225
1131.785577
1328.600253
1164.594151
1001.313654
872.890128
865.978204
1166.314486
1144.189317
1120.541466
1569.645186
1207.290878
1070.943262
1249.590827
1161.017828
1172.978021
1145.365483
522.571517
1099.420074
945.062091
1445.343001
461.552910
985.593280
1405.432913
1225.729048
1430.668715
1220.335834
666.012710
911.677969
1055.083139
1288.461902
990.201529
934.700163
1190.827550
890.490962
1202.438455
1305.921289
763.307171
753.475098
899.133915
1396.209730
854.008420
1003.713143
932.897400
1034.717144
1248.343901
1169.441322
892.516690
1116.929096
1270.292817
974.657073
1351.838089
546.884229
901.896328
870.097193
78.791749
1114.960125
789.628978
1079.833489
820.593085
756.445762
665.704469
948.008741
682.231868
488.512887
1529.376110
1002.252307
1222.434496
1153.155469
967.694209
896.706609
858.471088
1182.195706
1226.939415
1398.424049
1570.402664
740.558519
741.134218
662.525073
1187.884342
1337.073713
865.370826
962.746671
802.475669
1151.371272
725.958674
1081.003923
998.361379
677.826925
963.685388
1240.287361
1287.716836
698.116547
947.167383
1098.087867
951.036403
692.361854
1219.858446
1263.484293
556.209540
894.456255
482.285224
1017.446362
1260.796915
676.403158
549.524847
924.109789
1062.875250
883.136830
990.740902
851.122112
882.474309
820.385438
516.935463
986.461348
1454.434487
1320.203340
1038.839887
1197.287012
1090.037645
868.227694
1181.151080
836.680244
896.369259
1118.343909
1256.816670
669.255572
1175.752516
915.215422
1249.060113
1306.889491
899.318710
1086.430077
1259.749189
702.090145
1163.945050
889.550814
731.254199
779.803110
1238.796338
385.938781
235.774682
1127.956550
1287.283012
1138.711660
1154.067424
669.321192
901.905673
638.961680
956.716899
1336.554505
664.523384
1126.864112
1050.855169
1119.497715
889.315925
901.113204
1029.918421
1232.733369
877.923732
919.009617
1292.013390
1421.457413
984.005123
635.043556
683.801226
657.720993
398.545666
1156.587348
663.972880
808.158475
955.459501
1416.108904
1373.919708
1198.322503
1370.306395
1384.596229
1315.521259
1164.791600
1082.965208
1080.651276
642.708612
1374.317873
624.112790
1158.175338
1308.755799
1075.344022
1045.884890
952.442609
554.412258
1389.965687
724.523422
983.798523
972.240189
930.117919
1212.705357
1012.901378
992.163038
1188.281417
977.953639
1058.064198
689.741990
1225.148324
1203.982448
1425.710393
1232.398849
1389.544577
1077.801745
1125.467507
968.390424
1288.482280
1246.373930
637.455607
938.560842
641.903457
1052.234210
752.790714
1426.593252
1375.167140
1468.116673
813.112821
1032.588539
702.129348
566.386665
749.744573
1633.196593
1101.018297
558.154013
499.559679
1234.206343
748.924377
1321.778287
970.271017
618.572667
894.917601
873.599232
700.050660
1084.054276
811.056335
928.725139
710.564073
638.138303
547.719686
896.993378
755.483022
381.408690
1095.110880
701.932241
1073.181695
1478.704293
1211.712206
929.504057
1496.916412
1027.105132
1288.996521
800.829389
1085.668984
1195.183006
1446.490945
582.504487
1463.652998
1040.699461
848.932506
1393.189699
1311.616502
1049.675704
1287.334871
1124.955526
819.356900
535.850652
874.144006
1423.799758
1080.076811
1587.022881
1367.386754
1144.240110
1496.732731
1023.426399
782.526643
866.023801
681.038021
763.745642
816.101992
935.920376
836.547733
898.391781
910.101588
923.304151
406.290353
660.560628
1094.891898
1294.570644
885.486134
1061.995151
854.239786
607.712207
1053.545937
1337.621110
1433.075848
1573.849363
1036.492517
1158.357976
830.358182
1281.370910
1180.807058
858.780859
1405.471879
750.282957
1288.390379
1159.757111
333.957552
1294.738849
656.265249
517.677909
944.097366
802.071675
903.276015
1046.729129
588.127222
1408.773726
1153.603944
1129.936352
1206.816903
950.769972
1008.406921
1098.103435
1259.698087
1285.917097
732.344064
833.933150
727.238019
1597.962891
740.240371
1257.001123
694.924715
646.907628
870.079155
918.965510
1124.278270
933.916377
1149.096258
1267.708215
791.511631
317.870880
1119.499992
885.097426
1063.389493
1286.994772
1356.981828
609.290064
1501.617928
847.619293
1520.502581
1199.596956
1105.887560
639.665096
1111.108711
937.722244
1166.188663
498.573742
1056.920083
1449.370865
684.638170
896.081856
26.020567
1167.244843
658.341359
917.142094
1125.837393
926.227938
797.820603
1009.833438
1089.615406
758.572188
1146.758999
1063.785102
665.108269
609.350903
1007.276608
1486.259043
934.550529
868.119261
521.416139
478.423173
1011.623512
964.162323
619.761797
1187.592967
1084.988529
819.537523
971.222069
1423.849085
1263.096370
877.095316
1189.784945
1079.274296
982.235330
612.663862
1058.541132
1324.424765
803.220306
1019.118744
488.106517
531.760270
1272.696801
1250.700127
613.473640
714.633639
1114.834770
1148.524407
889.966497
795.061095
955.847751
1150.175972
1063.223265
650.762493
1374.300810
1241.526301
678.172760
661.028860
441.550537
1291.266046
1251.147559
1094.606788
1070.274691
1199.115480
813.364089
943.938946
1226.617522
1437.541508
178.973971
870.065362
1010.378998
519.693083
1046.319977
791.098896
1162.424172
946.438285
1010.263234
1019.710506
369.822089
1219.364855
545.322766
1119.260616
408.404364
882.126993
859.104328
1602.260333
924.710081
750.138391
671.406216
661.600457
1021.603351
1136.370116
853.179885
1219.604439
1349.866406
1173.399441
1212.171069
1239.168858
1033.089438
1238.741861
718.769188
467.871719
1124.720861
1356.353573
780.457737
1230.356496
1007.585940
1181.820612
833.378447
656.284287
643.470847
580.402530
578.273605
707.051213
961.340716
972.987164
885.301729
1012.396546
923.783012
1153.808933
1100.387133
1195.898905
795.390487
840.637725
744.060445
1079.551201
778.142366
334.236601
1092.181456
1017.993288
441.320556
1364.611471
1167.874380
1197.404665
986.620101
898.840053
1026.930920
1415.525864
1002.850817
628.660775
689.394480
634.382514
501.892040
1062.322119
1387.467506
1120.032114
1064.857793
699.506717
1266.273313
1076.756919
900.872663
1054.879506
1126.024540
1633.787384
859.223060
993.622162
869.152644
849.495511
1137.257520
1071.001876
957.602281
820.217758
1108.611629
1462.120199
1052.770195
1444.129641
1139.205248
566.088423
500.162425
961.934659
588.854257
881.582839
761.201311
973.915430
983.677631
1235.701955
1432.504497
517.815670
1357.461302
1153.416248
956.128394
984.506633
1229.559495
869.109307
848.221171
1358.727290
1162.276841
1155.024356
720.383903
1305.891735
926.728342
1273.770929
1547.408813
1016.264099
1046.821743
898.656704
1041.455079
1122.022286
791.476607
448.613474
949.046259
1095.825777
869.106360
972.484545
585.111084
1336.526181
923.341887
1112.751254
996.243539
1346.246179
1217.956008
1223.604562
1307.799635
1537.432037
1207.750619
668.831988
1017.026137
1082.856614
1394.973908
1050.939447
796.785315
1217.459275
1113.038271
1376.408962
667.071382
776.619660
616.344922
454.389615
1153.255577
1192.827117
880.656928
1014.864404
1028.649131
1323.463991
931.976484
1416.920663
1245.787083
827.389416
1582.555014
1073.977134
931.670992
952.470907
1133.038439
1336.635201
888.816274
1506.433308
1083.581667
958.700460
1052.516885
663.641210
1488.405166
1461.249997
1531.893396
857.856354
1472.683962
815.772611