1051.283092
1418.144362
1466.154665
890.686887
1100.255831
595.177614
1199.386837
629.805461
465.278492
929.388396
850.387355
951.649793
914.485118
629.616599
1610.044640
486.677976
1008.773307
1322.283210
736.037405
637.180133
1012.698588
894.653917
816.536632
776.410844
927.615720
372.766287
1522.388406
944.002695
769.418711
689.903119
1094.565225
1447.079674
833.701315
1014.156917
910.558376
1002.880401
1017.421898
590.526491
1444.990317
1227.636835
616.456071
918.992798
973.645511
1651.865095
774.276977
743.637861
1045.495802
1246.794053
1508.154555
1169.042743
989.517448
1021.722352
1256.273746
761.156370
1730.924251
827.278937
1295.637952
899.549385
869.270616
1280.762644
614.618768
1328.794075
626.265894
1371.474770
1016.647055
1509.789390
1026.809674
1175.507206
776.586172
1432.002062
1647.708965
1177.604211
959.931110
1388.542416
643.178197
1307.849116
1294.670658
618.961683
610.324038
824.488184
629.034588
1439.367762
878.643982
1042.108418
902.479404
825.814977
997.909647
1356.828996
1078.634424
1074.130544
822.371051
1049.214128
1067.233729
1517.278482
1366.267492
1391.862038
781.958922
948.434963
1301.303136
622.818346
1020.546634
1323.950875
395.395291
930.715524
887.475851
884.791114
1112.062396
813.719670
1202.027486
840.867694
740.762573
835.720625
648.040624
1321.326367
844.627277
1408.700318
784.301239
1022.438136
1295.110567
1224.294567
781.914505
941.028928
178.686339
1220.943116
937.598916
1126.230258
716.248581
1223.087353
1103.136635
970.159764
668.959572
1099.686620
1074.165018
1194.629780
1659.450007
944.747832
1590.727341
570.213864
1127.069883
921.536760
890.152057
832.702706
522.153482
293.338581
1085.475608
397.973953
1099.616335
1080.812269
626.719926
534.773553
882.691251
1151.695945
542.097991
1163.088491
798.651566
816.176654
962.024169
436.387973
1458.515921
357.423674
695.912228
1456.376545
964.688106
1034.946468
1173.443826
1244.453033
649.655175
1062.925439
622.414771
1429.428699
1033.233042
1281.551756
893.535954
905.354990
879.376271
389.788501
1460.038405
1173.277798
704.946306
1081.539290
1855.415945
1498.289409
1119.125205
1155.087570
762.847039
895.650954
1649.476176
1402.109568
641.908646
1272.885457
829.871656
796.348554
1170.450739
1102.695834
1156.661349
1421.275890
1232.063664
749.214990
595.555946
638.570838
515.483225
1178.491194
1245.227419
825.357266
1284.196358
1085.764084
519.422066
1201.824318
1391.808261
700.202663
1180.114643
1598.149313
623.414114
1840.305393
269.950790
1099.661925
1189.332177
751.078440
992.288455
955.986737
1356.003887
1448.653084
1085.861358
910.727677
1178.252957
1196.632292
1206.175724
677.829420
1115.507814
1108.776933
1199.043294
980.392124
871.541168
1246.781343
1236.285065
993.072426
867.852104
1162.360609
845.693325
1561.844027
310.581780
1644.769566
1009.220927
863.773894
463.615997
1165.750936
682.710359
588.575901
904.485004
603.404046
692.593969
866.101528
755.581679
686.057950
227.515024
1239.973895
941.457517
957.496752
207.016482
877.451198
928.688089
906.699663
1157.155395
968.130769
788.154892
753.482400
1211.017788
1243.184901
1480.928832
735.812807
778.922147
881.480887
1515.075515
674.793719
1284.464313
1167.718295
994.550192
1139.986323
905.347575
1368.334017
586.668541
807.702007
1343.745898
1155.162722
1455.293841
1186.595700
802.431801
837.340148
1216.294104
1005.963341
816.631450
574.928802
1472.824556
1635.749987
966.351744
1253.791800
1216.305842
1097.584624
1162.925405
1122.700539
478.433623
1092.892734
1058.487860
647.471777
1358.675228
1186.812594
780.052632
967.145228
887.935733
1216.217344
1171.291532
1304.134167
1336.810612
1140.411755
1447.578111
1123.768979
865.624154
835.327159
956.826424
1206.420986
1011.865862
1051.878565
1280.810808
1194.776051
850.787482
1076.895438
1079.339351
1239.124387
847.561897
1353.026899
1412.181775
1330.610229
675.833771
1179.992582
1222.504998
929.436955
668.414407
962.543621
802.968893
1290.658790
810.459028
1748.942688
618.326131
590.619565
1451.838746
882.746171
1021.180934
944.486631
1038.311213
970.385481
1023.941414
1019.156566
992.035401
1237.543896
1018.180781
1122.082092
963.572842
1276.968022
838.485893
1112.591435
1596.135050
1163.567625
929.733616
619.223378
1153.533323
974.957762
1164.912037
122.810543
848.280033
963.349153
560.973170
733.295847
1265.874433
1559.431117
803.894194
286.156771
1223.448927
1126.298412
1375.809275
412.095230
1659.819747
686.476292
694.190107
1446.007984
514.385248
385.952724
982.731303
1087.437745
682.523208
434.193576
1027.728893
698.344434
1007.856000
470.930047
629.922490
1135.423373
1198.554599
985.001712
721.078571
420.909515
983.386819
1026.687710
974.760951
1154.290893
1322.271760
1124.016129
1296.053291
246.673442
799.416872
548.314839
1040.703827
973.976428
1052.868429
593.753053
1063.007586
783.127304
575.521697
1429.105194
445.839922
862.362683
1414.040430
862.703736
845.795427
884.176420
808.071447
951.914199
861.095209
1315.959140
748.485976
559.239694
1057.578689
1300.188401
495.913255
1273.379733
869.932122
1034.061045
1149.659072
1136.695872
1281.785033
1342.474897
621.749292
1290.616088
1314.124319
806.540578
1037.696910
1049.141406
1557.824532
1422.931816
856.662495
1059.834946
1153.470134
653.886384
593.403078
1032.225914
1110.258428
1130.809193
883.976099
1323.562187
1360.255670
1072.639190
1140.438444
750.120019
1120.779868
973.103121
963.569524
776.247189
977.627612
442.222096
1326.267018
1041.503694
753.861438
636.950755
1043.195138
1230.287903
869.778750
1062.566240
1046.997604
1143.857408
959.161668
1101.677031
1119.426676
1123.751902
1052.924803
1243.280164
1063.260074
715.442333
1058.505117
1243.782752
707.153012
1226.125888
1126.910230
824.187317
820.520125
1219.521713
1111.278166
1013.859851
664.896693
1136.948964
694.850268
1066.493863
886.385038
994.991880
1085.904058
974.053513
595.315915
869.569094
1462.104517
1648.327495
1038.848695
1219.811957
1257.924200
592.855392
1126.245165
1313.245585
1283.855170
1177.645633
1066.918117
1099.774535
632.565367
818.881165
1112.406190
1177.146635
592.844689
882.851026
1078.139544
1547.784821
1452.874952
1200.500528
896.681897
919.601443
1013.495116
833.350727
636.890509
744.839272
840.641468
919.313777
1630.277492
1945.044765
863.271873
1345.056679
1415.399398
1047.003577
769.032052
772.529453
706.867618
1409.850016
785.423182
1327.277809
546.654284
1473.670368
1040.643316
857.372817
758.479346
1212.816673
624.096304
1005.006581
717.116366
1411.533359
1166.364221
418.174805
606.938005
545.311781
1289.211391
1349.947880
569.852850
1113.593925
654.066524
1242.939099
875.493547
1172.215371
931.202252
1449.385853
1349.854580
887.121617
1309.885431
423.242619
1353.909923
876.638451
661.896715
926.741252
120.246803
1148.649992
753.970580
782.096025
919.666129
929.614131
805.900966
1107.709091
907.916565
450.262484
1499.315769
830.619430
1158.604311
780.976740
639.655258
1208.770443
1337.253022
943.077594
1247.864383
1342.340896
1306.799124
806.673828
1056.622556
823.736761
1165.390477
838.639007
911.865703
1027.513980
1186.387375
1038.809767
1281.175869
1100.079171
431.554684
678.134589
848.187453
1268.541397
1025.309756
1587.757357
1263.597885
1302.848836
1433.539319
947.989643
1483.344056
1655.333355
1653.625128
1832.521154
1452.654083
1029.918950
842.592049
1098.977901
1267.054498
994.512759
561.343433
950.356710
1310.735715
1023.160077
881.853546
1070.672276
236.401730
1453.480503
641.454282
584.872571
1321.428522
1522.027802
862.135515
861.205405
252.433937
1090.355266
887.637958
1068.864996
750.925066
918.348499
634.746319
823.878768
774.881554
913.058920
647.078002
1198.660213
495.182029
885.099415
1093.571784
971.953390
1406.808346
1321.335753
1798.264212
862.965192
1235.313626
1274.030090
1568.834582
818.384189
890.859961
1136.487796
1041.528196
527.483798
577.816256
1162.219519
1190.719645
1164.478870
732.377146
1421.859408
748.539872
1067.664879
1560.546410
551.354194
1009.396772
1416.069654
582.679189
1213.138973
1047.206797
1341.054936
1131.156697
571.101830
1407.509234
1053.662794
1233.468682
837.450275
1033.393403
1039.880871
940.837319
403.067452
905.863554
1282.964091
1376.846357
1090.797437
863.862997
984.674017
1227.806067
1058.052736
1283.770709
690.065407
1613.053480
806.771838
1331.468829
1355.251329
1804.545105
1017.387516
1215.596541
1029.359827
599.556988
740.341534
950.388001
1096.248089
742.071011
1178.540505
943.678551
1205.303672
755.907910
1588.970973
1280.287199
1213.504227
1421.451658
1185.396184
1522.704873
42.389431
794.402652
1368.007037
792.335149
1263.640601
888.274795
385.627433
1036.094456
719.361408
509.292571
1194.045149
1085.432708
716.532158
803.177156
884.799463
1253.488104
1327.794569
1455.619553
1314.188716
979.635678
1148.623028
1494.194048
826.898051
1008.449344
606.056976
1011.881389
507.125719
1384.756135
931.881701
488.680630
928.408380
967.342189
665.316569
1314.857062
764.942750
1265.638548
1047.398572
358.439689
717.803677
1029.863424
860.882771
932.362933
1468.469867
376.955943
791.433225
1406.994890
683.963211
1441.245438
1543.767484
1338.908448
1296.521903
899.621751
1402.781893
1230.237252
1067.547118
871.176633
696.017095
871.343592
1103.061831
1545.650116
952.748825
1114.359597
692.614972
836.391812
814.731593
803.461185
1481.369762
809.386152
933.238034
1645.203234
1042.684185
1032.259134
1023.841939
1183.050067
1129.881354
1144.287115
729.647078
554.321038
806.558231
1155.858383
823.145434
1058.468391
752.572253
1161.342634
1044.928783
1037.275019
473.240816
1145.589023
1173.359946
1271.281580
1096.055029
711.953822
867.769664
1209.058031
1447.479367
834.222028
1041.638903
780.653850
992.062356
735.823793
1381.127400
1090.469963
747.465075
1198.054217
1263.413618
995.413385
816.343491
789.492806
1185.640077
1455.513607
837.674780
1164.325977
851.915187
2089.309266
1183.356772
819.235012
1199.351150
1365.627370
1186.908930
1085.474824
482.683527
1110.253946
1781.983721
1116.712451
1229.778287
730.844326
808.501424
860.832304
519.166328
1108.885400
889.501720
792.562051
574.873478
838.327336
778.878547
1111.757962
921.752767
1446.571535
1152.337737
1017.447481
487.233449
862.440867
924.238235
564.081916
898.689770
494.353862
621.853377
1877.747058
672.655761
993.082588
1437.433407
855.367933
942.392440
809.428231
860.701399
974.684700
940.302874
1490.131316
926.839142
1371.496082
779.477147
936.555371
1233.266613
503.689255
725.891068
1146.179599
1318.273514
1487.357581
1453.302654
727.751794
1035.190713
909.641032
824.505176
991.916330
1134.611898
1200.168228
1198.735365
1357.800669
367.582505
972.554123
993.929874
1446.927405
1000.337634
1322.253776
784.210542
1239.491634
1306.546197
1382.971106
535.619462
755.535899
851.635763
1664.560196
1189.452280
1420.866428
1129.529282
1305.409748
947.070571
984.518154
1265.884808
1405.912900
792.440409
948.191145
1007.188273
655.476592
697.825476
616.629708
658.799440
1022.418263
1485.842775
661.526716
1302.358713
1270.067566
766.247647
792.451847
867.823880
888.526397
1303.679967
962.853435
975.222719
1351.764374
539.861778
849.798900
1877.128694
1395.981634
905.426003
1027.912287
1141.072425
917.546784
1395.674233
1191.952928
1353.753587
934.958007
1549.194079
1011.526325
722.818878
965.414764
986.047575
1382.124344
632.079646
1265.115521
273.604666
959.118530
953.090013
1051.678082
1219.288756
933.288728
519.703753
648.826916
1027.897605
1228.315895
1080.552133
844.336670
1175.034010
1144.186935
648.093653
1326.050540
1345.331377
1115.161122
1010.671865
1333.104296
466.941570
557.738924
915.003140
984.349581
1163.869302
334.344028
1231.864619