1192.453887
959.820560
912.641186
1204.960555
1014.363894
984.361174
850.810337
1023.359380
849.289673
1078.370372
1245.051199
1108.000993
780.424534
903.993673
880.634252
1288.390935
855.730619
814.977256
881.240110
774.353557
1205.414737
1101.089734
844.045254
876.696479
924.567243
1107.119367
1070.186962
978.659494
1108.462105
859.156861
1010.399882
951.264640
967.152945
831.595390
892.062371
865.093249
1167.698853
993.654974
1063.217796
1018.228721
924.964255
792.669319
1061.469356
1183.790917
1096.623407
1253.490983
799.049354
1107.544676
1035.662112
1066.869572
816.207147
1169.397983
963.062306
1051.640450
1175.227041
934.949426
824.204409
959.285108
855.487255
730.090680
1378.175218
836.415510
892.194301
1243.002951
1018.957300
1159.648115
942.193300
1110.300936
1228.443536
1099.259624
928.483696
1225.688354
1049.599371
1066.228930
950.463133
943.244770
888.030696
1067.926369
1108.799062
1061.643851
1042.965594
1067.138241
940.964699
1127.152884
992.075698
1072.198579
1030.720123
1113.185973
630.450326
957.558838
725.240570
1218.061354
873.154697
1229.612846
888.723150
897.204498
1195.628063
972.043959
770.493424
1029.900305
951.665582
1172.618361
962.462076
1139.645500
971.483795
1029.708826
1254.464845
606.198858
865.050186
1126.583001
974.236825
1202.916970
979.817849
1058.424772
846.532072
1076.419627
1153.407673
1130.331655
998.649073
799.778168
927.642901
746.955539
1090.075768
1026.647752
932.219669
961.542329
1023.357802
982.930439
1127.556254
1023.329888
803.433306
879.791995
744.611067
977.840873
1031.157992
1046.842999
1064.182618
865.246524
962.186905
1066.054376
699.856711
1044.490551
1125.744644
1415.285243
1136.719280
1037.761207
905.362098
1289.304988
1104.098803
859.612313
816.529116
1139.666830
961.615675
820.742784
961.093897
866.925899
963.130958
962.915301
976.717872
880.418028
854.152816
1023.122616
1129.472278
970.462072
1206.803680
1214.069858
1009.969515
972.598271
1201.206743
1046.048493
989.426283
926.410131
1018.542699
1155.608927
1077.548160
817.907790
1032.696325
1114.178184
1093.720309
824.093849
1283.735913
1242.940686
872.707938
1048.255562
1220.306450
1052.000222
981.934238
1129.344990
850.500650
1099.111828
1110.605346
1095.300223
962.636288
986.401744
814.015872
759.807280
1018.043940
1079.870192
1228.211724
1086.998143
808.575917
1181.229714
1020.818814
848.868542
956.383529
942.741307
989.733500
903.944466
903.994732
861.766216
868.759683
650.279065
968.786900
1056.965680
1151.997561
926.436983
911.686642
951.010242
1022.792245
1114.739498
1114.406180
1017.231999
674.421059
926.273338
1087.597973
1294.338195
1127.182723
962.326020
1091.010106
1138.759181
890.481097
1213.512224
1181.557154
896.309813
737.412963
1010.359552
954.125234
1195.896131
1006.930809
925.970925
986.686471
941.931685
1073.246107
1106.674490
1049.672406
1291.336773
932.093006
836.613215
910.730046
1105.741740
1062.258321
927.039798
1104.807637
1226.572856
1164.538285
922.541110
796.065659
956.910422
1071.579870
1022.705380
968.265834
644.428691
650.335312
1117.802119
1056.661866
1086.517055
896.490507
968.993956
1219.832237
898.841907
942.890399
911.764924
1163.654425
1348.630844
874.675222
941.772385
1126.061406
1280.837178
871.742746
1259.457607
771.206832
1082.796259
940.772210
1136.456063
920.247889
873.325968
933.018689
1149.285168
860.890116
1100.016407
1150.196419
1068.243906
865.247309
998.855048
957.672050
1214.441800
1004.774656
1045.735099
1254.638361
1275.242813
846.500729
948.067300
889.876521
908.939262
893.169035
1059.701924
840.933294
794.310446
1199.431263
1081.053385
1204.760947
1031.187267
954.773818
954.900872
876.389895
972.320420
928.797959
1104.851415
1014.056091
914.151912
796.187905
940.874046
860.132913
1074.527043
942.338376
872.978139
748.603759
910.227308
857.550267
951.579882
1110.055300
1059.941295
1085.753964
819.000970
1016.323866
922.412138
1028.710649
1206.983879
909.575745
1152.781380
965.916815
1235.341457
834.727074
1171.230837
1110.412090
866.757115
1008.114718
1102.056835
1094.273042
799.748899
1288.128129
794.238988
890.627264
958.574247
953.027873
1028.034793
991.044951
815.787335
901.350645
988.857978
1084.450375
1051.470470
1247.880638
1018.457737
764.499001
1020.836746
1051.876096
877.266634
1165.514510
942.083432
1115.800552
1033.662426
997.178639
1083.094374
1359.724208
1036.425377
834.520032
465.600985
816.885145
1190.123143
1269.324197
899.313658
837.099256
1312.857076
1130.116652
956.328827
1096.710292
910.777432
884.027839
932.858389
773.839558
721.889608
1101.081219
938.773178
1199.296712
1021.749902
1211.456531
1305.420078
1142.260190
1116.515967
998.304884
1027.172608
1024.745925
1162.375303
1020.952421
1159.804778
792.933974
1084.434769
1036.158734
901.829216
927.557807
1297.668171
967.699206
1186.834854
912.360660
753.553520
782.736946
1012.397075
1008.310936
1191.914898
1018.319004
1044.473887
1062.095430
916.243644
1255.329048
871.080898
814.645942
905.078457
1142.931177
1214.739172
1047.297191
1094.907368
911.642274
1257.149249
957.820362
1270.871861
1113.209156
958.603118
955.844929
976.410253
1000.341463
1293.697767
841.280734
1127.146802
1242.537353
896.521848
893.841426
904.937099
901.802728
1061.875110
891.390629
1031.860524
1093.490632
1045.604661
755.071723
1073.733474
1056.569601
1010.690656
1001.077120
863.497010
740.331112
957.076558
822.606728
950.175335
725.319855
1102.876422
1024.761571
921.987671
1349.182927
781.601964
706.952732
1111.300905
1008.735092
1138.530458
1107.036343
1061.964531
787.467352
1166.246948
960.088755
1143.529398
930.966006
1179.203941
747.548523
904.852790
1112.198384
790.561663
934.866367
1153.158071
960.467246
1210.063855
890.446059
933.216049
1139.917741
1066.629222
1073.254487
976.426676
846.768442
1253.901534
1171.629493
1058.104033
971.408061
893.429430
1249.926559
1017.764745
1052.067636
1047.035379
983.410654
1122.673541
978.359313
1135.584265
1119.414075
825.293592
743.612366
959.846607
1131.108162
1013.846124
972.702333
1025.460854
1016.015261
899.265567
1029.062008
770.899492
1139.983607
1134.998887
940.757953
964.140537
1142.465686
1125.990793
945.641310
1131.182504
829.129168
978.820310
1126.274373
933.073491
1013.525502
1284.803485
1114.617955
1191.704320
912.888139
847.118630
725.376418
1003.560620
1268.353330
1002.783196
944.423606
1158.268713
1092.592387
1301.577607
920.450813
1015.045612
880.600557
719.114446
889.991767
993.590535
906.157462
1060.522769
993.661609
1149.455681
904.073581
1014.084768
863.446958
764.636454
821.425150
1082.639977
1116.291050
1204.969558
738.376725
1067.735039
898.479499
1067.175349
1164.957381
713.363932
956.607694
835.980916
902.618289
893.532158
957.325014
886.222852
1103.264312
948.351231
990.839312
1012.707298
884.555975
800.878733
967.084394
1224.493419
799.146304
1195.298248
1122.937388
910.705258
843.112250
1071.829437
1098.858328
976.340114
837.297157
888.354300
1078.773225
935.766184
1117.063836
1018.977891
1085.472177
1164.706259
957.825602
851.522489
946.452435
793.679074
748.777274
1151.144130
1054.003622
635.042411
966.607525
1093.185363
1326.171008
727.505813
1242.998173
1026.885004
1157.021356
968.335635
1083.085532
962.185092
1150.484109
1086.337008
1036.070684
1077.596289
1004.139437
503.568978
952.160876
1014.586729
871.934988
1109.711874
1051.029910
874.424283
1034.608526
1103.142124
940.629418
1158.488205
1121.660912
1166.964502
1121.089980
1152.518696
995.400806
894.204284
1115.941574
830.948830
1089.279965
1218.082419
1056.201006
859.615946
1099.466002
1037.740022
1154.231914
1175.650949
890.534170
928.176112
807.360708
1141.142075
948.815153
1009.705901
1168.676321
773.057833
1067.628407
1054.250855
1054.845440
1336.098137
1117.382590
1103.015478
1123.861021
996.356718
988.424948
884.410501
912.576160
883.661022
1085.851686
1183.383149
911.524174
1064.055808
973.403668
1092.650312
858.746127
982.301033
963.085359
966.125881
994.948463
869.658736
1340.382008
996.356723
1001.894534
946.692412
768.105153
981.223637
1197.777013
802.417799
1084.006262
918.927732
857.061207
968.709039
1139.928330
1051.560657
897.961302
1231.902992
1037.797435
886.526825
1075.285449
1188.747899
1017.135366
1387.762382
619.246515
1015.348245
1146.049472
891.296030
878.706490
1041.355889
985.734052
1037.463760
809.782038
1091.327499
1143.305471
1028.868915
1179.807767
962.929223
1043.293921
769.293455
1054.731732
701.763231
1068.172223
1125.433229
1200.293557
1017.276278
807.812604
948.314053
1108.429772
920.419564
810.901186
1002.072251
980.777339
1229.882105
1137.348687
1051.050023
995.455804
919.068413
1006.446725
970.984265
951.557642
881.436006
1062.140072
983.384736
748.679171
1052.567896
1308.683990
1006.557777
917.052079
1102.618386
1001.977725
952.313370
963.746838
1023.556872
1066.127309
1008.528902
906.861726
1080.796649
1064.475371
1178.158742
894.869850
1081.851924
824.328178
1007.312831
1134.213275
809.104784
1209.897976
1114.598577
1100.571725
977.937162
1148.376416
934.728854
1023.911481
1111.290000
869.233767
987.496349
916.396790
1134.707115
760.449289
876.618658
1260.768094
942.534545
878.855760
1193.321743
1008.744509
703.854799
1162.315630
1097.594924
1114.037263
1038.733967
1050.950139
955.522726
873.888252
1211.586041
938.123782
1204.349206
1046.408317
772.574794
853.209839
703.777837
961.010114
875.303972
1115.110422
1240.825306
1051.298905
1127.021012
770.313854
891.014853
1181.583496
699.463745
1028.714204
952.695686
1093.445860
1027.133660
1194.902956
878.969676
919.764533
920.248934
758.343895
972.835701
1052.097606
927.368468
919.194862
903.168715
897.051532
1190.603368
1133.491599
1208.943727
990.276763
1025.437170
1037.226838
983.367225
988.757099
992.549511
777.105654
999.272694
925.771222
1152.105098
900.098562
1232.242553
979.753583
1137.681348
851.977573
1148.271457
991.477467
1128.167552
1082.237450
904.224881
924.121633
1175.252323
978.559437
900.513144
912.381338
819.501317
1133.404702
1093.461388
809.401131
910.586701
943.245729
1024.104417
961.998102
1181.489911
929.905484
1174.267402
826.446677
1219.422873
835.359362
825.633689
889.502183
726.246828
948.417169
1133.132557
967.400356
1146.115678
949.241479
1068.013040
1016.246463
936.183518
1045.247240
940.425791
916.876904
975.313888
1227.365965
1050.857182
937.587898
963.346857
1089.839745
877.144922
1262.529719
1051.073898
955.911838
1142.597770
1053.240860
899.864758
1194.533859
1014.709951
1322.640105
1136.617719
814.584689
1182.779429
956.206872
967.800274
1057.168299
773.821572
1036.848635
1058.600357
998.031135
1086.522990
1012.287687
1185.702776
1039.599939
821.238084
938.927015
1045.531643
750.136730
709.530212
1030.994481
847.251818
1100.214579
938.448211
956.366266
870.826482
928.432480
1066.009571
1012.133829
1075.506073
1104.081594
1255.580917
1000.359774
1171.889830
1222.490009
910.664829
744.941575
960.460532
1018.081201
1037.944377
1185.404105
885.031628
1175.842108
1204.349178
886.731150
1117.123548
1122.446316
1008.692485
1008.571617
957.865903
1148.484077
763.672673
984.025801
961.457208
916.282630
971.438448
1210.613362
914.800731
1068.028325
950.240797
933.715117
733.176744
1008.188199
951.157321
1293.508162
1059.760029
882.284881
899.045917
804.639329
887.035033
1107.626291
1041.211241
708.868911
961.140823
1147.044779
1317.750789
840.054927
1052.133469
760.725506
934.006692
1326.130146
747.144372
1111.544948
1105.650775
1188.133821
821.836947
975.486035
1014.456832
1065.098435
905.872626
1085.593285
1102.139013
1138.939648
1077.656961
880.404971
1082.655665
1194.576214
1008.613327
764.723692
829.261783
1056.465328
922.922396