314.899373
257.349606
1011.317914
214.519847
526.452436
967.024371
2566.605205
2058.543808
162.908311
1639.318601
1560.397933
872.425659
769.859099
972.114390
-149.890890
852.030260
1333.656349
2009.767853
-36.087585
862.663033
1315.754330
1344.691252
1764.793235
1258.583539
1482.424086
2226.841253
1391.715300
865.931248
891.173074
780.204413
101.700777
956.989898
1120.105692
368.919088
846.245543
98.885210
1241.760193
1674.363054
867.683868
502.484563
1781.689160
1174.887112
782.269737
1221.124964
413.097398
958.171282
-43.996997
289.061058
954.415450
517.053110
2047.777190
1273.212003
1134.486049
878.086748
1370.297724
348.044218
776.993600
1100.653752
257.427008
1285.578949
1394.503774
338.340287
1553.494545
1598.990512
1710.637997
1353.104389
1078.577692
1469.612573
1290.909488
1694.561462
1169.935419
493.325304
2126.373810
560.059713
1629.062415
563.248745
1590.410050
1009.360509
674.490552
1128.484076
1045.532668
97.652515
845.847510
428.031418
1500.947270
1557.311070
1261.551858
1379.285712
1530.021880
876.398403
104.927609
1509.563108
1285.842914
635.122995
440.666949
859.992764
350.344920
1993.595525
263.279403
1361.511246
143.005030
2351.543397
1114.828001
946.385921
1444.751794
1373.954054
1020.823638
1241.478718
1017.903755
1043.172404
1210.765106
-134.830435
1175.788819
1668.622616
1119.199100
1386.887333
391.903166
791.630816
1266.573340
726.280527
942.667832
781.465529
1104.621986
566.905731
788.618712
1520.204800
922.846170
1047.007035
1266.063632
1038.212590
71.804933
1531.627178
914.805425
715.343569
978.028402
1476.502866
1033.402038
1596.720820
-122.190664
1097.873084
953.328601
295.638631
1003.573454
1505.969129
311.661974
1184.527665
626.358069
1562.503157
161.330236
193.487813
579.609157
1192.232496
1364.699005
1407.567667
1168.442858
316.755022
20.874217
1074.017969
480.201763
138.119777
932.165908
872.769021
260.740675
1357.144745
1235.929759
1232.090841
1258.308215
1431.305233
983.985847
1232.080735
1477.589709
2095.676987
477.530546
1271.857673
1458.397733
909.078460
1196.704752
-88.309163
1668.207481
1247.318682
366.710909
1108.662107
1175.865121
486.359024
459.791460
194.467476
1103.473197
1125.143919
1214.237108
1883.975831
1047.983366
1529.602610
924.457710
299.518017
4.654648
2176.643139
193.082104
812.761863
1177.098205
909.109888
1149.274276
1166.742918
960.264780
1437.452762
1348.568949
1034.181099
-289.843083
-7.420596
2187.420254
947.207356
1343.380333
1542.277586
1824.974353
918.433354
1642.928482
1571.695468
1010.646434
1700.441953
2025.669532
1256.142815
2141.603116
-133.328415
644.755576
1068.124340
173.879127
206.233870
1255.526448
1855.623236
1393.570975
1342.929881
1488.569005
685.018490
624.461812
936.987978
1582.722482
1458.429645
972.905041
976.011374
2220.317835
644.622366
883.697951
455.723595
423.986086
925.149729
638.762225
1764.728128
1096.532770
586.536506
850.408780
790.017243
897.206477
697.569919
1179.198694
990.067711
1534.362215
558.649274
622.677316
1634.614379
959.394785
289.749986
727.504513
265.514176
1402.279821
1359.864824
1179.388428
398.060138
430.704927
1311.093629
1050.249156
873.547259
1618.488242
1973.580709
829.770354
1177.158025
787.574703
1990.962489
574.391539
591.232350
901.457405
546.640506
1626.717138
1643.686222
-10.763743
1219.473632
818.855705
172.324778
1031.181012
1097.262985
1786.213852
1515.169436
569.581207
-22.505906
494.508151
457.217161
1148.576026
1026.058445
2141.206355
1829.156653
-674.480225
1476.310851
697.747064
933.962684
1248.466800
895.154354
823.823918
-145.022208
1434.533665
570.694153
-160.951562
1703.815843
190.150741
1127.615865
965.406416
616.729758
781.815070
1466.620685
1037.425529
1069.762257
1079.973565
1833.692003
800.746578
1720.762821
1271.113149
964.562506
1092.123737
1032.709805
1520.214838
1189.996622
1401.294360
2629.897335
736.796492
856.401090
967.343734
939.729779
1024.058373
550.192453
1461.386656
1012.668584
1299.305896
1235.184125
1651.141321
1023.578066
1753.791412
1081.512104
1321.914981
521.223838
681.567584
507.816506
1922.487990
831.267479
636.924573
2052.308735
919.094778
584.063329
1452.233759
960.958297
1158.275499
-8.778654
1159.824742
1061.373928
1238.283036
1243.566273
608.232522
810.906814
687.825267
376.675891
553.878770
1116.532541
532.500224
826.781631
721.058833
1344.732574
1084.440946
315.952546
1038.014365
721.682419
1073.582942
64.225422
2048.719761
872.397135
925.435529
965.672374
1192.105534
1020.975882
274.970216
451.701034
1517.462306
898.835928
1358.456405
1492.342950
1023.209136
1141.972295
1647.443037
1529.581732
969.725671
596.456456
836.726542
1045.161102
802.950350
1219.908289
1009.572060
1611.987510
1325.358415
635.067394
985.408802
2108.210186
1211.209181
1123.423546
706.749267
1101.368142
458.056395
362.847401
884.483537
1037.774411
1276.350251
993.039193
1164.801203
1244.608766
670.435202
1493.545897
1222.995267
1251.182072
558.726317
1516.226444
109.035828
783.268367
1615.684849
1937.985250
1046.283575
357.429917
1785.665706
1035.297181
752.187298
1261.765732
769.988315
934.425607
591.779140
1889.557280
732.386144
1395.866846
610.881359
1369.810543
1012.446244
561.461981
1186.975105
566.527902
1067.941684
870.049616
-283.958896
559.519419
899.629923
714.123440
1103.604553
842.263444
1413.348269
1527.391389
950.304318
1108.824215
377.124183
825.409815
1445.148415
186.579401
407.469867
288.199972
883.024534
929.333127
1190.446600
2429.272515
1360.884160
490.849499
601.255949
467.064962
1108.436714
29.726760
317.507936
724.486689
1171.251330
678.791066
351.236646
284.640377
123.763094
456.779130
971.868843
650.265170
2182.481762
1990.997355
1374.932419
1488.607563
491.051557
899.746065
804.351883
1337.153317
1268.059934
1343.313719
910.805073
1307.357897
1277.122421
889.634748
897.328417
71.410538
1496.482294
1684.800231
874.783890
572.790397
605.267756
795.758699
2181.769930
423.473225
203.557262
1389.510599
819.742064
1027.321942
1562.162313
543.312217
86.795807
2151.061425
1070.029478
971.858596
937.964534
1616.598406
458.290953
632.901698
1433.024685
1925.591373
623.574345
1652.038693
594.418936
823.121074
677.952530
1229.415917
658.270878
835.800282
1964.537575
2088.461831
990.222037
1386.476417
1395.861294
1220.419449
1747.065495
1943.216306
647.987138
225.830978
1067.288084
-120.491057
557.599385
1048.912534
1217.548351
-205.356000
1680.138157
1249.423624
1223.226748
1464.965617
1604.716537
531.896640
999.274759
244.313062
817.923810
1206.403426
1345.297675
1725.845526
733.910380
650.081123
676.269560
999.246754
-323.526686
-327.095501
72.171660
1399.884485
-39.978111
1676.727458
1148.772258
558.011306
1201.471920
464.160675
1706.920618
418.409163
2198.989407
743.143511
1556.650710
1031.065716
1334.434749
1458.759994
1964.865254
1507.678856
641.358277
1175.010163
238.636250
1453.194341
742.991305
1001.711869
799.884899
775.556779
1046.988433
1554.962614
179.430710
1666.369259
25.825384
1604.502642
1583.759121
1017.982783
824.805023
842.930656
640.589706
1142.985762
1847.783431
942.112855
402.094037
970.295928
293.090299
772.109484
2056.809588
1617.318564
1690.951178
1313.579125
1665.720888
1654.965006
1061.110658
-114.538838
1262.154883
916.577457
854.515818
954.251546
76.015925
842.996374
780.202966
674.130147
1174.763054
513.141597
1421.409116
-12.678636
1157.532752
817.758131
1861.520506
1309.185731
142.579761
900.004055
885.663548
536.482765
913.028505
1316.397659
875.919808
746.685516
892.660644
1357.507034
1337.409840
741.200455
1039.074641
2050.200058
594.378384
785.605527
713.131820
1184.568321
939.477245
1630.846487
876.307046
1076.452196
327.626606
1841.688807
1537.152437
1106.001799
1102.687396
1283.874990
1165.761764
1174.852480
1330.212763
450.517200
513.599323
508.315828
2101.048128
1475.302422
546.317248
504.296030
2122.617056
1658.755987
1077.813406
844.671600
1195.460810
151.926314
1132.036333
1899.694717
438.219324
807.556883
1194.105248
346.344560
233.761169
411.846952
373.715433
395.032515
1175.874379
978.875426
275.547252
498.159419
893.248180
1560.236187
837.638585
1227.613084
487.147198
1540.476369
723.700197
1507.753929
560.648073
561.186416
1583.810884
1503.288102
1311.420475
1254.058232
2026.255923
1276.601268
837.219948
793.748768
538.735696
1116.355917
962.828594
524.899719
1394.300586
1433.699662
1412.054211
1472.594701
1352.804985
1058.803695
1870.997687
1039.016857
1576.652351
655.592256
789.755111
1286.185541
365.154348
-142.810286
1260.244867
1623.989985
874.120125
779.233882
1647.026938
1212.380639
1553.565226
1224.973716
1014.962155
1263.861219
202.471790
1690.540577
730.497716
147.249178
1618.016637
1286.972850
878.576637
997.260694
332.668987
131.359010
1171.260543
1541.379750
-200.354966
1342.835072
868.604217
1226.141908
1132.985724
994.631349
-374.259597
807.237914
1994.604890
1360.820941
1052.274427
1640.034681
1355.370564
1347.936450
949.241784
1525.763756
281.809371
1023.904769
715.816910
1352.701906
1141.184637
1524.670054
-43.778227
-84.754232
640.252574
1649.780520
929.707509
392.479133
896.906962
541.348459
1969.019323
901.165608
845.326179
995.928979
949.059715
1483.158084
1181.117957
778.419371
641.930861
1254.639378
628.216262
715.297406
1192.397136
1322.830233
909.885169
1336.614855
972.563832
234.968159
1048.771801
900.493271
1346.512128
1388.847992
1467.452863
1042.269769
777.832801
1927.914725
528.921055
744.817203
1465.725258
1208.606687
1757.325868
149.674280
268.278985
873.917338
1063.998373
656.160737
1072.609037
1225.772676
953.700054
539.471483
1445.862691
1318.215095
1069.171996
1111.212740
1195.443659
1283.060276
1589.062595
446.007606
1431.780563
1090.191392
1566.347460
1358.796243
921.620786
939.078585
344.072554
238.802184
326.440225
198.783400
484.554245
1091.752147
813.915317
569.616624
698.225990
1928.314493
749.659753
704.495708
1940.410303
163.733735
1663.145442
1523.003869
192.333727
1251.169233
870.493887
507.491746
1073.493343
1293.281300
552.622388
925.408348
230.424526
1181.159708
318.782365
1246.153561
1045.938478
581.164614
1590.581881
1222.810121
494.832078
2339.976603
1427.497756
1614.091618
2000.153474
996.220756
865.320016
1031.048280
1803.682282
2326.220176
1062.911593
1182.198545
1569.128481
1021.257099
1771.145626
402.561182
1213.030840
826.858466
628.410252
543.031750
247.234174
827.285406
898.800620
2552.737414
1370.154827
854.030304
1140.642713
291.194914
755.941801
1268.406309
628.925192
131.351264
1590.114541
330.749022
1573.303562
556.645894
779.820207
572.425925
1461.963872
275.191390
848.415075
18.225283
575.245432
1024.878143
1935.079786
760.413339
405.232925
1075.225574
1117.790801
-204.130374
1.347976
1480.196430
1035.011549
1832.613754
1431.774990
1397.727489
266.144982
1015.079910
671.844108
1511.973006
606.350005
1067.013585
1763.459093
745.338397
591.823288
1881.291672
785.309320
963.344061
908.541482
1063.779749
1079.880278
1536.778148
1272.950439
1401.451727
1571.765498
1274.158941
1448.825707
974.112053
2306.484868
787.367119
1016.376369
847.145703
1234.969353
1217.025375
708.848467
1991.918020
945.682835
889.397210
1386.864545
1271.952873
771.592590
1000.975080
1325.461230
446.300413
304.863115
369.424372
1859.085402
890.910478
1295.119765
309.387678
984.959342
446.342738
2003.716518
534.524769
858.435294
721.753373
1496.087742
740.580625
1630.308696
-159.606144
990.739406
534.206221
934.811735
442.704525
1189.575249
1205.218117
1540.975944
1550.146555
752.487559
1419.865915
710.259485
1116.051173
-100.567339
-43.125753
495.356591
988.877609
709.835807
538.679497
951.882054
1395.502428
1403.103724
501.306412
2118.700896
1587.797281