1200.039287
1660.594172
1310.776007
831.239439
1216.154369
1187.293669
465.194452
836.379117
998.693314
763.121446
935.542833
1238.370039
-96.694324
919.476789
2277.460943
254.934909
1034.682193
278.010867
1195.482301
1437.619902
1085.653471
1646.069022
946.385690
690.511848
1203.152099
1606.224575
936.901761
905.275260
646.497551
524.973944
781.043501
1328.231503
865.816292
766.005190
1166.535557
1207.506864
1087.322360
1845.195543
1363.020379
1000.903348
705.481804
542.991803
375.630444
378.336785
1062.882134
1067.176575
767.185730
1394.199978
374.954609
610.933580
811.952789
709.864351
1375.262906
1046.624557
891.837029
1560.984450
952.526077
965.699027
1342.228158
877.375580
928.186071
20.209950
1751.112638
1939.390930
811.612757
755.072112
1585.716753
596.701826
1660.107457
537.106681
1138.515303
1041.381406
510.281725
487.938782
863.083380
1557.682951
119.997206
703.920381
1428.480258
1265.450470
1038.976170
1723.105829
1195.333320
504.024845
49.247494
918.095742
776.382313
1025.521043
1552.759417
1069.470147
1017.242706
657.274678
313.417221
736.656542
363.004205
1590.214789
1112.239832
1105.138928
1059.064990
645.806218
513.172838
539.033115
1028.034557
781.803518
1158.311610
1179.662896
1184.735521
1499.848974
906.809675
469.439053
597.286071
940.188194
746.347924
1264.349106
854.889425
1546.230364
789.265357
1308.020736
1153.618213
152.253593
707.562506
2078.837654
1414.126436
855.847192
1159.658409
66.958530
1122.353290
1372.078187
-101.230666
1075.726047
997.919003
1062.897262
1712.164168
1186.598021
402.923879
1008.167634
790.631918
981.992305
442.969676
840.618571
-35.692921
1010.303032
1030.109847
673.609438
1400.077469
630.742419
673.117681
1217.457730
472.139725
34.748686
786.544701
1665.305693
499.625642
734.518538
1457.887965
1370.205265
1484.599342
690.505083
1409.820120
1331.526248
1352.705761
850.428070
402.322343
527.727313
1285.917571
828.807295
1748.948382
558.716693
804.538490
617.308370
1565.188165
1235.155311
1604.967446
1140.380029
953.788978
1386.237817
1111.698413
1067.954377
772.126361
1378.088380
1226.469692
1013.179763
1494.764981
668.872301
1172.515764
540.779055
606.118932
358.609292
1495.226835
1080.906851
345.873869
1669.557962
98.162810
366.315747
642.069102
2049.040368
1326.577840
926.671826
59.566145
1467.910704
1289.165400
283.531365
785.029149
658.878043
811.410841
954.765001
444.879116
1195.354001
1546.387452
1806.380906
91.152162
884.417598
928.801104
1582.381012
827.850009
1446.807733
642.002857
593.806312
1020.810819
530.590811
471.166018
624.245854
517.721444
-513.168127
447.309215
818.118755
1107.480158
1676.910958
961.548332
1217.131812
1581.141212
1234.430594
1661.426972
1487.139993
1567.610862
891.279861
746.944094
462.592053
402.486485
1416.238243
1888.085451
1598.402962
1028.931668
1058.608732
947.606081
1561.038068
1101.887375
1278.042836
921.787120
1310.424664
1576.328877
2278.323336
1654.230736
891.972734
1089.924155
1136.613660
914.972404
567.523116
1981.579146
1824.553487
1204.546833
1130.279386
657.569455
1212.451386
951.362591
1404.793406
1485.556656
1166.008168
1031.490760
1167.006905
388.967215
2104.535668
1301.820047
354.831946
1264.169679
1879.932493
1420.789557
1981.607666
1076.681317
776.413403
1146.056669
1166.127799
611.383552
747.230053
-252.104303
1527.395632
646.874082
1273.728948
785.009175
1210.625913
128.452105
1084.391458
1348.247261
1800.829645
539.950649
1015.674985
988.559447
1680.121778
1262.428838
828.366366
1501.859897
1225.061742
-280.150544
944.931490
719.442435
949.199840
117.552928
312.983844
1293.887724
2006.506786
375.586175
384.064179
404.321618
1037.260220
2741.114345
497.249993
1680.737099
966.241491
1219.713911
1124.125427
1340.823757
1329.373756
312.080350
1175.483945
1461.864168
1791.182004
582.442132
1063.338134
951.067577
-169.550905
1249.630554
1274.849904
1408.501246
1745.464214
2097.686770
618.721401
888.692195
1796.038486
1422.975767
1625.194852
1040.779291
1376.600660
355.752788
819.878767
1199.822376
793.874349
850.458218
211.049992
801.163274
1553.820400
1535.895185
373.617714
910.562041
784.714866
1154.135343
592.840734
877.744402
2009.893606
1239.740992
1269.918096
1418.204745
1800.707499
799.047716
1602.162206
1084.282334
1400.637987
946.925164
1189.981773
1538.989230
1287.963136
1246.858158
962.186557
1086.327803
1167.233334
1323.438102
952.837489
1160.360143
1523.393751
1299.426250
1200.550196
975.305500
827.803992
1165.020260
1252.864800
584.895705
388.777863
545.172451
1228.495796
961.994722
705.615631
1126.849195
466.505616
702.762691
1279.383037
467.024024
561.277954
1504.670291
1063.816857
1210.390975
818.672905
1797.383179
1496.813707
1423.633418
1358.418865
487.774419
1226.576431
959.238487
651.748764
1051.651116
1064.357107
603.571893
1089.560653
1269.369537
1000.942473
1167.757705
938.661600
826.375810
-241.911342
726.589423
723.394619
319.090277
370.663875
772.412486
1234.844126
1590.719758
1027.608256
1222.840276
1580.734148
921.778656
1161.276635
832.782992
1176.808863
1109.682705
840.165747
921.759162
833.096007
1605.559898
1184.291865
880.103203
1214.860228
1700.188235
911.234002
1165.904789
539.457037
1090.899713
1197.371192
893.973719
901.837172
1195.201093
373.314495
1492.348944
1403.008468
550.954030
1143.842651
1430.634784
1105.764575
979.755224
895.656888
906.722858
973.338997
1481.543761
484.740358
2212.121875
1331.615356
97.709183
1515.423602
924.685297
1002.959452
1545.074530
323.944649
638.661725
1190.932421
1235.281392
1430.116435
1247.244857
1990.022925
1556.806038
257.796917
1594.942993
1219.172049
1421.166377
891.245545
457.163896
1639.127344
674.009805
628.254579
1203.796519
829.405071
787.310976
1522.927688
1829.086649
1109.413113
1680.021840
762.746688
1379.378484
665.672206
1255.260277
1000.740353
1410.561075
1917.205989
1013.852496
936.075623
1093.466706
761.700850
1116.431644
883.915932
67.801017
1030.605951
1517.935260
1300.846192
1565.399050
690.528133
1114.828400
976.789372
455.412512
1193.083197
1016.026339
1070.210316
462.110016
1152.644575
1970.086059
1050.491261
843.032451
638.692488
126.257659
120.833467
869.643579
661.394063
823.444369
564.647116
1137.408525
1207.289052
540.119379
509.090618
1476.058880
1173.696394
1733.634229
714.915632
1998.501754
259.647993
891.615368
1752.142012
978.914160
1658.370953
1632.718149
1611.286678
1480.302282
760.603965
1703.614439
1104.881466
674.371914
1240.958715
913.285576
1308.296869
1998.738435
1148.754057
679.331462
1096.131625
136.441748
553.757598
795.445945
1238.085304
1235.131490
402.017112
1657.923465
381.217347
1306.504937
1082.585175
1371.889235
524.787319
1495.157763
1129.401004
1851.186441
941.873954
1284.040615
711.280185
1017.766613
1612.844198
467.509723
766.934479
1335.245483
373.477391
1000.450667
100.374918
1561.081346
1040.970516
1141.604892
728.406215
1979.847080
811.413075
1005.746436
942.649038
1041.582524
1233.118034
712.108342
805.996941
1237.269646
1194.586697
1613.713390
1091.402531
916.355069
1561.589349
574.834441
1393.877546
518.613795
1273.957711
1408.863896
715.711968
781.209652
1185.938571
1376.162292
1163.250648
1145.481060
135.781681
1169.469724
1470.657267
399.657481
323.863322
1542.280829
1140.891334
505.853881
965.649137
1337.615386
1906.709595
624.162132
973.914991
1166.608624
503.246924
912.398558
1329.621580
1187.279287
680.258901
1099.939841
1064.294778
1587.811307
1151.051719
671.204355
1635.818065
842.700879
494.233257
1247.948606
478.506375
1252.529242
1232.746065
764.947124
1502.358345
733.854907
1101.150852
403.262391
1142.322051
626.365654
262.809348
847.980708
1745.759538
955.561782
1111.962182
195.595361
1069.619760
555.108422
245.639033
1011.756583
373.219678
419.284712
482.021830
1049.210373
1447.702368
198.858129
956.729940
927.932715
1522.310534
1050.947122
1596.063083
958.507274
454.871861
909.371500
1023.974762
1051.994416
1256.961390
1398.459642
11.526799
1493.361365
1191.980195
1066.492098
706.083604
658.968219
1776.559599
679.547281
1655.503058
924.868272
982.029108
1028.945734
1979.940293
990.594454
1389.159594
1300.417315
1182.200328
972.451504
651.894083
2010.941163
798.960087
1467.431900
1145.993721
1618.439655
1962.499684
1810.378852
1443.394974
1309.137743
1899.524688
1401.965083
1600.233145
1296.689821
848.885751
924.173796
1667.946560
974.364555
846.211570
1276.539295
504.247486
1050.003815
1662.273911
1318.293625
1090.854516
729.607394
1047.691987
1107.390826
820.516773
1064.275601
872.265545
839.208461
838.645011
1507.569867
530.886116
1788.394620
605.743577
665.845408
797.298875
1554.608229
490.580144
1871.980731
1152.549297
1387.938354
664.785456
794.758228
1574.186073
1574.977159
1475.610904
1451.545328
199.547304
777.196660
1001.224828
234.367432
83.357905
1232.709414
554.792119
813.541796
2112.043587
315.588612
1332.550129
1037.196008
616.227580
1002.427400
1408.169678
363.969059
869.833932
916.408476
913.054638
783.699538
739.452926
995.070695
540.933857
333.680978
1038.713451
1234.962884
1094.485931
1268.690308
662.997502
781.611473
1130.330760
637.135656
966.134884
1122.899784
-140.130022
2244.936448
899.064150
1032.036117
531.605568
632.543484
1219.759202
1204.515128
1619.946990
863.526205
1092.363164
1877.128555
252.402056
200.672976
995.220077
1258.017041
1502.977569
1934.611148
608.286218
977.574391
1487.389401
900.643955
304.896012
310.762881
889.032028
1153.836296
1139.894452
1390.387676
857.582312
1477.449791
1995.067871
1784.748698
2181.631726
1965.185233
1030.484472
613.490503
738.216901
2040.606108
608.153628
925.501972
1512.589781
683.418777
248.183425
1069.910280
1067.928330
461.028158
1099.380493
1508.165334
1052.852246
920.360415
-47.674180
296.297396
887.485446
1657.950959
558.044191
1397.551469
389.446077
532.382148
893.714218
931.933642
817.850828
1007.542596
894.343154
1967.054995
1651.581376
564.962311
983.390070
1545.670051
690.092776
1135.257574
1052.652571
1512.919491
1497.453432
632.498681
1704.558236
158.377682
1148.492790
1156.657830
594.355845
1314.559481
983.942735
1583.758028
1063.953517
2323.442196
1217.642197
1760.059795
238.716798
1299.660039
1111.436553
1772.980154
1379.295861
1127.622552
1520.157941
950.320547
1452.185121
-520.764054
1236.891503
475.379202
1401.210172
910.099423
424.482087
265.386893
1378.783981
-21.350535
1605.902917
1680.691520
1034.328413
455.004920
1521.397565
411.699077
1053.710320
1393.033029
568.363550
1784.822729
1146.628719
726.106030
1565.500874
1318.469011
1141.449568
987.440542
556.338760
781.726099
1417.645774
1290.719251
900.547792
590.751225
1296.465052
749.880770
628.361682
1465.461793
1828.893917
1792.407548
1112.937715
1780.241905
814.731777
974.882104
958.114566
1243.886756
317.278096
766.415766
1000.212617
1005.665732
808.289833
470.490887
785.915291
793.740377
884.924347
1141.072915
688.903670
1133.889572
84.687596
1477.060648
87.111556
1183.575771
841.476889
970.685839
987.553279
1436.777852
1845.819895
1065.289328
1404.973987
1392.467122
1140.998508
895.109326
1249.230842
1294.796844
1228.580847
1269.781090
966.081976
1729.668391
1354.414376
1052.168291
795.578643
1102.271749
2039.606369
1137.086521
840.788735
1357.808579
1205.415946
784.533534
1136.209207
368.414980
1195.931223
1318.605688
1580.531970
358.035669
1782.409287
1205.698810
397.659386
981.717368
710.172032
963.093941
964.405921
1337.131669
1204.166231
701.038017
1934.207887
1335.539910
1487.640167
900.358074
468.206844
1763.204513
1055.977073
1009.313687
1136.233970
1881.766076
966.731866
1377.774413
795.110010
883.138338
652.626018
964.152786
1175.079025
1339.716683
1677.328924
1520.343748
662.456388
1164.073978
1172.407889