1101.469358
959.397009
1011.315959
1117.273374
1035.879527
912.071285
934.605746
1137.770078
1016.921197
1147.132793
897.424544
857.740140
978.361369
1131.900173
1156.170094
827.538399
971.772721
782.050336
1038.265553
947.734244
1209.359006
891.511649
1106.971742
978.664681
1091.732857
1087.399585
1088.205684
1006.776147
1162.826308
940.461439
1207.473738
1089.656579
992.189450
912.101862
1060.885511
1048.301324
985.052831
973.016529
830.224526
735.391810
1006.336540
963.677821
1066.597894
1091.179952
1132.866544
1136.161664
990.657296
1223.048197
890.967852
1083.382725
962.339047
1059.625854
1075.525407
1052.812218
917.420454
867.731217
964.804035
1184.650578
1206.035276
1320.281805
883.822209
1079.181335
1067.544121
1108.710389
1133.081762
871.082918
612.965639
1279.529708
1029.439828
978.116025
1015.304557
1100.468518
939.749022
1078.731137
951.565153
1210.689250
846.901838
993.102871
994.204215
1208.988346
947.727903
1115.764592
957.327443
1202.683959
1108.006882
1390.890293
994.109403
927.025124
1043.240980
1212.647205
1024.808289
824.255051
1171.493490
1141.974037
1251.076915
838.107152
1024.426417
884.664228
968.822501
990.792923
1093.104289
879.329995
1136.010420
871.373974
1040.276313
800.453034
1118.233244
921.308829
1143.586615
1093.153156
1274.137186
981.378101
785.351410
846.906387
1012.772298
1094.616865
877.448043
1169.570267
915.955405
1031.584905
814.769174
929.418860
1064.579087
1046.608473
1060.344593
700.962242
969.975802
893.549644
1157.545718
1039.346308
1070.435006
1024.609531
991.542692
840.737684
1097.919667
986.953511
978.517232
1027.532279
1278.224789
1001.325564
1114.621061
1102.799968
967.143692
1003.473477
850.061257
1055.819623
945.122789
923.991541
862.517633
867.849700
1049.532520
851.612394
1289.064818
1178.817192
1045.503808
893.641673
1113.840180
962.125994
1089.086684
1025.302377
1016.650421
1039.519268
1073.581589
978.728825
890.454594
1000.331572
961.808448
971.230575
772.646416
1201.843774
943.303675
954.116191
914.908156
974.431494
902.421506
1161.836984
886.432440
867.512253
761.672730
1145.636145
1018.164264
1462.007744
916.735143
981.683660
932.514410
803.389311
936.612526
1091.527271
1087.842643
1075.102484
1075.469758
856.743691
1145.179227
1113.011350
1177.730294
1106.457292
1364.009811
1017.545790
1088.670354
938.945808
932.389279
886.348041
1114.339715
964.778073
1086.229939
1035.641994
1106.336670
896.397179
942.856113
941.332375
1090.703208
960.162623
937.310771
842.398391
1017.125078
953.137227
1060.551683
1103.879664
1009.613985
1111.793650
960.645697
943.820610
1082.007967
934.248193
748.373323
1241.014494
776.275203
938.488792
945.341832
956.441197
1031.107074
991.670590
1054.461363
1093.529902
923.423004
1027.921442
1174.331687
964.491416
1436.848326
960.861479
992.071990
1077.090248
879.144490
985.346866
982.921626
1390.446884
955.041728
1081.593693
779.753441
998.969045
1509.693972
889.432650
958.280200
1094.143592
820.524236
1030.225680
933.548819
778.391081
976.756825
1007.296045
997.381768
1194.719934
860.185668
942.008890
723.417138
1322.180696
768.233054
1107.935036
804.753078
801.840341
818.439857
742.842297
1255.010473
914.186425
861.644397
1090.099299
1044.336902
1135.559869
1027.631503
1046.199708
781.140649
1138.594247
988.397296
1027.136182
1087.237165
939.780741
855.171742
1085.349303
1126.249853
1009.955000
943.032629
1003.887707
1069.004315
876.815589
929.418848
1024.204417
944.853263
1011.520991
1022.424533
774.855028
867.338288
1086.737506
889.816343
986.986598
976.625187
981.005601
887.533024
1124.961821
841.936378
955.028462
870.804536
1037.272683
1011.891926
1105.101511
1144.127457
1097.844350
997.692367
1218.116695
1110.229333
921.828671
1254.695049
1043.606164
1041.799567
1070.185853
1188.758472
1176.678001
1035.459533
996.942117
1117.152742
1227.069392
1135.126658
785.673901
961.932084
1027.656780
928.942191
844.139454
943.890698
1089.043819
1034.650240
1268.599001
937.675090
1008.335294
1303.714114
1118.520642
875.104594
1163.808770
1109.433542
895.701160
845.369539
1253.713830
1008.913600
1169.141657
706.557446
1095.357240
1230.525161
1225.443065
1184.202313
983.103965
1050.201130
1000.851310
895.226993
972.339370
1178.527329
914.008549
895.193141
886.548755
913.211273
942.732955
879.822660
952.091228
1163.588880
873.911671
1057.613193
727.098408
1042.041290
1125.018553
800.146424
988.204718
807.637506
898.130065
1058.000144
890.878475
1130.823595
850.904770
1172.510719
1182.590588
823.416752
1166.995693
900.163589
1070.907094
963.723931
1280.437281
1109.717664
1150.069407
1152.918242
1340.848857
995.543066
1219.076180
1103.865955
954.536016
1091.476744
951.782736
939.824713
1071.003465
1038.358999
1299.491587
945.280902
1111.980552
1206.480447
1004.105299
1070.113548
974.819057
1169.823508
1141.433306
961.947824
780.081147
1078.265093
908.457360
874.198131
1160.433357
873.456678
1152.135067
1061.514499
1040.944663
1036.415911
1105.383925
1124.696491
970.269360
1078.973561
982.099381
917.895829
1012.173562
1174.506239
702.554313
917.888325
774.097771
1048.922626
928.891333
1136.808001
1101.759504
1096.586105
1166.406864
766.023339
919.181874
935.241364
1000.375668
1067.861682
979.754282
1133.800649
1346.684950
1074.409030
1055.796004
1045.053407
901.728267
875.036542
1183.263483
981.484828
1110.208259
1119.300106
1078.370281
967.031876
884.459466
1151.316725
849.538415
1037.624408
878.249634
1397.406856
1340.976033
999.251096
838.643388
1089.607423
1022.248371
927.954788
939.683651
1007.207391
781.836485
791.986141
1003.701405
1006.176945
695.677138
785.256331
1061.188882
998.922496
990.185857
1018.305583
1037.294091
1053.173701
1020.486436
840.353119
970.159140
1031.470309
1207.046518
915.990762
1052.277329
1015.666608
860.119834
979.365102
951.858638
960.461483
992.608316
785.736759
836.815588
755.153644
870.201112
1166.725520
941.707385
1094.080285
1055.260655
993.090401
1155.667150
813.341811
975.162503
775.460329
952.125438
1063.383816
961.682936
839.138688
993.157110
1081.503537
1140.812530
859.196612
827.792228
1150.577483
994.009272
1380.445959
967.575480
779.814943
964.476305
848.859910
1145.630398
1057.779492
861.949673
1100.336805
802.387505
1074.065655
1041.662698
812.940468
1141.436102
1012.170663
963.297506
1120.640081
1203.024772
907.586766
925.863872
965.299475
1097.734799
909.884126
841.726003
1026.083680
1084.614261
1206.414272
1146.946063
1089.483711
938.735876
849.612768
1004.752668
945.922139
951.668059
872.877845
1159.308647
1005.923146
1252.266260
931.871235
1102.721125
964.308448
1170.358300
883.484923
1128.003607
1231.434179
1057.531387
1018.393604
1241.924171
1178.194899
923.182311
938.057240
813.359451
1093.503950
835.324419
1053.065992
995.044737
1294.695581
1149.109216
828.132481
1116.602835
910.080282
851.086838
1018.810004
1035.640664
1077.178450
985.379066
642.995858
1157.760326
896.896643
832.417443
1013.033141
1113.258361
908.155531
1069.390187
1340.822895
829.461543
1262.590849
1133.344651
883.339912
883.756245
683.109553
584.532058
911.393066
1017.204094
1099.175072
1125.252807
835.555866
1012.085817
936.110553
926.501378
833.177117
884.581406
934.827747
989.021380
1171.978551
1175.524589
916.226083
1069.908617
1082.164089
1018.648811
1233.487756
1120.612534
947.456435
1059.136835
655.573957
955.234315
1052.733840
1045.796093
978.468841
1164.669174
1165.269837
860.928005
930.541251
1084.941689
926.458565
912.633757
1063.033894
1057.424560
1036.776210
1024.793033
1081.109908
1050.098785
1028.324699
1141.109777
894.923552
1070.280686
1134.647555
937.040478
1258.017890
904.612832
1186.985911
1315.735832
1106.887076
999.739488
1176.139187
1220.644381
1040.167538
1038.743011
893.115293
988.631094
1133.265722
929.611318
926.013923
1029.225293
883.812993
917.143925
898.287521
1039.627596
1032.674331
1199.119587
987.407370
1149.121919
1069.799933
948.861274
1013.862404
1061.371801
1155.451326
1415.014350
926.065175
953.724847
887.517502
884.779128
1107.285508
945.079353
919.357114
906.040121
1114.999373
1023.807527
1074.812388
869.938493
1204.596690
1208.714375
504.420305
968.966930
957.530548
879.121856
775.246540
945.598511
987.786108
1205.763692
752.370732
944.720982
993.971523
824.379642
989.422024
935.932023
1124.788258
1002.578477
921.302019
762.445445
1104.601296
899.653275
952.907724
1045.820494
957.632059
1006.363362
1046.276802
1002.362279
1090.577224
1123.468229
844.731929
819.388873
1239.578289
1060.091129
852.470404
924.292320
978.825265
932.631250
1193.101116
1029.316682
1064.957536
984.636345
891.217171
1174.517499
748.910503
1033.634797
1197.682887
1133.352997
891.749111
1077.265715
1059.529696
1155.617784
1012.170604
1060.196799
904.306767
949.908203
1105.792512
1129.056065
1269.565520
997.971095
1047.556952
920.966947
751.436139
1287.167070
1073.218003
1069.655219
956.428654
955.677160
1157.621301
1191.852537
975.238625
1092.350574
968.263093
908.310474
1010.065612
1024.647758
1019.056585
803.677965
846.327549
911.309704
1122.788793
870.287218
1047.823073
1000.670589
1090.616337
853.480323
1090.046296
1132.828089
904.749467
928.208226
1108.880571
882.021356
961.454204
1106.943778
1195.535940
914.497610
1108.684048
796.374751
932.880188
643.414047
1063.669864
1048.078929
913.670599
839.526578
828.559305
894.993698
1171.318228
1057.304809
874.283811
934.582251
993.306094
1115.470267
1049.512020
1020.951667
1223.997178
1149.257702
1197.306902
1140.705084
961.428632
924.612268
1099.191952
994.029055
1140.706930
932.503377
960.577263
850.105132
1035.563160
877.031205
1069.014733
994.090006
1040.272216
1058.508453
919.471475
930.181787
919.772049
1082.164835
1161.010994
1142.357362
1025.962119
713.174160
984.718479
1023.747894
902.888540
1010.979750
937.652330
1090.219356
895.439255
1074.474861
1040.744358
910.282570
1013.795454
1213.980569
953.221565
1214.238691
1181.404965
953.930991
1070.603216
1082.956350
974.919783
835.894547
910.592915
984.981033
809.702669
1148.033129
964.544522
885.423700
1116.386610
823.639980
970.195936
882.386330
975.396317
1065.051592
834.508041
892.062434
1099.947788
1177.086550
964.926240
997.018599
1136.042607
1163.443453
1170.797887
894.719982
1009.219457
952.133454
824.928094
881.859338
1006.222368
1241.127904
965.490064
1006.255369
1024.992687
1084.981630
692.502026
958.507485
787.738457
1022.507228
1236.548416
1117.344958
1129.050888
1059.658059
1021.526785
881.157166
939.879208
1024.572810
905.746966
1250.211247
790.362954
1147.734553
1091.681994
1157.389893
993.495094
688.680830
830.542591
769.971138
1053.165300
876.267879
1058.195458
914.363266
986.089989
891.325445
977.048055
1038.431571
976.759647
1074.127466
1051.604055
780.517654
1322.457210
955.127033
999.348901
979.131353
1192.034330
898.331987
838.700825
868.080827
902.379604
776.134388
977.265264
939.351394
1082.522758
1106.968576
796.378647
1044.174327
1243.913837
757.688730
672.269627
1044.782124
924.573991
993.711017
934.995459
999.901580
846.964983
922.925885
925.126670
1043.266982
897.245090
1115.927918
1025.841698
1015.517140
1023.182337
1149.536094
878.577793
725.684934
840.049142
921.772334
1009.784838
674.798832
894.630429
950.538421
1064.155875
934.208688
995.591380
1032.596906
1175.117083
990.304533
766.110298
1046.894421
1373.036947
762.101799
713.008000
886.374881
975.122363
766.612134
1085.877018
1100.448992
658.626055
933.484893
1150.787359
1101.618178
954.663016
970.556490
948.307391
1038.821680
915.012526
987.334073
1152.066219
927.607473
928.515079
1140.752766
960.348472
1138.943447
920.563405
977.774419
1042.156323
882.989768
986.165263
1050.885050