1049.313298
2080.692772
834.696404
1080.714828
1870.035824
942.946694
929.730669
543.380738
1910.339987
353.367728
132.999556
1232.787421
1834.955923
335.661135
1070.746620
688.557320
1320.261870
1608.284867
1423.824062
1316.939218
1263.706670
890.271151
805.402683
1716.068976
1155.246678
237.131704
1706.246489
1296.064080
248.355604
660.013709
392.112497
1113.899168
1325.397413
1567.245481
1707.495619
289.280592
1997.031580
166.210608
1460.245732
893.631841
1184.067545
991.568323
1075.178094
-843.404565
814.894755
1310.186621
843.704541
564.843806
1002.566607
-51.675826
2089.766185
418.220391
1310.462053
1462.488783
503.504223
909.768372
-376.702557
421.229711
1792.953237
823.735655
1581.211588
273.307117
1443.759630
1775.170324
1184.884653
670.895523
532.205036
1681.888255
251.135578
1318.432911
1251.119630
1729.635599
2258.026049
731.271048
637.956585
1308.713583
216.472500
1202.160570
583.290894
1046.746971
2864.154765
1431.381517
848.810508
340.659641
979.320728
1174.346298
1512.397166
387.416721
1334.766588
39.550381
1445.945119
854.137228
1467.643628
770.239247
720.548228
233.087047
-244.412535
176.565994
258.194318
788.948549
-23.359218
-105.562913
1128.460117
411.954131
1645.474400
1237.594561
1540.312034
1185.708859
783.489533
1357.407308
1461.552950
1034.371198
557.450711
2074.909205
912.703100
1165.183350
593.222438
208.236758
1608.583860
1050.100620
1227.227985
988.179341
1077.757016
1904.750233
551.569433
1208.348200
645.030818
-118.136029
-271.476688
154.483536
967.950191
317.811393
1093.629717
-196.722491
106.075049
676.123117
1107.766556
959.947512
1279.563577
259.854915
715.425911
1460.811183
1146.388102
1431.894936
1333.641766
-82.004505
1473.061442
442.118032
678.033287
1930.828604
1228.268891
-129.586139
2197.979638
1606.124600
512.886103
1306.822368
1563.570975
582.499468
522.388596
482.615486
1335.557848
260.739481
2044.046114
777.385134
1846.979579
555.158317
577.701425
2468.361800
853.593377
-510.053657
1563.903842
-119.032553
1090.321217
691.786677
670.799961
1314.244172
1344.858875
278.724938
609.441225
63.675796
-74.225978
-88.112126
545.750145
596.681165
826.290979
1620.880592
860.490178
1061.771698
1222.055778
636.961088
1481.576972
1706.407660
1966.200889
1469.669523
839.563701
1605.517197
878.718694
215.373169
658.549968
1901.378516
996.754409
1261.247280
1456.476961
1281.358088
1059.957977
275.857400
1266.426722
31.845108
1361.026770
2065.715818
648.607999
1226.793574
1510.950406
-31.368048
1652.614456
531.752127
707.593098
284.885305
624.931353
533.637767
1003.746910
717.423345
671.576019
150.777236
969.139412
2005.059002
1698.734760
737.802439
1645.761088
1129.143577
1368.715389
1034.337192
-148.525120
-317.023804
265.758210
1160.130213
621.799733
1079.648597
480.402751
218.631154
401.222634
1115.943867
500.950369
814.594136
769.922040
768.336445
1595.121325
1433.536138
916.707276
620.991595
799.520268
1155.310994
1185.255341
1249.857927
451.193750
1503.839071
803.069250
602.432893
2034.579891
552.761705
1078.190150
1539.114639
1189.669768
1239.118205
936.978813
709.940535
1285.860972
748.488958
1054.508137
396.115073
1296.530506
1218.062138
981.647946
1491.905387
1081.758352
834.536851
909.217819
110.649025
1387.259075
232.273848
1594.465500
511.505451
596.650792
1347.277904
464.438573
1573.569563
1564.305760
1467.001403
1616.923074
899.012482
1577.647154
1151.835441
-513.190575
864.525273
239.825413
1383.590363
1300.731631
1211.604744
317.949943
1013.048497
617.379261
710.297928
1941.126571
168.671595
1871.183556
1406.019242
1035.616453
1156.380353
758.014033
1226.391690
476.439910
1258.008107
1125.175287
2303.119976
2189.919583
1324.228672
1484.420991
1417.422476
517.893239
98.993990
632.430220
66.075556
1354.526502
473.120868
385.868304
2251.501384
834.258227
678.259033
1330.838355
1128.691364
1350.548230
1141.803609
1157.903298
487.655216
1066.957777
1109.628972
1247.264008
-303.947257
833.732627
78.762466
793.565044
-239.296484
982.694847
110.884303
1105.466607
459.749626
2345.420773
776.350658
362.261351
1855.133828
2276.782542
1186.192841
826.535278
464.105010
1720.740058
-526.153892
311.699008
1476.533098
1064.901635
1088.535810
1681.164619
1360.989309
439.193894
627.199206
1694.897272
890.455678
520.073363
-146.913654
1218.752222
413.691657
1844.564600
1060.230218
1236.486765
1143.601876
638.215765
4.889659
1650.995571
1397.314167
1066.288810
672.149721
774.617191
1831.420442
1067.935578
830.114999
266.393963
1008.825501
717.455683
1203.665161
350.836825
1120.968664
973.047351
1426.995652
2019.526613
1383.455759
1482.344116
1230.712015
821.794172
912.694347
1560.654371
1475.825556
1545.646977
1805.442978
1788.523695
167.324701
612.429982
1614.150382
836.181117
511.151718
1389.347190
603.568722
2002.925114
992.282078
1156.679771
1339.487944
236.468842
240.135588
1536.309841
877.399702
348.598462
911.102182
1418.764531
926.374934
222.355842
1278.440599
311.044725
961.243250
159.593989
1443.802611
425.788477
1710.082066
951.619762
1438.220665
1329.046177
393.461217
2307.430680
424.895679
610.955950
1367.291791
376.247398
1802.145773
1796.342275
857.237517
1474.323672
1393.100319
-33.152623
1054.438676
398.106388
625.460518
810.868970
590.519080
-32.721096
1422.715871
574.527201
660.002438
1160.697188
1719.887917
1874.296142
636.403488
833.726804
843.067062
1409.999305
-358.806793
1582.470189
1255.779470
521.543558
1024.874391
426.223432
1125.555632
1768.361414
1532.940519
1979.704650
1342.662692
1186.327819
208.174141
262.631309
2443.586362
1051.602750
967.867245
445.098328
604.775611
1075.300303
-352.415999
809.162050
686.318805
2237.889485
789.545948
641.711630
984.474559
1045.173601
1574.383230
1403.648625
1298.436092
2178.837929
419.573955
1799.414056
1032.143695
1614.699717
1337.245648
1905.571755
2122.726083
851.570600
496.848244
811.369053
1657.594025
1123.171498
1836.815599
681.999042
1449.843873
734.301116
978.505891
779.998850
314.297649
772.247750
1488.799020
594.334501
123.456635
1096.775464
1084.958846
207.292070
1245.470378
765.906733
705.816253
-236.201870
633.232518
1599.158299
1124.149888
1225.309882
2183.767833
858.842569
-323.135549
-51.413917
1457.011445
477.843479
748.034771
251.334433
184.108578
611.457703
1165.237079
-32.418902
1755.878419
1479.845668
346.346178
1086.375841
1232.132375
375.623989
-77.420202
1216.838196
1612.643729
1276.011915
1302.140479
892.446118
911.965659
-9.694665
1418.529583
1342.871563
1147.625387
443.153688
698.931535
1609.813662
970.396134
940.241934
948.673150
2332.171664
2004.407768
1212.652855
1309.886437
1022.475018
1001.209924
622.587547
1291.215976
1647.120050
1461.352553
986.883647
1748.070720
832.343745
2129.488425
863.616918
1630.931719
2438.792799
945.752090
782.277531
852.254238
1124.911260
1195.559118
623.276491
317.540381
-331.572497
1051.904803
719.044978
477.747783
888.168494
1987.394818
264.702950
1208.914754
1717.855522
6.367094
825.461722
1463.468444
432.792758
1070.760249
493.086036
848.471047
1503.683163
1678.164907
797.443159
555.155575
1670.556244
1005.640504
872.464363
853.970634
117.974274
807.869487
1350.072999
450.729467
-257.631063
456.180905
937.687344
825.127465
-66.371422
710.433911
1224.309556
476.344483
570.288203
255.639528
-201.766686
1321.880159
989.741231
703.960821
799.016390
1676.061470
311.578666
1566.115408
664.570352
91.995646
815.416509
2075.528019
994.574216
1240.666923
913.280244
-77.243300
960.153040
201.845510
-199.867758
1907.537802
1659.714599
-265.581330
1172.530199
1440.925233
890.853505
957.546096
-104.914004
1710.671991
879.649983
812.616736
1054.880016
1471.115510
-141.561185
2204.119009
384.506592
1175.268902
1395.748473
1282.578364
1027.794065
441.012833
891.312475
1250.649952
1085.129221
295.482813
693.359461
891.827172
1167.636607
1377.407450
1654.836734
1326.263979
1330.289581
468.034130
993.905113
2333.115696
1026.541528
1226.066355
282.280106
576.807188
2091.933872
433.368654
136.632319
1676.631418
1939.279929
396.825209
712.680847
881.778104
229.280002
1402.046859
1687.742707
1123.856935
422.459193
161.302700
838.864628
1321.409352
1030.896356
1530.646551
943.551644
583.585982
67.146336
1190.552218
1138.722104
-26.095504
1078.591891
507.087007
713.096316
1176.795750
1751.797281
1548.186908
565.094818
151.756220
1481.889155
19.216454
843.892684
150.342227
708.677014
905.860364
746.558305
726.815442
869.400970
233.604826
1533.654923
775.417547
1294.808003
964.196576
1876.260956
1481.449700
1045.312511
1699.967213
1442.844254
897.667191
1562.310701
678.264829
1592.364910
876.505317
840.302844
817.500283
1291.769262
2241.887588
519.627944
1727.831492
1997.525114
996.022008
960.578007
1066.531014
2162.840673
1435.100820
1158.356448
1432.249983
1452.657800
480.376186
755.459150
1552.751631
674.993501
993.627736
1811.188285
997.458938
2135.825853
1252.341754
1354.322791
1341.669519
33.549446
2237.356710
1102.042603
1209.867059
1763.539916
2229.123938
1018.805394
289.973781
1099.068002
1001.576291
1554.769485
1502.239255
1801.843159
784.634213
1621.112055
1195.410943
1156.060366
270.663333
1010.765141
1334.381830
1072.922720
697.677011
1029.739331
891.904763
1097.549293
398.864663
755.735005
693.286024
764.014948
959.622439
890.469056
835.144746
1779.573474
599.125129
1712.677289
1064.650398
147.594637
1760.467131
618.924551
552.602317
449.349129
1070.417453
1437.265395
1046.828924
1304.415463
1266.738683
1404.944196
394.254694
584.110332
537.231772
1090.542863
1038.052811
1862.925000
1516.919270
535.306494
425.850796
1162.482635
1131.493043
1344.968376
1473.330807
1159.864291
1378.569267
844.004790
500.012277
972.054818
1017.180800
59.635892
1925.595775
717.464315
1167.959383
902.898612
1.571203
108.358840
315.366644
2096.176278
1311.510807
-240.533334
1828.456594
578.234943
1295.472453
956.932850
522.980570
602.751834
1846.544148
1662.845014
739.551693
1895.708875
1900.618352
552.332624
662.985826
1315.043299
270.138963
1294.521691
1379.143283
1779.319449
1142.745632
670.173874
704.139647
1210.444005
598.449364
1534.681364
1191.498751
1616.639202
875.118852
1225.292898
2050.481319
747.104769
858.700782
395.204795
862.804360
2027.707899
1052.500843
1016.372768
277.898699
1795.956702
875.209898
1078.608993
463.974524
1249.154445
144.968679
559.569961
1593.766919
796.514202
458.768212
515.254577
890.119154
1393.086111
1147.266127
840.664260
-1039.727031
475.733608
1107.653627
1122.359917
859.830256
438.250286
513.252698
168.222783
1747.835056
699.079702
1716.607996
836.673944
628.989664
14.418237
469.950958
922.559608
2300.734424
1240.522267
1480.264720
2020.929952
785.507642
914.263251
1014.776885
1771.962862
1721.381232
782.192863
1472.757654
453.557329
319.373671
1016.012944
1340.022630
1014.203706
851.444438
683.122081
1057.067623
2182.326905
1469.213690
2167.020435
105.224322
808.300627
731.242967
652.489485
1150.092562
1714.136528
1268.246926
950.253891
514.745476
1129.998544
1222.697993
1144.198706
1047.610614
512.711793
607.072078
2388.895058
1893.230485
483.743448
822.813582
1337.955359
706.346297
148.961229
-49.314964
947.383703
1372.327132
733.177233
661.877950
2466.497398
807.603992
1404.185226
207.530453
3034.371812
1695.975382
2187.623327
852.701187
2257.810894
2025.204332
1164.634544
1761.670007
1486.538520
1103.790163
-22.666909
914.029388
1478.524282
-82.871961
1438.321862
1829.363519
2128.095005
1748.439523
1119.952496
309.597459
-72.236372
18.662911
504.796138
814.861890
2303.848686
2283.558085
442.844909
2201.264440
833.033018
1150.697682
784.921601
1482.377083
1420.204557
1501.746070
1248.290736
638.505422
1578.896947
668.940297