990.289980
698.017291
1592.104119
404.068839
1189.755089
1181.413858
896.427739
931.261960
1066.075477
708.338440
1219.751668
1088.414710
827.083763
965.285799
797.156313
983.791187
931.567485
1059.988795
722.225768
774.061849
1102.983350
962.726490
1211.598357
1172.413623
963.098279
828.445260
839.570640
911.740757
1302.506753
1043.862703
858.076404
788.752989
775.412544
655.892046
451.233101
1017.138210
1094.729998
652.761193
746.038782
1272.010034
1083.628909
493.898841
1177.128104
1500.161259
440.868588
554.942395
1199.772829
997.505471
686.565254
1127.556831
1225.471786
600.832417
1363.394680
1418.179953
1079.490444
1111.803903
1241.259315
1017.942451
1456.844696
1284.796418
1091.326530
576.056664
1106.945412
906.501876
799.285940
1087.178232
726.179387
1196.198858
1012.158176
1511.317959
1243.385916
1198.010932
1146.289146
936.171576
1514.574755
1429.334567
819.908019
1392.286068
1089.396191
1740.186078
1236.419349
956.945569
1048.265016
651.760235
982.283098
984.088028
1050.889882
583.541240
960.544133
1102.379646
998.395468
333.748594
1010.408813
770.357880
1404.733584
494.179399
1465.520585
497.110620
852.110336
948.164659
1622.417554
1139.672088
1372.384687
1125.564627
1208.820238
853.245058
1026.821033
1323.639105
743.076660
1111.631900
1129.605542
1213.668602
1394.292124
857.524070
914.229901
998.930483
956.702727
1159.218561
1037.883146
461.333612
695.427282
1175.034467
1042.646878
843.720987
887.826352
1176.206917
908.232357
1054.981688
758.422855
524.564908
1205.075491
1463.796271
1253.794206
1135.626073
720.424704
703.131606
1148.921962
961.655485
880.060401
783.002102
1068.962557
1007.142915
920.675172
1029.908290
946.261072
534.626828
916.925311
1254.531475
1029.786686
854.959733
777.206115
967.075904
1456.954080
895.424959
1033.776363
1226.511050
1223.216146
1129.306828
1265.293328
1095.601951
1175.244468
236.158534
735.150232
666.114710
1203.743252
919.385214
1112.140194
1332.845334
1544.718899
786.692172
1235.827807
768.727654
1387.520789
584.409278
402.523176
968.279676
692.144413
1015.267820
1105.194108
975.187921
1083.276112
832.545523
1101.512722
1048.313663
991.419656
1087.749196
744.966116
1035.575252
963.987525
649.900815
1041.985373
958.024535
662.814913
1011.529004
861.027082
1672.242995
1197.070693
1398.357522
705.047905
1132.122369
793.070129
809.635514
702.186434
1456.919840
1112.753385
1117.875579
1021.597792
1072.640798
886.369129
1073.269398
797.533307
1088.751528
1355.634438
1352.627310
1042.844838
1117.082479
752.240599
658.265533
1027.562037
866.577515
1343.033165
1303.702468
953.965890
1379.599387
1069.622501
1227.156003
491.192125
1136.713629
1629.542488
811.825996
1132.337654
1372.560633
920.097278
958.352654
1290.827097
783.012025
448.414863
654.224358
983.062211
1061.050588
1065.938527
711.483223
366.588801
790.747353
1116.252883
1440.375523
1069.950385
691.624319
797.597091
825.590334
1091.329894
504.993203
444.011285
1307.935254
1088.429474
668.276038
1290.806304
1158.033813
1292.861924
1489.009216
1017.440388
1104.531014
622.862553
577.752211
915.990615
1252.147023
1224.351094
443.186528
1205.480985
1048.080541
1235.032729
1101.803469
1152.369819
1049.964905
844.741937
443.156627
510.746395
805.695358
1040.292609
1284.158595
617.218720
1003.351539
1149.712011
1276.885934
1004.281283
575.489866
1049.770350
1314.674428
1228.066627
1354.400453
441.327870
1055.350602
1378.354607
892.384817
1248.127951
1240.853020
675.349916
993.676381
1056.531982
1281.942031
1238.867339
1000.804244
1213.573471
697.283937
1374.998253
1213.464585
944.278887
1428.016121
637.893260
1004.554901
1366.809628
662.775478
834.221434
1180.598995
1727.171301
1305.489891
920.585412
186.986235
1274.340354
1435.104428
1240.959335
1001.879200
1172.378388
1060.338216
1361.112236
1072.628990
796.814244
1034.582838
941.230188
1083.954058
1575.933087
1145.700479
985.819305
1208.697841
996.599640
874.801494
1006.425018
1155.729235
1112.923714
678.654646
1279.990168
810.591621
1245.029436
969.478483
1355.013334
638.248445
1123.256750
896.438296
1144.859671
766.835651
479.150284
933.897392
1078.188935
859.869317
1433.354052
899.970092
1013.128459
672.118724
1072.575049
765.284294
976.077132
1381.324710
1413.937611
1158.716068
997.316642
719.461790
797.552759
738.619288
903.719546
1186.611912
872.633696
582.868567
1117.733039
835.928029
1013.556118
618.604807
1027.708654
1249.905887
1023.622261
626.451452
1331.829841
1095.062529
817.458679
729.039847
1002.622719
1576.351533
1224.738510
654.186598
1119.312829
1175.616372
604.895333
488.388459
1582.665013
773.828775
882.009752
927.441088
1033.854924
450.091570
1114.100649
1503.147327
1135.749310
1463.103877
945.538422
1035.634322
1466.829662
1230.891153
1237.495702
802.083142
972.399169
896.149496
858.103983
541.214787
739.794792
1824.801015
855.350875
1091.494553
1004.899741
1138.636694
1093.267926
757.892107
1188.998433
1202.839792
761.456765
468.174661
1105.845011
1344.911258
900.144916
732.933291
956.249705
730.294316
1485.757459
924.882119
1214.788192
1005.731455
570.335266
910.304073
779.022448
1249.381691
794.275291
1459.844459
990.388957
1054.315826
1406.744992
1301.678805
1149.526225
324.326138
1146.063761
1093.938635
777.388391
1231.591958
1507.387230
687.437840
1106.597706
894.620097
1022.003325
817.643159
1118.397676
846.191536
1298.435843
721.954487
1171.713559
1590.842154
597.107011
1045.339066
1190.214642
1376.438022
1448.771955
1035.702991
1028.892857
1022.791792
1157.538374
938.931248
1191.256542
847.496819
1573.107095
1179.286554
1013.975681
1209.386660
945.378937
1192.521944
1497.413429
1024.079064
1271.975008
671.527467
1218.035258
882.907286
1156.230833
546.289523
769.226211
1036.117977
1312.770342
1263.836505
1277.249130
1178.861276
982.993790
819.300416
1110.914260
798.128059
1174.348658
1523.240647
729.007833
1108.064739
853.512806
807.502011
998.779247
1216.577685
1492.761509
1162.712429
1057.097621
1319.964652
919.595211
1114.087478
879.854746
1062.582022
1207.698906
1118.667361
998.313189
1081.319909
1120.251518
1169.261921
1229.087170
958.907321
446.933208
783.881931
905.353936
1418.594388
1039.421230
890.001869
978.433379
1059.719987
1138.581467
1161.990777
890.367571
1015.852287
1364.954846
1008.681916
1522.815992
1288.678274
1161.083697
1179.214114
1003.990425
907.424167
624.625074
1296.645375
1111.624897
643.510899
997.766541
1345.742911
810.980220
1219.138509
835.327585
1195.748286
1378.118292
884.023591
1549.229102
1100.877814
1056.739652
963.668025
603.462983
1042.663832
1286.088437
502.657340
731.405093
1224.160997
1467.865256
1072.112696
495.436970
1065.243912
1245.080604
1466.308120
1334.304530
633.764164
1294.978365
1063.316962
845.904407
782.790370
961.537659
1056.426971
626.760228
948.799841
1185.449288
848.569620
1009.049035
865.879613
666.834704
756.538630
953.948023
1021.945252
547.597775
1289.022477
1097.888148
1229.444625
939.970233
1006.983542
554.194493
1175.879624
1285.884734
1215.327637
865.259292
997.375745
1560.923709
744.102280
812.827951
591.855881
863.538474
1439.011066
902.019360
1128.904523
1057.226242
1106.431552
1389.263356
1174.074029
219.116387
971.132264
1793.146856
601.940273
1612.018210
888.165394
1207.920500
1109.151007
1029.595650
1343.263521
1257.263786
1102.923846
623.324772
1733.173394
890.834159
1380.771734
1124.481300
1048.757990
755.664773
1151.738400
1194.266195
1047.858377
1283.463784
1372.489548
948.603203
1226.661612
1123.621828
1054.164944
1119.510004
1398.664239
1242.107160
1353.871822
1153.381287
951.463527
1323.789379
617.731389
1323.488632
1169.883824
698.862135
1427.003037
1139.339221
912.697545
843.039294
1241.113594
1190.555946
939.234524
640.409121
1139.678894
1270.714434
1435.012025
868.331752
1349.157163
940.555029
969.001448
900.888485
764.898365
1008.998032
434.486179
571.739537
1064.118184
640.868585
969.817073
1200.147499
1314.202381
1402.356640
1420.543253
1320.290565
1195.707145
930.752290
832.133331
1001.328862
1296.331003
1110.571685
1125.098138
969.136702
879.737589
928.418747
1187.535946
565.197105
974.079825
947.309201
962.517643
844.911165
1451.666451
1158.198921
1089.137434
1236.608394
1252.794827
1383.735647
908.159337
1339.346602
1520.270914
1121.702045
1085.869824
846.871223
1202.088792
964.118777
1156.622566
1598.957469
941.552879
1054.673426
1365.881841
1116.229148
760.260218
957.397977
1062.985476
1297.047254
909.910684
1360.388346
1062.605820
932.334740
1133.668724
527.690837
867.230404
1298.660411
1062.138834
1133.258052
1175.914697
1254.828772
420.514535
1120.151420
644.405841
831.581127
768.994286
926.498841
1049.068368
937.009903
967.136638
506.167933
1298.810809
1124.034667
674.843180
832.809183
1151.439817
1028.985534
665.655915
474.834250
608.409161
986.824770
1127.344856
1195.626072
1411.608964
1193.517456
1129.140219
1125.155921
1120.533320
333.061212
1393.934127
890.406891
730.445044
807.024573
1034.973568
1147.817201
1137.569660
1215.683293
876.688392
1052.344477
624.971562
986.895811
1185.657577
1052.192494
875.780207
922.781172
742.287463
1074.914570
1077.174826
928.891311
932.797880
1103.715308
1523.460549
1190.661509
1595.672049
932.984232
1318.113485
920.090190
1271.134326
1354.756718
1180.215111
1006.819603
604.360357
843.670535
1337.964703
1013.582495
977.069674
1147.595103
718.621679
1034.491935
617.799472
1398.230798
747.064677
669.694404
1070.395361
1434.049875
1019.811258
554.063061
637.169487
496.891236
1021.141492
1035.164003
1001.937977
970.905271
921.207457
824.011467
1010.952961
1168.938921
1455.191278
1296.564940
1108.925386
1135.979369
1365.988340
1349.524836
1327.472739
524.366180
1640.979618
1160.675625
1076.187892
1973.592416
1121.412100
999.072036
1296.817188
1149.490200
1536.914994
939.734085
1179.407137
699.088821
880.108577
1325.323919
741.922261
1149.839175
905.426031
1070.220291
1455.754014
1163.536537
1257.645147
693.890911
755.568361
888.854794
1292.362976
982.809290
751.980305
727.570411
1171.816575
873.627980
1193.439773
745.567372
1112.531748
1264.079754
1335.955754
871.809690
912.214982
1388.986126
1077.886256
745.697593
669.573227
540.767100
1029.491260
937.336806
1126.091739
1107.879261
1303.000877
1054.284701
799.206730
1237.911593
892.093092
1187.614222
570.102499
497.678827
1001.235218
867.481007
924.560556
925.485218
1389.597223
1229.153671
1290.110814
616.430991
625.134126
1044.215411
1271.505825
929.907513
735.353732
1039.052752
1069.220403
851.379255
1164.374604
1362.149172
880.257526
1237.267229
721.030389
1172.604822
1480.051797
850.995419
1084.766988
1370.947277
1131.186815
922.190767
1334.829916
777.924952
1249.432915
975.427155
1158.382538
742.413403
881.693520
1110.942701
1158.505539
785.296130
842.519853
1011.893437
839.702286
1132.808607
845.753717
1554.723368
999.383813
1325.844230
1108.367005
1654.091756
1398.768590
771.091582
445.156824
1150.375181
1049.448732
1172.648937
1015.903556
1208.645445
496.513412
956.118377
660.736387
790.093937
1644.268345
914.010424
1104.014553
882.720533
1031.615008
938.703259
935.967742
966.600910
857.598211
1046.840348
1104.918985
966.755205
855.596308
1345.354067
998.194697
915.177415
1715.045634
1045.879692
1012.084379
1279.935995
1224.666048
348.252320
1109.600222
1204.428637
1343.562279
599.957078
580.857264
1001.868093
942.368511
1135.779599
1306.844778
1159.938656
791.522972
895.322339
1201.814444
1388.828326
629.659063
1222.564670
760.181212
284.540995
1066.346988
803.605301
1251.836182
1085.837694
1133.568787
478.240442
1486.658695
1045.749031
972.321837
1097.666391
1489.748848
1008.032811
1213.937179
1058.136798
845.890804
961.281195
1295.848215
1929.368751
1342.602418
1048.151579
1149.171012