-62.671298
1083.442009
1491.779346
945.885942
347.471757
989.612949
732.498027
1115.727045
863.289795
718.726219
615.758710
1077.331533
1053.923831
850.609500
1045.610155
695.001102
960.911033
925.213324
798.950514
589.259681
806.881853
1228.711696
834.762738
1297.564142
1451.992881
970.924075
953.974229
586.127042
1814.537094
1090.605809
997.369615
1368.292430
753.482716
679.003461
1272.897922
104.646125
1069.583650
1646.056506
601.196755
1071.750621
1171.726515
1138.144345
604.852007
747.313280
513.714473
885.115355
702.562598
866.410725
1465.618551
612.788192
557.065986
1449.779956
1301.876385
416.312131
1178.997990
540.455707
1210.037526
690.916023
1295.964512
1298.371306
369.461303
1111.436242
566.977435
1231.399544
580.860775
861.217958
1470.359521
1240.774149
1052.808141
1196.862345
552.375938
1661.188136
604.543055
269.965198
-41.091185
1659.429832
999.958098
1513.593991
1710.192268
1293.988186
1023.854487
1153.854200
730.374066
1021.475210
929.355096
899.243571
1457.185908
729.637559
1124.345383
559.873858
1270.866367
878.221738
1121.978776
909.832349
1708.328832
1046.458704
1171.780806
648.689231
757.333577
975.733593
1175.675757
1457.182303
950.433711
1438.085686
878.780929
1454.500572
571.344463
590.388387
1435.873111
1238.302494
1673.065591
1274.091383
1117.171022
896.200005
1165.951793
964.889167
616.483925
1233.989475
1890.399140
742.749335
814.287214
1182.699862
1488.435140
1087.101987
48.757688
1032.404211
517.335836
1421.983866
789.153692
292.826894
1723.317374
1426.415874
1116.528625
1329.512003
1114.649675
802.049233
1304.820518
1013.301154
991.501412
642.277868
953.539343
878.489556
913.263580
901.856542
2062.948057
974.724912
612.956868
1063.770064
563.108865
1309.695886
499.567934
1003.314631
1737.391811
1505.686937
790.779493
1800.087767
813.479132
1104.565351
267.543853
651.510117
1858.491871
905.563781
1191.276783
1210.841220
1240.215700
879.810847
674.984817
852.341050
913.482150
1081.085504
488.152954
1764.707991
1343.121726
1121.188853
903.936825
1389.893819
863.370085
1492.606276
1068.629325
1514.844357
598.985983
1454.533199
698.094614
1339.055230
1008.809403
1121.232030
1179.472269
567.131272
892.954660
867.597745
927.161788
939.828174
916.436063
1109.944410
1224.650541
1034.255689
214.075247
685.812521
758.622361
1101.826354
1518.557996
1317.021247
609.630128
1020.964793
1346.744049
464.083522
797.912016
1144.451205
1105.299213
588.845907
1142.034799
1006.402576
1172.957974
377.949822
767.798514
1092.423164
569.203743
718.789115
319.297576
853.484974
1162.553282
1189.297132
777.233614
875.715765
198.616886
489.023738
1437.487747
1493.127527
697.020064
1622.553209
1045.679872
1201.065532
113.337946
1320.391593
1077.912333
84.238029
1422.290984
1132.651750
872.714296
1098.339083
1082.564247
1481.279808
1288.245662
1453.657860
1525.673312
720.678354
1562.390829
1306.018320
1209.678368
1360.780438
871.145005
848.522819
1410.480611
918.109900
554.357137
1548.910118
1507.254415
830.754885
907.196039
824.811992
1235.983537
1252.099279
1406.670056
930.868807
905.175029
947.008049
834.058382
1097.441833
1158.427812
1187.608320
699.531649
959.606809
655.239832
788.118736
758.158289
1269.267131
767.209495
947.109179
1126.938201
753.462523
1239.589688
1496.697189
1348.359098
992.031998
529.954983
1433.505802
666.747630
935.790341
727.023528
1161.086831
845.895148
184.831470
946.508319
784.794216
1473.609249
1207.707318
973.500337
1621.792255
1410.931747
1078.973244
598.593598
962.864488
778.042900
1215.200309
1344.169618
544.114281
1569.580132
1452.020344
1291.401907
1386.234377
739.944578
667.498397
1605.683208
848.734633
792.602224
845.741065
831.012587
534.654311
519.200927
1141.620048
1000.399623
661.721728
1519.032879
895.993423
625.901856
1154.467699
1323.228184
833.917966
1086.687255
1003.567552
1374.417555
756.828086
1655.852680
219.796491
1333.425290
943.408932
1081.093499
553.136884
889.774139
715.948245
713.632147
442.112771
804.765842
1103.129678
742.715481
514.757908
1134.640910
641.289196
935.860697
1332.402263
1033.926195
991.532874
1525.102071
1031.522346
1057.639898
1592.105930
966.567670
1129.795622
1047.593921
1812.680808
1172.419554
984.919425
1073.043437
1299.042686
1036.363722
563.783264
657.691173
1530.124168
1263.335730
942.569130
884.882771
1550.088270
1010.075463
1471.316220
887.749003
947.186339
1165.920080
673.406476
1508.034607
1534.578741
1116.437387
1123.221862
1049.480081
1332.034756
1208.810665
1117.749454
345.854610
1596.231137
1812.454745
643.499663
530.052814
956.031472
1285.340073
1059.681765
859.661696
556.214782
1689.147418
23.968104
-467.688941
961.541290
1003.709540
1867.853056
1670.393635
842.391617
1181.576533
946.605187
935.673302
947.377784
1157.299395
806.262699
646.175010
894.064867
1136.842523
568.803149
689.906396
1745.642842
644.794885
985.362248
953.417854
1272.752929
837.769424
1252.289065
1620.508115
856.680562
338.396678
700.640961
515.163998
965.146938
935.510476
1782.442760
919.280231
767.940708
1235.481740
497.347673
1087.808938
1007.650945
1311.838012
282.978096
1005.072555
655.129720
1277.724942
1127.811494
983.708243
1281.680403
650.346614
1180.261322
1180.032798
688.245925
708.153645
932.076053
918.121899
848.775599
1149.488816
538.981819
669.120422
1029.459978
1220.221472
896.322890
763.791315
1061.105172
1576.958083
1241.398349
1444.111905
1191.892398
1133.347041
1467.023562
1291.086816
978.526630
371.190490
1461.485550
668.138294
1279.716205
249.481009
1341.759202
514.041875
1356.938131
1092.665367
911.327465
2217.326525
613.861614
620.025847
1316.904767
1069.670478
1505.632710
1078.558791
1275.595680
770.457746
1031.957660
876.422437
1404.545420
729.096455
800.610124
749.167274
1370.316531
1298.417416
882.371520
1377.695016
21.598797
160.574161
932.609205
1628.713090
1234.192538
1231.817093
653.491123
549.919256
1289.720592
583.982832
864.499332
1195.205293
773.469625
644.338076
1587.559183
814.441823
414.154487
970.250659
836.057859
1236.889992
1005.170889
1336.776326
356.267064
533.042010
1110.339717
2101.770832
774.026471
1327.705417
1091.920983
814.786008
1063.100005
1538.231712
474.894767
296.474476
1254.778181
1663.685861
953.464927
1585.687087
1251.345924
1021.102565
535.649729
685.716440
820.848788
1195.631019
548.140494
1371.795393
1043.531827
1032.310682
1664.003464
685.431714
1125.509174
1059.020994
1140.027322
918.537420
1587.168065
1589.095694
1013.198531
793.906114
700.659405
1201.861310
904.181828
459.300276
940.139258
346.221447
583.041744
686.758125
384.950601
504.256166
1053.053511
247.271920
708.207619
622.765325
1023.056286
1005.774046
1223.421242
904.501516
1227.995578
934.025033
936.436738
1321.650680
860.797030
559.561477
1195.063160
1711.543082
1507.359246
1132.819203
766.102740
362.067277
1326.897821
1442.536248
892.162416
308.707387
652.136166
1320.638123
1736.521088
1274.202543
1479.968192
820.757660
1223.331122
908.184678
753.605918
1586.380642
672.007057
1015.154285
1227.128368
712.462331
490.288888
918.682436
850.442832
810.306479
1066.942765
552.525985
605.963343
860.809948
936.156154
1069.542010
1259.862420
1498.136564
1221.907396
784.222546
589.055374
1117.842587
1268.799777
1073.174085
1014.211648
583.224607
1360.858048
820.843159
1262.790482
733.844894
1108.033219
1379.738213
200.921376
1339.895964
1064.720061
1268.045671
1507.519120
1541.061291
711.859808
1164.895660
1458.042257
1191.489585
1522.627618
1142.581695
1473.584705
689.264958
1065.032172
955.095450
194.809752
421.648812
532.900455
940.190088
730.567047
411.543675
1168.369489
1044.583944
625.954375
1009.822857
896.839534
1008.640391
1560.439058
965.123605
93.896660
1850.943582
1286.147856
1418.600514
818.654933
811.708923
1517.275322
1093.524570
918.819543
680.509670
434.798183
1053.411173
1352.293443
1050.827457
1044.434342
897.949332
965.246396
1498.155311
1090.254735
823.588063
954.687821
1212.593605
586.663374
481.543382
885.006544
854.668883
643.251862
776.110632
1045.631571
589.321550
988.793288
768.049371
594.677316
1039.861953
1201.081059
561.145958
673.331396
1211.584639
1097.364786
900.463382
965.082856
1251.759018
1716.898242
1471.554237
539.855376
1183.251648
1095.521032
873.451680
655.792656
748.551526
921.753941
1029.213247
1147.874882
999.452582
506.092862
723.337665
966.699400
854.306286
976.272805
1260.252640
1011.602874
598.125522
816.884614
2038.706469
1289.571331
1447.459806
193.460685
1414.642889
842.171706
1097.154059
1005.953162
780.443518
-79.034395
784.722286
496.421923
1545.130898
1470.069019
1120.696040
1337.743268
1229.286306
783.691455
1014.931588
661.983241
1280.754333
1120.002454
736.873923
716.435708
953.863169
1033.247475
432.840064
727.290801
1070.650562
782.452818
504.862981
1626.341810
930.697673
1249.867722
1065.101974
1524.754995
1264.120685
1047.085582
1107.987508
764.159042
963.493693
1336.269673
1137.759438
437.609507
770.029447
1276.381664
1636.796048
1660.886865
1331.097774
348.088275
891.278697
647.216659
762.393397
1077.014684
1175.179479
699.926290
990.323401
442.305379
1870.188704
1509.197443
1159.696491
462.531716
964.374371
699.775406
1437.256952
945.500721
1102.600978
1036.826724
1323.452710
898.467095
854.730269
742.766088
1259.452870
1210.277700
1863.493286
1684.871688
1155.203702
1265.817735
1176.800566
1337.964850
377.312798
737.123119
1106.417777
1339.967059
403.171063
1006.819704
741.650919
460.066283
1368.352824
807.893460
853.646972
1220.631880
1075.731794
1552.998315
843.866982
1117.458420
1320.069859
1043.846105
2075.632190
622.268489
1099.618395
1443.529084
1033.194767
1163.047269
1133.740848
1558.129915
1716.702572
868.435403
868.897887
949.053647
1026.847084
751.519558
1598.379602
791.402391
291.196426
1533.218975
836.471181
714.050621
825.241190
1303.195124
566.369845
1556.775335
1237.842007
642.934607
1163.499565
477.408827
947.957230
1151.263811
213.196618
1156.168335
1560.677377
1219.100471
1533.710209
697.495872
883.786225
1141.449058
972.357407
1299.914554
386.167129
1543.850451
855.078582
814.591595
348.323280
1179.557701
1162.727987
937.080467
1042.754259
291.420124
813.776816
1200.473074
335.863271
753.891202
1325.365232
1032.990552
1734.038951
272.138616
326.035830
1123.510585
1768.621701
1414.536496
509.480057
322.491940
546.126736
930.276156
1097.833833
1191.998546
722.002138
1891.996588
981.414491
609.593595
711.221075
1082.434018
1270.363727
579.274909
878.161260
964.700694
1136.744540
1255.538841
1122.698391
564.572406
705.351374
1170.418788
1510.057752
1228.154955
958.561103
1012.462289
991.913834
766.144103
852.696396
165.027484
1316.378316
950.533513
1192.098821
999.460695
941.195222
1109.461956
539.670433
949.801102
1142.500514
1200.522711
438.702160
336.414513
1156.277154
1334.051473
1462.903476
769.653252
1198.451869
510.602302
1003.315546
880.861051
1108.278532
1240.088720
1561.999232
803.665495
908.079001
482.466661
593.574417
607.052931
986.399929
635.633764
830.845278
959.537415
1457.982250
1419.003539
981.669377
1051.186125
1015.583628
982.644826
107.401935
1337.681439
924.527319
1150.846633
973.241516
954.447822
891.645905
928.112463
1032.538951
589.885048
854.429883
870.681912
1130.050599
1008.540989
717.498519
942.723102
1544.071960
741.112320
786.374481
1216.520406
902.016541
1204.490990
474.504848
1574.477836
456.642653
944.746721
818.394513
1660.487296
583.247825
1088.143285
679.900606
201.727606
548.041796
1031.688965
779.785683
1837.868849
1030.587330
1062.300458
786.693224
486.524664
844.535515
589.835122
1139.340623
969.086124
1202.179762
690.206305
506.506387
1785.361347
888.750011
1503.051429