1231.393291
1346.146815
931.172646
483.778898
279.383341
651.062527
1034.274682
921.465643
338.964403
1109.119084
1182.462936
918.549712
503.503499
2098.150309
759.909183
782.504496
571.430162
-471.854070
1103.031831
1075.421684
692.532670
861.569234
719.449211
854.162664
177.220919
1511.905779
901.094598
464.104358
960.410097
940.396592
1567.706011
424.543596
1053.190209
1349.820885
21.594917
1208.616643
1392.797704
1256.435871
711.336102
1676.661092
1384.808382
1043.646546
1166.996189
479.774970
361.780112
785.405789
588.088136
573.589308
608.946671
1393.883930
1246.197243
1267.097251
1071.507329
1193.002870
695.427458
230.439513
1255.378993
1293.612979
1986.239872
-91.667331
881.552479
149.845918
1208.255282
1312.374615
602.633476
1380.305946
698.615932
1048.356929
757.720141
626.514082
460.431459
356.639137
1613.705979
974.546790
1055.275268
511.709604
1540.994888
438.595586
585.150013
443.682095
993.040655
1192.710564
1420.171105
607.261532
526.411265
310.618215
730.447194
1141.691763
594.537475
1067.108391
966.899341
1487.845159
1253.780944
996.680222
1303.641850
1419.904377
555.320479
1168.160736
1151.793847
1297.429599
548.835323
160.815964
812.228913
1347.094249
1022.006147
1516.547119
1303.173809
1016.125041
610.125634
1469.760205
643.417227
800.109021
771.191934
360.065035
714.616669
883.298839
1028.738453
1302.505469
770.962921
870.510752
881.758796
1073.108160
1648.160506
1858.122389
453.672461
1590.145774
1530.680564
733.066902
1295.821856
1784.223492
775.244698
1018.876688
1917.330741
1744.566523
1485.891714
744.125632
373.053913
1028.242325
1085.056281
1042.082085
754.905326
770.718103
1024.600584
1957.835280
1508.159781
1131.009472
825.168255
823.297029
1024.966141
759.252056
1198.378137
1630.243671
997.472496
625.897534
1337.098558
1664.369090
212.565917
1036.273497
1288.928430
617.980188
1652.314702
508.872786
1229.026504
740.751870
1052.970176
787.018841
493.256795
1617.126339
955.092909
993.112868
1578.211037
1066.676958
764.759510
1219.970132
1118.596214
1564.405073
1090.079838
1005.923067
220.490560
123.823585
1262.187847
589.411791
677.209037
771.062245
1422.910137
1094.282337
742.927172
1091.707110
1544.187002
1342.550204
1046.822273
1243.238826
1163.198067
651.103681
1813.397033
1119.548098
1413.914129
657.176046
1475.071978
1035.739898
1185.402825
949.348552
1558.115525
1411.784926
1091.967401
708.341881
1317.271551
1090.003907
1201.033917
785.428109
1163.305430
814.493900
1448.277928
874.387937
1679.242791
1131.615144
1106.737286
922.782964
844.752936
1490.298262
389.524798
920.730394
1312.146766
335.583471
1167.848208
884.846230
809.053491
953.381773
750.280913
884.823418
1368.878046
1602.591121
740.995043
821.703262
1428.342098
950.547200
1383.434155
970.016222
1224.658820
518.342318
1088.020618
694.338797
1207.214982
1464.451497
1038.872736
850.559380
1338.424598
1120.762680
702.685656
1410.312183
932.293530
274.370447
930.853148
1091.819073
1349.577922
549.209517
808.444617
2058.564789
1079.209568
38.925795
1065.858890
1306.569373
1079.879820
485.759200
810.708350
910.097479
81.446609
795.091231
1164.115194
2621.673053
564.012799
1107.031633
1372.933928
516.048617
835.496819
585.606159
600.576005
1073.203443
833.244412
1530.889370
870.800502
1017.884279
1134.030462
1500.738293
1370.849598
1167.444985
582.804473
1458.950656
1265.948861
1307.050062
1011.868669
1149.584008
1148.805166
579.692387
584.648792
1210.033469
1320.149163
1481.361583
1661.597708
821.294034
832.628217
1582.582243
917.350905
358.009414
642.018598
717.815187
215.817323
405.624179
1345.694678
350.034475
1409.528160
1146.596843
242.539465
1194.397780
358.189331
407.483201
1082.963438
443.970817
893.362308
1001.296340
356.393779
1032.400440
1552.358882
1668.788820
570.262379
910.556977
582.030123
1526.586645
1196.599028
883.089208
606.297483
1228.706376
1408.874195
631.208933
838.666990
980.808520
483.439866
734.501210
1314.341192
756.722661
625.274535
1288.200510
510.996803
1729.070040
1390.356064
1406.719739
1190.637502
649.172000
253.432937
1124.324625
1508.014469
1455.351339
946.771319
982.077035
483.656101
833.103727
823.087787
1303.502424
1212.903489
1967.703801
998.515668
1124.841558
700.043863
1188.288198
461.690237
656.584040
1185.563260
1113.071769
1542.607682
434.924424
971.951395
1118.110923
1357.270304
557.096670
1185.947752
1536.735953
633.321143
830.695665
570.215227
1260.835820
1002.673261
1274.401138
1515.546309
1590.609515
945.555953
1177.281290
675.123123
1027.764183
519.281952
1515.805634
904.973988
912.257554
589.877296
867.894226
705.575060
978.543460
1464.043261
1908.400746
1373.983169
704.711257
1556.491117
894.760941
1021.635659
897.544895
2189.577543
1049.811688
1104.111181
41.734388
445.172296
923.135502
971.911904
924.811849
1263.600417
1402.983003
685.343724
838.933846
1022.891742
660.854013
771.807111
1011.381756
1827.135100
990.788776
573.843423
612.631198
1328.809193
1376.779685
1664.647386
912.148712
1052.400290
390.680515
1452.546753
1062.084907
1033.010078
1135.104511
696.608004
1048.232712
442.828769
190.381462
591.956633
611.680422
1113.722120
861.088557
866.510763
916.738009
1036.173591
1065.197265
1060.448600
1682.706078
1338.302548
1556.198833
1183.469799
482.738915
1015.127516
2126.196606
473.775823
1494.932318
721.422874
909.194518
1024.569131
1010.393841
1061.191233
1549.788805
367.125053
1027.248175
1027.959755
1140.447196
659.516753
1193.338753
1328.709673
739.470871
840.992603
749.936891
1001.764763
1238.951528
963.928164
727.722419
782.213833
1250.401151
1594.235315
1738.021255
714.903423
1472.008117
937.184391
1215.359603
799.555063
1091.548176
1333.855580
1226.767405
1488.018844
960.012551
614.697042
1052.385864
924.060193
1459.596462
1329.140100
742.630178
1013.033998
1260.476143
1813.121842
1243.958561
1016.345206
768.294270
513.728808
1285.848584
1203.957783
1282.776035
866.092711
475.636463
756.068921
1451.887528
456.819163
1315.114830
1009.560693
865.380179
560.049187
1620.607276
1126.769181
705.790979
1503.348531
769.733889
1006.971872
1105.915744
488.771802
703.725987
931.943851
1145.339966
1026.185272
149.253881
1090.980887
1347.346061
251.345977
320.905669
1535.077221
908.444758
1230.773897
1740.291922
1169.934226
1089.124025
1000.786895
994.274221
1034.136880
1241.634048
913.693054
458.063184
989.246898
447.126032
794.687422
1015.613848
1189.153553
990.942939
1017.660742
1144.985494
1539.950239
1461.016218
1050.242269
436.419988
1264.449776
1121.162586
649.155223
657.115661
392.515816
1000.580605
1546.844267
1494.780964
902.540248
583.598981
252.820197
-188.873675
459.396989
1207.170545
1416.905246
1054.714028
130.306404
741.020862
750.123726
919.736087
1165.923491
1231.792047
1640.212567
659.371084
170.816881
707.187300
1584.669997
220.244465
971.953977
371.793520
45.751524
1753.773921
567.069222
516.288286
687.379193
1078.723106
376.560348
400.254193
1292.642639
538.366476
218.542826
1728.983468
2251.861457
924.511142
1055.527259
853.325995
884.133394
1537.460628
1336.192130
975.934220
946.389599
263.727870
906.741097
614.784428
999.847033
999.923571
636.284505
1315.986287
309.898269
1164.373870
793.071850
942.118525
1031.664873
932.161153
1232.429907
1041.713880
-129.095695
1120.162681
568.641889
1098.543251
842.244755
670.684472
1215.460982
781.409593
1240.993939
635.465845
508.066285
795.312205
943.072622
863.769925
791.349241
549.896548
165.675715
627.641611
382.009828
675.038991
713.436113
756.338016
927.068658
719.527098
844.093835
566.423161
1270.304647
1023.046973
1031.920849
1575.747357
942.697426
1251.450010
825.458786
993.644403
1207.413024
858.078869
1188.681353
595.529170
1248.077923
554.292785
959.651434
907.520332
757.958434
1361.181605
943.701729
1202.770514
1193.677118
820.157393
808.020631
293.725113
80.227940
830.528206
1488.424998
1499.918550
743.367968
1175.694849
1296.241938
1295.543750
866.699172
668.783763
940.440588
596.386157
960.455559
1102.090160
1113.057557
1423.488739
659.804085
1173.366069
267.109073
585.317997
612.541419
1691.111673
443.222557
1675.092871
1396.433401
685.943295
1308.307471
625.078821
1570.135111
1359.737109
1510.207312
1628.946734
1358.362998
792.968767
1099.547193
1329.888226
1371.655049
1158.760650
1156.613278
307.834077
836.132592
1187.829621
1179.622824
409.791659
1180.065960
1603.360203
1434.976894
914.507247
1067.473139
190.921290
839.572526
1211.059670
363.417939
510.266199
1499.066793
864.271261
1732.997583
638.404855
823.280369
1393.513294
897.338671
1093.596930
509.868673
1620.888062
1253.767275
521.398136
1411.809758
758.542486
977.809685
626.739777
491.135798
1514.764200
124.631870
956.013066
1385.348843
1413.166382
1440.395524
1246.954599
680.520213
1620.291574
1068.786749
870.985200
1318.289083
980.622506
1380.049895
1316.673745
924.367001
752.651676
983.427972
939.181281
1229.747202
571.593796
755.955200
1897.122182
1609.736515
1487.004181
1292.727122
1157.547439
830.569552
1100.346611
1247.558273
1640.115648
383.791289
574.298217
753.813678
836.551132
1298.591947
562.541069
1176.345382
1231.614307
882.851895
367.869554
759.710970
848.877964
192.012570
1150.753548
552.829561
1023.924164
1132.350940
914.191808
1415.257657
375.078819
1030.461588
1017.936469
1025.654470
901.581728
1166.911789
992.727264
1355.986171
980.093962
1508.123927
811.342403
1667.007892
877.881015
1363.819116
875.954762
672.946386
1636.277745
1254.086939
857.705211
725.781494
534.971637
1086.275829
1143.417683
1265.909360
940.241799
986.426591
903.342063
824.986956
593.138399
668.203405
777.415879
1068.544489
677.023364
819.611548
639.884615
-7.440749
1332.580833
891.276601
884.886349
1179.313969
808.015977
465.130414
682.310137
972.883895
498.313934
1196.589557
777.444130
822.356254
1060.817837
233.607006
1155.953564
1008.721589
768.787533
1140.925066
1089.173614
1388.490990
468.322923
320.413165
1053.558116
48.133189
1476.373466
556.135549
1274.113325
1017.882175
745.188153
764.144690
817.161689
855.726686
1727.144477
1395.828746
1588.277761
824.635587
2295.093364
1474.933771
71.189812
899.270981
348.068625
1310.321978
1045.745869
1420.299767
1045.550732
677.653663
1807.013171
1294.004324
132.851109
1184.431458
779.916973
1240.851803
247.326892
1652.166932
1407.769545
1267.880090
1127.438070
1453.614275
1039.851354
1367.654108
352.183373
310.491467
1336.238317
484.649394
1974.603795
991.286661
1456.614370
1435.546006
739.191357
1003.964561
626.738268
1114.993760
742.405764
1029.747998
658.203527
1001.388307
1181.157512
1204.501491
1124.928391
1123.658433
1575.793183
992.417543
850.888846
935.241308
845.725322
1610.727954
334.202623
959.512284
1661.129641
771.311786
1345.630216
890.188575
553.072468
338.234332
1332.809805
1070.804223
944.468415
289.157461
1336.234401
1485.347735
1452.993365
924.257149
1169.257075
1731.754641
846.215670
935.296892
1243.530135
510.805376
1060.151148
1317.842357
598.036191
862.037124
1352.426833
1866.969901
1133.553417
741.652639
1463.194755
1138.770822
746.915402
1747.517450
1064.684011
1059.904469
1369.719177
1080.262023
2000.228952
710.702102
1257.527778
830.885190
1461.389308
589.086995
971.506944
1310.116710
1231.702829
516.246759
1515.733939
1527.638771
1074.915714
1258.463046
750.564132
1338.702657
1557.614372
2164.408379
571.513851
652.361764
1439.544184
1058.777338
886.038817
166.981942
1219.549221
1296.225550
1344.155797
601.423036
1193.787288
674.332948
1584.944805
857.154798
1400.662319
602.751283
1371.586534
975.291626
1027.131805
912.291014
758.824106
1241.576766
1656.260914
772.486253
234.252829
898.266202
321.408489
954.674552
1214.614208