899.771555
795.080923
791.687878
1068.946609
1304.483957
1127.452119
988.786504
868.855004
586.175488
1054.300806
603.871390
1290.283782
1045.962631
981.118174
920.598351
1117.185954
1094.793888
1292.883006
815.007537
1301.540969
1051.613636
1291.662611
980.387363
962.941204
1118.077506
832.589276
770.264772
1085.521437
731.690100
869.552477
879.673074
896.708759
1175.316815
940.312918
1152.713558
879.586069
709.296176
914.557785
970.214066
1180.090878
901.687516
1212.227701
1110.604830
1024.049043
876.150388
1058.052249
936.917498
909.502288
676.762106
955.496981
920.259578
1222.436470
855.056675
664.358332
1143.354544
843.218375
1103.504801
969.966101
409.925548
824.338650
1467.853829
1178.195786
1294.366494
1028.606240
1192.955669
1154.014406
1117.428193
1078.719364
834.393413
841.273526
1296.440113
1733.095068
1070.049490
925.455749
921.688142
766.319428
1044.189912
1081.869964
1175.400322
1239.388127
1028.695365
823.818818
906.361121
1215.338498
736.305990
1132.339774
706.011343
1197.953344
1022.477877
1119.386553
1002.552656
1101.360532
1065.860839
477.293818
818.360318
1358.074024
1062.389639
691.798853
867.605051
815.948053
964.533727
1211.470689
1270.366244
1315.929348
1166.951659
1087.727358
823.412371
1316.818382
1099.476985
937.245083
883.679207
1105.709825
681.449777
1079.440530
1109.953848
782.991639
1096.980366
1303.500890
925.547718
1089.184482
849.630250
913.016649
1044.929110
695.265631
1070.355793
975.905555
843.355762
1084.851745
1182.644263
867.269609
1230.377658
1194.822695
1322.032355
790.431737
915.288587
930.221785
1055.359240
1104.773537
870.506495
897.282350
863.213979
1036.664351
1171.029066
1108.724624
653.405682
1009.068593
1091.792488
870.744157
1358.330085
1066.092404
1210.617544
977.303623
734.220105
1198.362806
908.416584
1421.095417
656.813193
926.712027
1178.719999
1350.484397
713.309257
714.271762
1249.240429
887.502166
944.501821
527.880166
963.766969
1363.035984
1028.709493
1180.831041
921.560784
1081.373554
830.424179
1155.887471
964.803270
877.505189
755.957512
869.702590
1135.914823
803.492425
576.929745
982.602925
511.947595
605.918668
1115.111643
773.019492
1198.144725
1253.134061
741.735687
1404.501681
823.401756
1037.415648
942.484648
567.503824
1081.878789
1355.574209
907.072035
1030.869445
1062.705672
1182.635334
717.455857
814.928829
1385.461747
818.925150
1106.432132
1088.499815
1197.626265
1346.288300
844.169431
1209.845770
892.435144
971.237961
1312.450018
1133.621125
968.176467
1069.044606
1217.800596
1181.292096
792.288811
461.958826
1502.854847
1303.957331
840.480932
1100.268374
512.772407
1377.337373
1143.876163
1004.326122
1177.847924
1243.451594
834.876895
1366.950976
959.868254
1181.152425
599.970008
1461.793373
1094.130065
1354.485315
940.436566
818.273653
659.561822
1551.888562
1429.548692
1225.195595
799.745871
1244.502901
977.375703
1016.433622
1144.985101
1313.884014
1447.875160
770.387731
884.031136
1002.822659
884.165519
1046.390041
1102.062371
870.315167
969.028809
921.919999
1075.101194
854.550562
1028.213716
810.680120
936.256950
952.844589
1139.628833
809.711686
978.261678
632.370585
1341.003569
802.906866
654.836571
1301.698379
671.018348
1080.309706
1097.789489
793.094146
1014.080565
936.391097
1102.970421
777.812458
849.345248
863.383420
1196.787761
1484.009714
849.868835
693.606543
1024.343946
1073.872422
1102.485887
938.283363
1019.734122
634.548617
973.332598
1051.819200
1086.052740
1118.091457
960.167213
1421.662063
879.704629
1078.710860
1241.871292
641.583702
1132.011467
1141.888458
912.901301
986.399204
939.726256
1242.977132
929.158480
1005.894584
1005.561145
1457.136624
646.893556
1377.386399
452.405898
1218.474953
1115.123376
1008.598574
1074.350505
1073.419062
1121.940102
852.878529
1251.752746
1292.262918
921.018666
967.447359
757.767846
864.955668
976.824870
957.063735
1029.698988
923.754393
1286.897602
1029.147665
1013.592115
958.970577
616.049863
993.951636
773.000079
1014.796078
1150.850966
1194.032719
811.900595
952.786688
1045.359376
704.098796
1052.725297
1206.201302
984.226581
746.765911
1055.414283
934.123478
1171.136389
1038.926392
1000.866655
973.538390
949.689694
1143.625905
744.732571
866.510353
884.923489
880.219015
1232.751556
762.252683
944.895905
968.821408
939.254061
733.118491
867.449800
1102.936852
777.864047
1313.687891
921.171819
735.329368
1141.458574
1455.406446
1527.844778
1134.920086
1239.885604
1048.283623
1017.276815
1437.256444
922.709515
1338.474345
1447.683759
966.264006
808.126310
999.764545
745.515167
1179.832889
1212.818002
1069.927653
538.292784
886.805118
986.114963
976.112359
796.948113
1058.535707
869.222690
829.263559
1014.840694
846.077216
581.139443
1459.707127
909.858535
1495.615179
691.952280
1187.631050
1143.904166
666.731936
968.177031
1115.607199
917.110590
1173.617143
1113.486708
966.253409
1434.301413
832.228418
1100.218228
1086.463492
777.171366
831.231170
936.442465
982.670208
985.857784
1357.646448
1512.352600
659.943988
958.214297
578.519683
1165.852274
714.463917
963.053899
1029.145771
978.163305
1459.971151
982.480814
1035.184323
731.360008
1299.014761
1003.106122
501.040211
968.632149
1177.534943
1243.766302
963.772415
986.852784
1279.516018
984.152620
680.077714
1325.466715
1267.029572
1170.344121
1386.556081
1186.744215
1173.035379
804.743344
1260.072435
931.663815
1142.730956
1023.502838
820.815085
1205.013210
1252.976058
703.653251
1175.266630
721.038384
1022.078592
1000.513247
921.809930
1046.719581
1102.685557
1205.610326
786.932336
1037.663978
1126.508155
1302.815006
940.913883
760.577434
1070.402681
754.943148
413.158285
719.254774
707.091211
1115.603505
882.000852
889.731930
928.402262
888.165001
887.455863
1080.992651
653.509252
1021.576830
1294.724603
889.484335
1256.603109
957.402420
763.888837
812.589100
749.662365
1054.617701
608.868490
1170.202163
930.745664
723.194546
1315.559968
1190.334829
1116.151997
935.809877
891.663191
831.796723
1041.056412
784.829416
1016.125831
974.687674
845.554633
1059.161818
675.324763
1113.902076
987.848366
1105.937023
950.626851
1099.090730
1078.843067
897.679961
1258.941538
855.105762
1068.070707
641.003434
853.624904
1015.835232
950.201427
1064.331819
1006.110563
807.785007
832.249227
923.642347
1317.796082
969.973601
1009.925668
1073.220491
1116.655369
1057.692316
1040.176234
988.133929
1043.477064
918.155799
1247.238852
758.482150
869.003174
908.312545
1624.573562
1150.319117
1512.872006
337.660874
1330.674492
1114.848165
539.719482
1046.967549
802.955718
1120.053935
1081.398859
941.521531
904.310565
933.466293
806.583562
702.867621
1027.706111
1011.186657
717.640033
877.017753
841.775136
375.953476
1135.154583
956.283385
956.988793
1203.813811
1008.811561
1150.001684
1086.257504
1127.943778
751.106965
977.862422
775.923943
1099.367267
1088.544754
805.352948
870.374068
585.040277
842.996840
853.903708
514.276505
945.042081
1230.846824
1227.106908
638.711165
430.298161
1384.477119
1095.994651
981.860708
757.049818
1014.399338
673.493080
1361.591713
919.241824
833.637654
730.120931
1086.414395
1050.569056
470.600757
1084.952339
1081.384851
667.838228
816.530920
923.210649
963.338231
1172.688770
555.158699
880.974043
684.805647
610.782870
1186.726093
1090.216464
988.081918
1179.439088
1064.676170
1468.282496
1364.858936
903.649319
1020.699691
1044.705818
910.037588
896.885830
1216.620561
923.594322
1089.987020
1029.299961
1197.930528
1075.214091
1322.239860
608.299017
665.069275
1056.108795
1212.361220
922.880858
1010.547581
1212.162073
920.674462
785.975857
1458.937853
807.202053
857.745023
1036.008948
1112.417603
774.844671
1022.619902
1524.002808
1430.718804
745.215778
828.100885
861.443120
1242.019610
945.975164
1220.729441
1007.738216
1285.924029
1095.376532
745.090498
729.447659
1057.276423
1118.226159
902.880420
991.692275
1360.812300
832.769520
995.265203
916.676226
1002.210314
697.861559
1395.685046
961.097274
1574.642255
1266.365481
1162.948141
882.882547
1160.456943
1054.235403
1292.102256
595.439828
1053.713243
1069.948213
815.352109
1173.637063
716.723754
981.506339
972.430687
929.391560
753.778637
906.635629
511.470895
1196.825646
976.972350
780.408955
1547.351791
1243.974084
819.515778
1268.090213
795.176189
1019.439865
647.643867
1659.419236
575.346870
1211.691684
1179.671067
937.483724
1236.778289
981.236294
723.346468
837.789443
659.604710
1008.669445
1330.603192
1321.010927
1304.898697
781.986428
874.557243
1158.041614
884.447010
1074.855557
842.806149
1253.190347
1238.703805
1100.332827
737.722862
790.611202
1034.461555
501.005091
863.228577
951.244154
745.374081
1300.906808
1512.158838
649.554441
1051.959336
379.244449
1173.507879
1260.353032
887.524887
799.336524
939.942100
1105.920501
979.141748
780.130898
917.888276
1026.695114
1189.770131
643.224058
704.011066
1027.826088
1293.138976
572.496711
1035.456930
577.664987
928.397696
903.831449
1453.318999
744.618401
984.224119
1129.842983
956.232130
1013.853726
956.339591
294.084182
1172.859047
745.940125
1083.400981
913.010672
1218.913941
1255.176269
500.316660
1084.083219
1195.624761
771.315053
1670.669247
719.482606
1179.815368
837.442753
1110.194372
1016.242455
819.163419
1177.455623
1061.673989
845.207560
979.569504
1017.260952
944.207003
930.821624
1059.315979
1069.324754
1070.195528
938.573202
868.478576
872.182865
1201.552080
1188.914180
977.449316
911.868751
630.339939
1026.183473
1083.730850
1085.756937
1140.502971
1162.562790
1022.996788
666.249707
1241.760384
772.675902
988.872032
1065.737485
1009.904960
885.256007
1111.977136
902.657843
1174.847044
796.455460
928.729391
993.233009
1045.642454
746.985730
803.339213
1414.796486
887.671671
617.629372
1072.286339
1155.678368
1139.226735
1044.971477
527.159026
718.174287
734.745353
1092.015390
898.612729
1269.676580
1004.608567
751.718280
769.225260
1304.445470
873.898032
1115.156245
1347.522707
1099.022838
1073.464889
953.987247
666.003050
1388.706148
1223.500192
1291.428483
727.433376
998.473773
991.673231
1001.046432
756.160802
1013.090781
897.339106
1032.426443
945.691250
892.582354
929.976271
1165.087669
1023.775584
958.829195
759.472458
1166.499355
799.425935
855.642583
1013.139627
1150.395650
1117.765589
1060.653663
930.754761
875.512072
712.145496
1188.080160
945.184453
1171.066481
706.161009
777.481053
890.271305
438.867632
905.886123
536.766299
1495.609916
598.745150
1488.595607
1044.135484
609.901456
865.775348
889.506340
705.989482
759.008901
790.867349
821.787636
1042.396712
888.078609
975.224492
429.279304
1120.229316
955.104789
963.548752
1227.916447
723.104419
473.668384
624.085427
1265.328237
1153.231431
1209.923339
1180.496847
361.787476
1001.008781
1082.306532
1005.745758
1281.139264
891.954158
943.624025
1144.160564
1003.215207
696.164588
1131.192806
586.074719
855.822643
963.781401
851.020571
427.081610
730.341255
1191.382792
940.619688
1292.901717
806.352418
1065.571709
664.019731
990.369740
919.813387
1228.698016
1335.640750
1103.293591
852.269080
1238.644497
735.944602
1087.539286
550.127594
856.655056
1367.671241
1565.636965
590.061011
1145.504956
1011.092959
722.857701
905.056569
949.140411
1000.324956
889.995546
956.272289
1004.937036
925.183761
988.002909
1311.468152
1066.493318
1001.221238
1030.784687
768.070916
1063.395100
702.727177
901.848425
842.839032
908.310660
897.027955
816.162967
854.655090
1108.955686
712.560460
697.534625
1398.297635
1376.114635
1134.658446
468.291860
1099.528400
1126.577075
819.289484
730.401108
895.909099
1027.793349
1302.041267
824.862302
1257.028943
1045.206614
841.697669
876.153102
1228.878561