993.225936
1252.146259
650.492921
1111.825385
933.850006
1212.888591
988.724894
922.583422
1103.168909
1024.835798
919.333666
590.769245
1171.024661
1146.817612
869.804480
472.715939
1091.998892
1076.099322
917.280330
842.444779
1094.591589
923.313578
1230.973901
1080.659838
619.093111
710.101108
772.056508
846.837359
842.422536
1089.803326
817.782492
1078.877643
734.248447
956.499935
860.154451
962.799232
949.329321
903.336524
1046.460825
1141.385220
576.051965
914.212103
1239.649917
978.917945
1130.940194
841.079157
1057.443884
969.187653
768.527224
1186.356545
910.520016
913.447886
783.085130
1175.517815
1010.290721
1000.064395
975.113150
947.709249
1009.093170
901.330024
1037.022986
764.697573
906.077349
930.479629
1155.541889
1116.732208
955.496715
905.722716
1210.978840
1135.285072
1270.035604
1054.223490
830.829848
895.974005
1407.284531
757.825272
1023.807875
1024.248376
763.394851
1003.982047
986.600341
962.998660
937.629485
797.092048
923.233309
761.018119
991.767032
817.926747
1000.148983
900.821041
995.974672
1038.340658
1303.356079
1195.784146
870.958409
1080.901181
1091.383500
785.533404
594.870523
1147.116551
859.776853
802.863398
1172.460504
1210.519493
876.006291
806.779659
1132.107349
679.730207
844.971226
1349.600663
1065.532723
773.503339
927.245917
767.657269
1173.092807
1296.118031
872.137341
1028.678515
1076.107310
941.654035
1436.798435
1073.991731
826.638494
1088.463886
885.324535
942.915144
1240.837029
646.515655
940.613137
947.811900
945.260297
705.296087
818.640937
1094.401889
901.317029
797.166899
1126.308200
1019.673770
888.499503
934.660465
917.650530
888.953512
884.705237
1101.987507
980.368961
760.676401
1054.735917
909.572832
1319.189818
840.072876
885.943297
945.582801
1310.375210
1157.588235
988.367181
876.804960
1099.862875
1070.153077
1229.216837
896.550680
970.844878
701.753084
1170.742495
960.656139
788.455735
1297.209338
922.207433
1064.481196
972.124085
711.582420
939.868431
870.183047
1100.615209
720.283384
1274.408197
749.519248
1301.790000
893.308457
936.720478
1100.432043
823.229188
870.121262
962.325394
1011.359376
1165.974366
993.381534
1096.964943
931.206372
890.065727
915.817339
1185.333559
838.643899
1044.615136
854.423068
959.352499
937.167679
1001.596980
974.172269
999.706115
845.481531
765.349833
1101.032881
1166.534240
882.937542
1035.965711
538.579706
1184.593377
979.533541
1004.033360
857.094521
1199.518836
867.207418
1269.563430
741.355933
984.199127
1060.029548
1046.091003
868.877759
945.041602
796.714142
889.111409
1027.705405
894.118749
1137.066184
685.938047
1196.418670
1015.512294
1123.395131
1019.183308
814.075330
1017.904841
898.873095
734.389373
1106.653827
908.801980
844.220705
1329.806905
1089.071332
925.549268
986.190791
910.660967
1321.654025
850.265646
1178.075302
1304.678394
1319.662262
893.683245
1149.418366
828.626138
981.266804
907.344579
817.714545
1028.490767
1078.130387
1047.083467
949.345100
1347.106902
980.399713
1086.813070
912.096619
1084.104055
780.389445
1140.989203
992.115266
1058.700207
1137.652908
1038.550814
1058.698467
762.267599
1121.658562
1169.364253
665.079396
663.822516
1086.956009
715.749431
940.503612
896.979058
920.669845
959.537545
1156.769363
805.939982
895.317829
1141.122788
944.367588
1211.291316
1111.785935
978.680307
962.677030
999.489043
1083.272266
1117.694780
1106.809856
993.400242
1189.681582
1043.721729
1310.296806
839.995832
1215.426862
952.161838
883.156154
1045.300512
1055.188967
761.025959
983.022124
932.835118
721.129478
1152.426641
1091.367952
813.580450
1127.613305
1235.629319
682.594199
1125.653582
735.447751
938.063252
1071.995896
905.255933
633.012836
1107.621183
682.471352
730.547975
957.451214
916.886249
896.220290
1131.005822
1092.543697
880.716384
1059.386170
881.602425
1099.530358
779.448320
1089.096654
921.495198
1046.395744
735.099497
1090.707280
768.873436
1396.699299
1079.383590
853.805421
1199.703580
1177.293617
921.942842
1146.797513
899.124955
1186.214324
1115.657876
1146.742283
946.399035
1021.080161
932.279948
1255.699769
999.411254
803.686674
1063.055570
1036.200264
898.339548
1358.990445
1019.913604
726.976369
1074.354839
1017.277353
803.776178
1107.154678
1053.211548
1276.881851
916.839573
905.379363
1181.103440
1205.626313
914.568790
878.926512
778.120659
1035.621790
927.269912
849.660513
1098.502731
1143.590193
806.143778
1039.815424
1139.763838
778.949784
1228.336356
1012.941783
1120.176211
1400.819976
788.507542
875.435683
1219.025066
572.156109
896.215421
1015.175833
1126.154098
1089.758031
885.301021
1132.058188
1070.522190
523.353935
1163.362847
1164.570906
779.210253
1076.903250
961.391271
824.439467
838.331720
772.217522
1194.208242
1221.642733
1030.623620
1091.840070
1049.345787
1274.574843
1165.434220
1085.141614
1124.806772
1144.169952
943.935025
863.393400
960.822835
577.183874
776.662882
1049.773793
1029.274871
1207.698347
1050.761253
1046.611140
929.340319
997.615186
1153.023256
1130.827534
987.190583
1026.694297
754.215546
1154.020345
728.425302
976.280809
1083.946860
1223.858103
1065.457941
1002.470864
1004.736543
752.659510
1035.749836
1137.608711
1194.796101
1145.596505
1067.887081
904.984735
888.683133
1055.945753
1273.876526
980.783984
1044.619398
828.510053
900.307567
854.198200
783.313871
1039.022060
1266.508455
1062.453219
1030.399594
881.021283
1060.387272
1043.387197
939.976825
852.232063
841.684723
1034.913755
699.990493
1079.070512
957.418674
996.404448
1033.980178
939.186376
852.331625
818.843239
957.770139
1279.932045
1067.220780
693.882209
721.906735
845.572245
1089.141427
1152.246239
1008.472627
1052.575643
1062.050132
943.362818
1139.182653
938.283198
1205.845508
925.232534
981.346071
1052.517701
1059.646147
989.554205
847.093436
947.551394
868.373374
896.823600
1046.891088
1082.822395
770.467837
802.574849
1191.814862
875.635727
995.688340
1173.145395
1112.030273
1188.947601
1014.922586
1347.146967
948.975603
874.853893
1085.556106
960.606049
1019.030284
896.377455
956.989578
1269.948922
1420.404395
769.588383
962.138507
957.487394
905.084852
1076.620457
817.439061
577.168006
846.716855
594.270524
887.124203
1071.289020
934.167688
979.893569
906.638677
804.490930
966.009560
1258.334932
917.875777
930.255853
1234.952323
1134.705991
1196.687248
919.252211
750.971662
856.639592
1117.541398
994.527385
1072.174098
1038.357222
1114.600290
1211.892577
1168.983864
1133.481830
853.310981
1091.265864
1122.590716
1003.498354
1036.218455
1094.318823
754.098199
1099.625851
1208.222160
976.440080
1063.906434
859.688086
744.629274
949.994865
1143.007848
965.771936
1012.301828
1167.689821
884.059904
873.355128
947.981710
955.879495
964.905072
828.376322
675.959945
1065.817144
1064.594944
1183.806177
896.350935
897.618938
934.487022
977.139451
1161.049522
952.382392
1249.710963
1141.121834
953.474203
1035.526239
813.834778
1014.195404
1146.032320
1036.018369
833.588510
911.255847
1050.511843
830.189491
805.373024
1187.366055
1084.077326
967.627438
1214.240135
1022.630274
1138.982835
1023.905696
1117.919415
1208.430981
855.040187
1146.193028
1115.477135
900.006185
695.604697
1032.400200
1135.138236
1230.355941
947.033834
1225.815604
945.762155
790.034203
1048.584943
1173.149353
1128.491822
1196.104177
875.428742
1188.486146
1184.891319
1031.620454
1145.097045
609.455591
1059.611161
861.077341
1158.292823
1148.428389
1083.690813
986.620299
871.651506
1192.881578
1351.144269
1043.556916
954.443268
750.085607
739.418677
1192.250129
911.218124
1101.197000
1062.252684
811.176153
1216.918800
901.991319
1337.304637
1134.429885
946.156130
968.716674
700.591722
906.813832
846.692684
1027.060074
1000.946833
647.183574
923.522586
974.026240
780.090481
960.245650
928.103306
810.762520
986.567538
1003.500789
971.557676
972.124563
877.003318
1079.000536
1096.892451
1141.939538
832.381148
1148.804281
1012.343082
704.710859
1014.262825
890.592032
954.600209
1050.160392
1300.906383
870.171370
1101.951808
1033.962496
1109.873897
847.831445
810.996203
730.730618
694.017573
948.617311
1254.423319
927.239450
938.423677
990.852322
1025.216512
906.695987
864.327098
1002.037868
780.476306
1119.121322
721.868903
831.719809
1248.283440
853.311451
1006.449054
1086.275106
772.196056
756.626377
1020.117208
924.699702
970.806297
872.264243
1086.161586
938.671615
863.885255
950.286791
921.063268
734.150496
1190.745567
1207.379660
794.283045
1146.146998
893.182024
1084.001184
1097.884509
1119.363716
1020.006275
865.677038
737.786865
926.857634
750.508575
1117.786274
943.082323
976.454571
1007.038226
868.560627
1021.493915
738.215432
1166.803815
1029.395863
1464.831502
717.281867
1171.992711
855.977549
904.700688
933.345077
894.482262
998.855624
1229.713824
1161.514930
798.241359
916.868080
948.815779
1078.225114
972.696243
697.714607
948.773285
1024.570008
1354.262479
1234.887412
1300.835977
1041.322512
956.779491
981.355808
872.904335
915.537554
1324.366887
907.345610
1192.112284
1094.642978
1363.201657
738.063298
861.760248
975.744092
636.954376
907.242467
964.549443
1104.774386
1109.915175
1166.732460
905.258969
887.500933
679.286184
1191.254790
873.080021
827.528202
1319.825545
1337.637047
1235.521492
756.835301
976.079925
1311.276693
947.706616
1213.104615
818.253645
1028.284025
973.300029
897.377113
1025.739897
960.112865
965.199140
862.773437
1395.827651
1058.680835
948.172915
1241.847369
910.850260
799.170104
1156.959442
910.664082
992.177667
967.739289
636.933355
1018.613051
863.254086
1101.801590
967.584616
1243.469352
983.702343
1338.952909
1064.956390
1122.014621
1246.163145
973.982681
957.853116
1096.108257
1207.037198
983.220878
1161.761717
1057.165882
1173.605967
1056.528923
1073.146539
1116.637607
849.087996
1044.239982
572.816919
1124.417645
1265.005542
1219.923668
790.297004
1146.321881
1047.408319
835.565931
874.535387
1054.058691
809.856030
1139.881663
1118.815457
1164.389782
661.748446
1173.889484
1051.388718
898.410149
984.417604
972.554376
1338.176606
873.663144
1251.565013
1379.651114
1062.030010
770.878911
1107.128386
1002.523946
1039.871100
857.334856
978.448440
807.784391
921.696148
1101.124779
940.365515
1156.390993
803.777140
1135.705225
718.067988
797.608632
1100.903009
1033.256138
1171.807673
1134.298287
988.274211
1147.005806
998.749719
975.216759
1174.807371
1335.295535
970.115023
925.560162
1322.350891
978.670298
930.661040
995.630788
906.557449
1211.014697
1140.009244
1049.170395
1001.607442
697.891309
1190.904896
923.507770
1118.584828
903.405438
1172.410636
900.681784
1111.410049
879.985909
915.336317
964.229666
1052.451792
751.999519
1096.508792
839.208817
965.044353
1321.418627
1339.147940
873.829958
1011.314595
821.877706
909.751447
1163.666025
926.825702
936.613830
1154.840539
815.525799
938.258088
787.145503
760.379917
1119.085474
895.308742
774.681359
990.631366
971.512622
1131.252312
1131.933697
919.948588
918.770670
580.303187
725.925062
1080.749057
991.037589
838.533128
1260.721954
1331.420835
817.196262
910.860822
1064.336493
1007.633889
1138.610483
982.123970
1128.258754
960.720016
600.077782
1041.636744
1117.260403
887.351934
1080.839200
1009.300110
1052.692978
1031.777941
950.767224
1086.092800
1247.631021
1111.006934
1017.158588
1111.309797
681.523276
990.100504
1127.158399
942.197809
870.585875
800.351839
1080.284325
1295.642003
1002.189343
1326.646727
901.119565
1199.965706
987.760154
773.715567
1015.071577
1052.486190
787.151171
1185.867386
889.099309
1063.511916
697.878969
964.164688
961.227116
908.867614
612.187811
1080.202939
746.847569
972.709167
876.968380
773.522151
875.789680