1047.051122
1026.883981
1232.130763
1051.802541
1005.109774
621.554754
770.519432
1142.928271
1136.611983
722.994282
1034.692017
1015.195152
1059.293427
1131.071249
1047.092163
809.946412
941.928372
999.122382
1557.864775
1124.495477
1248.745781
1201.624108
591.926405
1028.610419
1126.674083
1213.569241
1027.425895
1321.825929
778.087893
783.382649
633.618031
1101.137569
987.484570
1348.652574
800.996956
1086.262908
801.783841
1069.441594
758.175620
1057.289717
1232.587506
1043.358698
694.744249
976.761014
1148.177477
914.277201
986.530818
888.914034
1029.597748
997.626379
814.702424
1163.408229
1106.037109
1081.301648
981.387474
1403.811491
804.178606
1182.314031
1196.774734
1064.442003
1284.315303
1066.292885
906.400209
1005.342738
804.953213
1097.477015
1070.525995
1205.473175
898.079628
969.552425
1109.924480
1091.495348
1089.217992
615.025763
1012.141831
796.613408
822.293579
915.730810
792.265197
891.945052
1269.181694
1296.333227
701.732025
983.879216
1063.691001
945.764592
739.549145
984.661560
1082.816484
1010.433070
1012.512973
849.471012
1135.423490
1233.427153
864.049547
620.053855
966.578001
1017.873952
936.883560
990.236005
880.309017
840.998326
759.837730
1232.634643
854.204194
1053.246223
1076.401311
1148.588098
1105.744802
981.626400
1294.444031
1053.681590
1066.396357
999.156175
936.582808
1044.407563
1099.675635
1211.879582
1034.749904
1077.512310
1150.127386
831.472415
1274.356020
1060.019206
1005.036495
976.848541
908.399738
1012.852336
672.012395
1039.835910
942.572181
998.574866
891.299878
1097.776458
1367.526090
989.896101
986.697039
792.695173
977.942331
538.828493
744.911235
988.602747
883.971075
1219.497255
871.565990
1174.424599
1288.859589
806.491600
1261.834780
1092.753026
905.412270
1098.803511
1113.266934
562.510856
670.292019
1087.199467
830.036886
1240.435944
926.169905
738.586891
843.267948
1092.074630
601.942498
810.809131
946.100193
789.459946
951.643505
1143.927981
894.726507
963.375563
1244.882728
885.326153
778.189621
1151.591062
945.993482
683.543436
1117.049005
931.675912
995.154726
1144.999465
1066.194474
1008.658120
1007.578977
838.573565
1065.957006
1025.677255
1004.179515
1314.325262
762.598939
865.635664
1108.522204
1316.104297
484.193628
993.858969
818.423541
1293.195279
1302.654690
902.062555
1039.074715
890.713965
707.427224
697.411850
1201.443042
1093.423643
607.183547
702.489509
918.909946
1186.243497
1045.471949
997.404285
981.229917
1144.465245
802.458551
796.136236
768.056314
930.353656
914.659759
891.915728
986.571235
993.852030
792.639399
966.256755
763.701744
1246.733334
881.795140
622.410381
1078.852858
698.659470
727.413461
1026.488685
1057.631402
831.818042
927.832142
860.760036
838.878168
1196.950555
1070.957134
899.460745
1073.411652
967.825700
847.486979
1130.753729
986.636713
907.721853
901.585030
695.375532
990.060357
1443.149587
1503.902260
908.533943
760.172921
832.678681
1120.941755
997.150056
791.090514
906.094631
1207.540182
944.152000
745.432304
820.483968
891.041420
661.149857
865.875696
871.691519
1084.785082
1164.882432
1255.563500
972.552960
1285.493103
1129.765690
854.820191
995.917895
863.050300
874.526219
1108.124493
784.188079
1036.850448
976.121838
949.651479
1173.596321
1105.674514
1028.607909
1115.641136
881.141369
990.868906
1139.459451
1086.564953
1046.680905
1084.467310
812.592555
1046.934913
999.968231
1021.187858
1117.616259
1216.235325
1078.567740
1153.780900
990.392990
1100.601781
1000.475753
1197.421615
813.927743
689.152211
975.222883
710.829911
1103.022312
1150.699576
768.983659
817.221016
921.018359
989.971946
1469.435272
1029.729205
1141.372907
937.641459
1468.991887
1085.256514
789.734023
1047.094731
936.699758
842.121949
1065.603588
865.764939
941.596311
1156.680672
1067.675094
1146.661130
753.424875
961.732450
998.483190
1216.539929
1125.255705
1189.581276
1283.373555
797.213565
847.506703
1128.837072
831.946470
1062.493245
952.186698
1362.823382
1077.016346
972.812569
1219.426079
806.983310
757.827180
1296.354950
588.926959
1312.848745
829.737838
924.264267
1183.031444
887.581624
761.965678
922.841167
692.894685
1210.036346
1082.825254
1227.723264
1068.667519
545.402279
1113.491559
817.914226
909.899935
848.097949
1081.716550
812.205238
1483.730970
902.147231
883.868652
843.299922
1134.159871
677.161729
701.079720
802.203154
811.392119
824.762802
738.571683
1139.156212
899.373432
634.515837
1120.853942
659.095692
1335.215922
1098.179939
711.361510
1254.455547
698.047040
782.427714
1091.036273
894.197496
1625.442777
970.685706
1050.481702
1095.192103
1092.960598
1159.158358
1174.962312
925.356855
1292.977824
969.488722
826.671880
928.896504
997.410785
684.588958
918.673680
1104.801442
1138.352050
1259.054497
869.054618
1503.355191
1103.982036
619.614814
748.533794
605.627444
774.577326
1272.464499
1348.336347
746.414989
1024.021954
1001.218062
573.654608
1114.567989
1409.226642
809.766880
988.363018
1176.410125
964.432459
1290.197921
1019.029551
1070.959637
1358.124440
1096.088029
1382.710331
986.390743
912.305334
1023.445303
757.080790
1158.715081
991.869267
1448.297738
698.222412
842.863123
1199.494568
896.072187
1008.233415
793.886472
762.723918
739.514203
958.267711
1194.607842
1052.132020
879.617807
538.747724
1079.886180
962.782415
954.737613
1116.075839
978.079174
1008.169155
768.472142
943.296752
750.018371
847.142771
863.019845
759.282450
986.268461
1172.531356
1112.574499
829.468691
1201.737330
993.923629
1213.905871
1141.767774
1131.250376
926.707604
863.237102
1121.891378
1086.529283
1316.021246
916.566579
1172.991798
1557.511990
1014.117866
1161.911655
805.293065
984.380636
790.008240
965.203455
1247.568267
1015.180844
1022.297487
766.710334
1195.736920
800.631127
788.964133
1106.675896
995.368309
936.019699
1165.593812
1230.363152
1276.613093
993.666100
1250.345302
1229.647027
1133.535469
1377.316600
960.633771
871.061367
1214.572336
968.648073
1348.413080
1029.226610
866.816163
1225.286906
966.563493
866.567837
822.492843
1024.762895
1070.450651
868.797146
893.136215
835.063644
1009.209841
983.701124
687.524906
908.668212
929.426477
966.276377
1055.060188
699.696636
1069.995955
979.140279
1082.214802
1133.919179
1061.946126
904.195512
901.330511
973.549608
997.979426
1077.341491
1055.650162
853.045238
694.298481
974.530244
859.868180
1351.445313
1063.964370
1034.315259
924.689614
811.254217
887.237225
1232.647256
1158.264428
685.700821
1092.869096
1025.106322
1069.493301
591.407709
956.431620
947.318633
998.001028
996.551852
1008.149215
1112.136966
1025.080876
957.934631
805.460481
823.101222
967.023126
1051.229023
1013.936046
1045.022927
632.544290
1215.289417
874.515193
750.548923
769.129991
820.199718
1226.631084
724.127109
1349.271824
598.260986
1161.196229
752.989644
803.664695
649.863868
926.435505
1116.908998
805.117581
805.872452
1059.827466
819.836278
1240.271411
819.783603
1223.491920
896.210968
995.605534
1154.188823
1089.958038
1203.315197
1109.130301
737.870772
1182.234972
744.125996
928.220826
951.031925
1024.186504
841.172474
1215.356512
893.944086
1139.805781
1099.078162
1175.491703
1021.225256
1157.600218
1013.440948
1209.414717
1016.923007
649.914734
1214.864804
1040.513474
654.297553
615.247362
991.901143
1015.412807
1116.562543
1119.612138
1297.322232
710.648023
911.813971
853.081096
1269.565033
1163.933368
861.686897
1005.034684
1171.762916
1628.121378
894.723828
933.446187
1091.685094
1108.030686
1331.760122
988.711689
997.341738
1066.742241
988.430282
1023.171058
814.407657
1138.676218
709.352400
987.918908
764.685169
1010.959878
889.866481
873.210820
959.734501
977.246676
833.467205
1144.302943
1087.682834
1020.841009
1182.481733
1335.031593
800.051290
795.936091
1147.397706
845.684213
1044.003100
506.834259
953.032410
1313.992519
908.021474
841.800011
878.793262
1186.094188
1127.054509
1283.418143
831.229270
546.565177
794.683235
934.563945
424.248130
879.331559
1113.319933
1259.703607
963.204217
1192.449334
799.570007
1119.280629
988.456154
793.984006
904.254316
1022.807646
922.768940
629.744070
1047.797575
955.462859
716.031396
735.985304
998.270876
884.784759
955.258156
848.607552
857.338850
993.335066
674.677135
954.498222
1059.325415
576.878052
774.629531
1296.691393
571.454841
895.365492
1082.909919
1136.334792
1061.457079
885.051263
1290.367448
882.766669
1449.977063
1088.441081
753.806464
829.945844
1186.243200
1196.638428
1205.877724
1155.899279
1086.543083
1195.742784
901.921558
883.962125
1074.025806
987.983047
1242.782497
1067.057742
683.427991
639.381414
836.589095
977.281087
821.453098
965.915820
813.231049
1192.073334
1142.547714
1330.174052
1191.156134
1065.260519
905.433507
1407.321805
1296.195265
862.610939
773.634258
743.111239
895.473668
1111.616849
980.820878
928.039338
836.175396
1116.583650
1193.436411
993.689261
1028.344365
1061.868200
1032.099218
847.240374
1042.239680
945.611919
932.012683
775.885942
1143.030091
1072.959978
1117.500246
1409.744601
1027.096736
1100.037872
1121.498257
1233.891295
820.998524
789.760074
1163.519830
1120.705911
1043.642416
862.677651
1179.300927
676.967368
894.149593
886.137374
913.596385
1007.359894
842.750257
1276.424076
1122.981643
1295.432318
736.272213
1204.826128
1143.678854
945.703588
1166.121439
963.870397
1243.749867
1148.218796
841.245590
1131.128914
1271.698005
971.427400
1137.236549
1016.821254
1031.231184
1022.320364
1122.841541
709.719810
1084.852840
1062.305658
661.772456
853.883011
842.600128
1007.341597
969.657690
876.242931
968.798850
611.248308
1392.377593
1119.646724
807.866277
1039.581410
1159.427020
1343.475754
998.792746
841.823434
1213.177083
1216.111343
1086.556685
960.142682
1009.754272
780.378169
999.770407
829.979683
1129.848476
1009.917618
1050.862715
1200.235246
614.731682
1151.108683
831.995640
768.767242
905.770413
1143.987338
859.164745
933.582126
879.733674
1073.737840
737.824535
1291.150437
884.181306
1061.809468
997.512470
1050.654066
1062.598497
1268.523200
743.326387
635.531830
1090.623606
952.436961
821.863941
993.297117
1024.285670
752.559527
858.516413
892.957543
1282.514850
1368.613021
975.488245
1182.576715
864.627246
1170.556058
1127.857352
998.663123
1228.836462
1184.872758
943.615672
1108.762940
842.169730
631.002712
985.673417
1334.733552
1042.429778
1106.772019
1066.202162
1087.326680
1195.811674
1375.178886
979.025722
860.495049
798.232006
1266.646949
1072.586499
757.944484
1229.677042
1045.248219
1056.412505
949.952583
1347.233307
913.228496
1054.868491
606.330465
1187.029759
1288.425799
1007.860641
965.769902
1006.126184
1050.036769
710.907174
1121.834383
1058.141893
1138.274300
798.391222
937.240476
879.437281
746.737284
1188.607593
1106.385465
790.493999
1006.114623
1170.109122
941.129039
1464.924928
1054.933103
946.417518
1009.003673
1130.961047
1156.730019
1220.743817
768.956581
959.375717
1025.978370
973.235010
1003.839802
1099.181413
890.336172
1065.032341
621.348240
953.307322
1110.591364
1451.361960
934.337067
774.784434
912.242140
1083.220176
1201.631537
1280.855243
1084.559474
928.723454
913.524078
821.630745
1387.009970
1077.590985
1121.160259
1514.875234
1491.278516
958.916130
715.849255
1050.423449
1172.649014
731.769273
1000.858479
993.650686
952.513545
702.375168
733.437419
1079.046593
1117.115083
1007.376088
997.076740
1138.911653
829.587573
871.566335
1103.465969
983.863241
750.483184
1110.382517
1245.730902
925.263311
1257.307129
1319.263659
1147.376365
997.913242
999.310784
949.121030
1092.445476
944.897426
835.124190
896.712580
1176.748120
1124.314897
1046.417240
1011.489435
837.760714
1063.238516
798.253572