394.952072
793.530313
1402.461828
954.954401
1097.002766
1540.630163
658.082302
1550.050986
1092.108217
1340.283078
1299.948973
454.284324
1051.404139
1157.708234
1165.670978
842.336191
935.529428
544.484216
1477.112291
1214.197270
1241.492015
1217.656478
701.479206
1116.423424
1165.444037
1330.063588
1214.473090
1225.996448
655.130858
1281.488709
1210.942502
535.025693
592.494587
398.515364
823.650966
1104.208062
813.814281
1031.761984
489.321702
1369.650225
997.651604
548.173243
1375.606846
1089.820820
1192.688877
1382.592288
673.196036
1119.250327
1265.411333
587.212900
1053.388710
1404.296790
732.142260
1122.627028
923.674506
881.141097
781.546098
1036.468276
487.807735
940.776680
1338.543026
1068.166113
994.241770
1637.490493
980.194538
1474.284583
868.468318
1253.937666
1285.310363
647.993102
620.043006
244.605722
1146.498884
485.500146
1231.485483
668.275635
805.818485
925.701981
1264.463887
1345.010361
1309.911222
93.716127
779.521692
467.352890
1362.556303
710.808704
1313.907140
1405.333008
386.683146
591.124939
1151.099866
607.045779
603.784454
854.321242
1016.775343
825.507400
758.862747
629.369106
1302.464219
796.963308
763.133141
1534.104803
958.424545
987.752557
1042.395243
765.321577
722.644755
1120.095651
1002.109691
713.347159
986.915731
1154.619839
412.738468
1188.866946
1104.229322
1275.544952
989.246562
867.334321
921.077106
987.548810
1057.519834
1099.209452
670.267955
1024.769382
863.472890
930.199194
967.464480
565.784819
1124.035302
1253.757161
1053.217811
1189.127496
700.463723
972.399557
1477.277487
263.550653
706.799886
1495.669626
1262.144442
699.431476
1203.739713
434.138212
1065.331378
1176.677009
487.057032
1304.019924
755.430653
1518.851023
1260.607337
435.494235
1392.238680
1138.467356
906.880210
1074.183821
797.477045
221.925118
1490.381453
1509.115476
1454.176348
1463.201769
505.614566
1373.731909
1240.942774
1002.485486
1084.455428
1098.393585
1070.295620
1308.505311
889.764257
743.211584
577.233292
920.072284
457.236555
642.580672
1091.998410
618.139083
1206.288600
1071.776087
1118.154615
717.696608
1103.824538
1106.355459
1317.285837
1006.809149
532.818538
1169.600036
674.938241
1257.406950
846.788096
303.217505
812.812781
787.171176
990.854183
887.857517
1148.339068
902.829699
932.493368
1172.890746
1009.372378
1180.876745
743.746076
981.457166
1191.527567
680.600909
493.299744
1347.152601
1564.745425
1326.453034
594.486272
869.609055
1214.720416
1013.001292
922.581325
626.241278
1239.159584
908.569109
700.354519
791.736051
786.974433
1180.176795
423.649153
1125.357496
676.380415
659.704988
1267.022727
914.294001
1201.752861
626.804024
1224.226059
912.278971
1278.406717
739.614976
836.692141
889.004217
472.205716
1057.116061
866.215832
701.658415
1119.957326
808.329420
1088.297221
223.473049
780.337840
1003.696184
391.230067
1234.768945
1214.273815
677.730241
1657.704565
1202.334607
861.488491
530.978880
1073.343649
592.826264
1199.426806
1120.667784
979.952571
1259.438095
1000.803215
1448.661046
1402.877550
1379.912126
974.098231
861.878042
793.919061
1480.344321
751.956018
1210.750529
778.221536
1210.175068
306.365586
1919.994704
1064.807865
1296.283315
802.600491
868.195845
1726.271594
1264.382489
1255.272428
493.979607
797.188728
887.813545
815.009104
980.247107
1616.397056
1300.830282
842.084972
837.575136
1072.190244
1030.591581
1001.047154
1096.359260
1295.297052
1387.444979
961.667168
1068.540502
863.597252
962.808845
1176.620282
544.852299
716.138141
1295.235807
1375.536985
1126.912904
1904.314770
1412.048246
1225.927145
1130.583318
377.777406
630.206230
1144.975806
1290.133933
1069.023618
1307.290095
388.708080
1523.940303
920.235323
803.098836
1393.166114
1057.897515
1343.485863
1375.292586
876.996289
337.468188
1194.797762
821.407300
1052.587592
1071.995892
425.418731
635.921962
1210.117062
917.379407
756.003425
1224.671024
1365.294280
880.263406
711.027166
1096.815648
1049.662079
1036.839659
1062.036667
774.827591
667.214192
1455.436600
1181.935634
745.687099
1479.444089
769.015666
1254.936134
873.407319
483.604777
1335.853028
580.824566
1092.247145
1235.995157
1343.032098
1180.066238
959.151014
1219.560871
1345.053991
1376.077419
968.083782
1107.164951
738.501891
1266.160915
1002.376764
1294.350956
1079.577872
529.308632
1046.352001
1222.627248
1499.373046
942.740975
1122.051159
1033.732640
1088.136379
1035.701275
1381.423745
1324.747061
1072.827362
1265.478535
410.678037
959.823247
1223.962632
982.938112
1199.692816
1484.110681
809.168741
1315.394635
988.277714
902.834310
784.461575
542.135470
1525.610146
1050.933906
1271.562486
931.649791
1253.574469
1001.803644
550.639138
740.492337
448.677618
1072.288728
1507.080643
1149.981596
734.860408
1080.147327
1475.852994
1260.440227
999.555352
973.693015
605.628840
1082.936663
590.610295
1289.318182
602.676430
679.758132
1418.815582
1110.827996
581.096256
1353.441528
1390.894240
892.562315
1221.646246
666.529942
1263.757437
606.454153
968.018671
991.371972
1370.879294
1032.215490
943.432799
1077.363154
992.213670
540.894571
922.879177
890.425892
1019.027821
58.827672
1421.747883
1101.487839
1316.792630
952.150838
1051.488113
985.223560
1429.417569
1446.873009
753.395109
1108.896238
1022.677644
837.389181
946.239643
952.816908
947.489832
1243.706021
503.418441
522.905491
1403.326665
543.474163
737.462174
1037.424032
1299.153774
909.365142
652.487690
1059.202558
1162.748597
1097.709810
1575.752562
1100.540891
1173.334449
1284.376301
1211.672998
758.889661
1891.754679
1188.242361
912.954257
1345.663757
1232.327701
1158.840883
976.910332
1248.442494
678.032926
1452.329518
1269.195656
1035.844421
1181.326266
918.760282
1464.716614
945.096920
1065.330157
689.755075
885.113169
709.923718
1235.105665
941.377020
1071.563858
879.772842
954.867526
1233.431658
1152.254108
824.333609
884.837557
1052.441371
922.475414
1848.413905
1098.973941
1439.438507
1258.136290
1133.440994
633.530135
1120.210397
862.010361
1057.286515
547.491885
1165.002602
1131.026445
1315.797250
769.521313
827.326800
1006.554530
1524.220517
393.645168
1204.046606
799.073597
658.298597
1446.176070
1224.171686
687.858547
383.092763
1187.896601
662.353808
807.034365
1540.461220
1031.634451
1793.896469
871.566258
686.303786
1283.063285
1307.655691
982.432713
1168.293051
466.983787
1311.957857
742.388042
590.583411
701.643858
1252.886102
878.364912
1024.363415
1446.811547
823.925989
947.188786
773.680462
538.471325
1003.229378
1078.635519
666.295831
1411.868524
1241.259614
1314.968786
961.057674
396.296737
701.118594
1155.427583
967.816051
789.430349
846.495124
805.103907
914.798806
853.558361
1440.658226
1148.083614
604.312758
619.391429
895.027283
942.315240
1540.082875
920.027411
1086.841912
1248.783268
1173.207986
760.627646
995.719033
844.375073
576.609187
1190.204985
760.791173
1394.218065
1257.626424
1265.385000
1166.258705
1091.740692
1029.630839
447.632709
696.893887
991.373731
978.797975
1353.287833
725.899086
901.051424
749.389248
456.542598
1626.972540
719.437863
1287.603929
943.895809
1297.624211
1039.536416
700.004850
1143.370040
931.616180
681.817573
1670.059475
1043.067634
929.106653
733.864501
1084.781292
1510.582083
1478.594856
1174.633110
760.753608
905.478619
1114.232043
883.302030
1164.632443
949.730477
1280.901611
1255.548532
884.136389
466.373096
1557.877739
912.582316
999.368505
1528.990253
1379.084805
1114.525444
921.011188
866.113847
1381.922055
1320.192919
926.060466
1178.683588
800.225077
1134.087936
1041.337129
1165.702416
623.795679
1078.568779
597.967905
1910.645178
1011.374575
901.997956
1589.231013
837.653417
694.378223
924.633579
1339.655848
1138.988046
1519.131718
1492.893427
437.585748
757.607433
1157.380547
835.743222
838.985170
873.161945
1091.045550
1047.785447
1011.704515
209.741868
984.311951
1399.843616
1153.809248
909.610831
1110.968317
855.771002
622.138089
919.959545
979.053448
731.267683
1330.138538
512.223736
1018.629503
1336.939884
1063.196392
979.412899
1160.570202
1200.107212
1504.410367
1153.397008
1016.747343
1174.777280
963.765410
486.708654
1408.337445
1151.440096
900.818700
1272.884834
793.602131
583.754148
1412.480383
1365.271638
614.792958
766.912191
553.990601
1143.415469
1264.971256
1589.317136
1090.411457
1376.196358
1708.186384
1138.027155
1111.424888
900.995235
1029.756188
700.154960
1150.171294
929.576686
984.896864
1017.593540
1300.067928
741.666631
1100.558491
1336.630300
1056.382660
1082.799052
1531.627064
770.001868
894.507417
1108.138235
1087.235346
1237.574479
1068.655387
997.787477
438.963913
804.655726
602.209900
749.962429
571.439213
458.363007
1257.227424
945.357666
1015.201980
43.172013
1395.694707
1604.197287
901.763294
1247.840878
1202.769721
996.345831
871.579342
617.065322
1115.372403
1281.658911
1324.090134
1103.377985
859.152228
1373.998950
790.085295
1467.578717
1230.425221
780.667425
812.215407
1310.561601
762.452038
1001.625190
876.468222
1353.081288
1205.466481
1017.476527
1031.323145
925.520708
597.127918
950.597308
1046.733630
995.623535
657.466256
513.772152
1034.669199
1230.250543
1188.536097
1418.355222
625.500556
1086.326230
1262.455850
468.071547
900.207312
1357.918324
1132.297416
1403.656985
1292.674112
839.700147
862.874640
994.179774
879.537953
1162.325301
1091.241956
1117.687472
601.472606
892.976270
792.889689
1630.171240
600.084545
935.985087
1074.524294
753.415652
1136.782799
1596.665053
1426.234162
675.000861
884.800741
1418.770650
884.899546
1015.830819
668.686376
995.900335
1021.284976
1171.414638
779.891282
716.706432
1141.936351
927.266504
779.466432
871.528549
683.638689
1039.300821
1135.542433
1043.071116
951.395821
994.734518
642.360824
635.428094
874.789029
1090.755191
554.730037
835.081318
824.227401
735.181317
1116.520917
1154.245159
943.129608
805.908958
1094.996816
1207.823022
897.105490
1037.788662
929.790832
1083.793779
1238.210495
643.082248
1026.909834
1270.592411
901.343644
1175.983810
1140.692813
1496.269261
999.656087
802.065211
1073.486456
1237.099119
464.501856
973.288154
1032.426092
906.189577
1366.615623
877.484241
933.364569
1575.555713
800.050054
1138.200703
963.148019
1088.795244
1223.930770
1156.180661
904.321291
1209.332535
1123.596444
422.344856
1883.919755
1249.256174
590.352796
548.159586
965.246197
557.719879
1086.504953
1201.318130
960.101557
868.152866
1692.030626
1444.960158
776.981904
1097.597653
945.504063
760.659781
940.264963
888.031509
322.726706
1192.255917
938.450313
956.564985
673.178689
860.542346
845.437464
1176.587315
870.549415
500.431728
598.037626
1196.103382
1248.961351
1445.420934
702.886933
894.031610
1116.579479
1311.458258
395.135329
1173.854502
981.565032
1257.591292
1643.878450
800.932365
1050.870045
1134.927236
975.947461
1416.455978
1369.793773
1126.406060
1188.161379
688.607288
1129.341137
1064.298576
800.023958
1300.592933
816.822808
1311.791793
716.138837
441.566960
1152.274659
1099.398279
967.287564
1035.184448
625.664312
840.875432
1294.509306
1128.626999
975.384324
1134.958268
1139.410345
733.197483
852.675017
516.617099
1206.075609
940.893775
896.096423
985.257501
498.046813
1030.438020
1493.767995
536.049020
1106.674166
940.208665
1396.960489
1003.428161
449.344960
1550.989477
606.311524
346.024783
1438.113900
862.848099
1505.316471
961.879935
1408.689525
709.605453
917.396047
806.178980
1175.382664
1256.979570
1508.059044
988.971542
1232.715935
945.380887
1073.711253
598.661091
552.284968
979.835642
996.218042
1145.477712
1169.046380
1362.683505
956.072945
1107.117721
603.958766
1157.669537
676.644196
690.532560
196.272593
1159.950499
1015.727083
1095.727002
1341.403924
1327.761143