997.117815
1271.500209
913.340651
842.569762
1154.359119
1170.017511
976.484658
1110.930212
1053.659943
1007.131759
1120.800331
774.831042
816.903427
1127.217816
682.262436
1103.333754
922.943186
861.803945
1219.138483
1037.365813
1242.231021
1201.478953
1004.126688
1088.784118
998.876343
935.117908
1006.824210
578.659275
912.317057
918.958567
905.791038
1185.514494
775.598890
749.843273
1094.603580
956.296803
773.028313
1056.914823
991.001509
941.277983
603.860417
1200.057267
906.698213
1251.527590
1146.664841
1215.464715
801.256914
857.057258
1196.687512
1264.344684
644.963093
917.009870
914.986973
1023.556267
1157.792004
773.945884
854.150074
704.169105
943.941040
825.784489
749.472466
1138.644301
999.208782
794.128170
1006.406932
994.436716
1004.491639
1044.268983
950.347246
1246.742008
1091.666308
983.970521
1094.706569
1155.979239
925.035919
1155.443262
739.255853
1246.893682
1011.583578
1143.571026
1036.522613
756.510766
1058.415190
1069.143993
806.038333
716.022805
1403.195551
677.111546
817.940069
846.500717
1133.443786
1246.216992
1105.234160
1107.931856
825.719371
1108.718269
1268.517679
1161.409822
999.315952
1039.162290
909.634052
1556.858681
1059.599099
1235.092715
823.265246
1051.836557
879.877246
993.071466
1028.168879
832.759050
1150.418140
1065.700470
1515.951895
615.122542
1223.764690
1219.876725
1053.718175
995.120939
1231.438909
1047.604623
686.880114
1146.348048
757.210442
1037.017323
1259.223786
1133.550862
555.144017
599.249919
989.692973
887.868325
901.959673
949.856867
816.031500
980.691388
1129.950012
1036.603021
887.218225
1026.757320
1125.378130
857.259459
880.302534
989.669859
825.555417
653.925614
1050.243404
1141.452026
972.788693
1408.567137
849.536169
1007.884949
606.403423
717.966939
1208.013391
865.863566
1193.959793
960.296160
933.624724
630.825008
1033.948903
704.432485
961.087002
971.562743
837.165067
923.775222
730.290173
883.860252
752.714467
767.107456
754.387883
1310.920998
748.835342
1086.782084
963.909137
1176.972859
1083.368940
1034.940811
997.870517
776.402523
1175.747316
1261.450317
1036.343471
645.310696
1070.329318
878.450165
762.330764
763.550805
776.604521
1030.800880
1032.999251
1099.570588
1327.416659
995.736163
1267.816127
1274.683807
1183.040548
1237.775671
954.970160
908.650773
805.344194
1363.640505
678.032889
751.688580
928.781276
1023.652756
1301.875215
1300.189423
854.936155
1098.098651
1031.541754
882.139305
995.149749
764.467163
930.966347
1026.320039
1074.627598
1363.149955
884.211737
620.967362
788.993312
707.556609
1085.097126
926.830372
1283.546281
874.519915
986.278555
1317.320998
1176.093648
842.353038
1236.100429
775.071204
893.570769
1052.815045
1147.377383
1170.284428
976.247858
774.876038
544.816368
1179.771866
1242.934071
1159.986980
936.189617
1189.054658
385.369514
1046.290487
890.569280
985.350653
706.238072
985.654823
1191.022801
936.046981
943.573242
562.413946
981.745636
1246.118194
837.482665
844.176816
917.202591
932.800294
680.085534
836.827345
770.464157
979.344838
1051.973845
858.390808
635.829616
1281.699818
665.335386
885.730561
826.210447
1162.370781
844.205987
1299.261871
1001.702955
964.061550
760.639857
1200.397237
1235.960709
1010.011932
1369.056570
1040.005675
1457.765783
843.155349
1271.360054
915.133013
500.279634
695.094312
854.010386
1209.344089
1110.667583
1186.934739
1040.356376
832.450181
1236.686263
946.082749
1035.139550
1325.060207
1075.980294
924.167778
1416.121790
1047.313331
1307.824595
891.482945
1046.132801
970.771110
1022.801945
1087.621543
1020.633811
1026.113323
958.739556
715.778679
1269.228074
1177.652851
1039.877710
724.670492
1224.555326
881.067174
1047.979678
1099.166113
934.268375
663.610528
783.436482
1075.795899
1214.742188
1248.358941
1121.009442
1238.091798
986.430722
668.173582
1149.208375
832.185040
1117.813040
1292.345087
1022.256711
1131.579813
1342.761631
786.172547
1161.172321
1059.856858
871.717354
1451.049151
1221.576352
1040.646824
1302.698160
801.693479
942.548847
1029.402198
1131.708019
989.315281
1043.808728
779.376943
1062.292162
1389.304613
590.508367
944.430053
891.623725
683.870140
1336.415262
1524.610015
523.516994
952.716203
725.523116
921.616579
1037.519384
916.366128
725.476385
827.827243
1118.718540
931.181096
856.586898
1356.440791
859.363888
1192.557693
556.737229
924.834815
1177.150028
1123.348587
1051.413494
1035.119786
1563.228388
923.407699
1233.900581
1315.755933
890.528352
1115.789117
1101.496557
1268.913075
1004.279610
1085.042005
810.660468
1001.687406
1161.299086
1086.025308
882.040526
1049.065864
804.721462
953.672620
824.031167
968.385925
1111.298200
1320.866468
1101.478974
1060.821782
1019.113039
1100.583003
958.808588
1071.103912
1156.251942
1242.843457
816.535911
1124.992699
1114.329622
1446.128906
885.161485
1580.652990
913.362922
1187.515082
1173.168305
1104.758322
862.997843
633.613178
788.629998
996.731370
591.106839
1217.659790
1037.545229
1043.760829
849.768730
893.522742
889.361997
1137.778035
808.135481
1329.738534
789.795616
1039.725590
929.227973
829.993268
933.068581
1002.047868
982.487837
904.111607
884.632415
1417.571440
976.202574
1305.061670
621.803416
972.644275
1083.810142
1165.671463
976.928223
722.008911
1047.113301
880.739845
1016.228878
995.682288
1201.466970
1050.599339
1030.385185
1020.905773
847.430872
819.595477
1125.845999
1084.030129
1213.803237
851.118877
899.459842
1200.049468
1128.133418
466.812141
860.274617
924.674916
805.501750
1278.673950
892.990888
1240.245911
908.786066
1335.969660
1287.333516
1323.080860
886.021632
810.836909
811.209639
1028.494507
786.095444
757.928848
1202.309786
752.936646
998.132700
1426.454750
1008.690098
1300.691503
832.518827
862.440896
1063.206675
898.554978
1207.418677
907.883113
655.443806
537.072108
932.677107
1016.711480
668.099603
1099.227266
818.740956
998.896698
541.880627
938.398789
1088.240392
833.443551
648.225305
798.188805
1289.031286
1174.540465
1049.243089
705.477229
1056.911288
834.932149
1101.956514
1210.348184
948.751455
730.626617
691.863447
603.412033
895.996533
1232.045097
1242.392313
1026.223769
1237.371323
1471.441729
1001.857330
1335.999524
838.114764
688.024652
973.448989
1144.174046
858.590533
1149.866950
1314.269498
1290.748243
946.815355
627.118369
887.993653
1027.765265
1003.275762
756.773076
1173.423643
1038.464678
1508.828569
1264.056507
1035.544989
1289.688839
582.100191
956.843278
1014.058200
1230.692442
665.955509
1205.972698
1403.953510
1173.703279
1027.119034
1252.218686
780.921116
1209.635598
1159.139247
711.041430
878.390078
693.008410
817.884546
1162.702658
889.374862
867.216306
1012.963271
1245.481337
1297.573989
1243.110506
613.091144
990.337151
1128.609645
483.307865
843.279531
1031.283571
814.377842
892.473648
748.713647
1017.461362
840.393647
1225.060685
1391.182586
1056.545510
908.011031
842.691996
1121.238857
796.882092
964.245036
667.781627
1319.645452
1075.424690
1363.154548
1213.095867
1021.274512
1031.805265
1231.004047
1137.532153
985.496584
1106.510242
903.944075
1330.789659
999.121758
978.234153
1102.438263
1267.085764
663.963978
942.731602
1214.240146
1199.901262
758.869001
1250.998033
923.175384
1260.352280
1067.519477
884.850866
501.131251
700.877365
777.215340
886.635451
1270.792574
1301.476542
1212.685292
922.641201
1059.128373
1032.599118
1325.628371
987.854553
820.247004
1104.984794
1239.335718
1025.161755
1231.214938
835.488110
600.993695
38.296672
839.293845
1060.931705
929.257463
1181.021961
858.202924
944.855580
1105.882143
1215.604167
1237.416046
832.917729
1335.035950
1045.938302
847.837971
1079.986156
1649.168555
1007.500367
1269.383588
826.578290
886.597234
1081.430693
1330.001756
1042.365812
1031.894589
710.466763
991.329426
799.535326
780.241143
1034.176701
1055.688670
1022.357056
1388.348869
901.710512
846.567809
990.342129
1053.761555
939.946931
755.176818
1275.954623
853.195957
864.833317
949.636718
1188.501633
710.931895
1071.355803
787.432588
1153.053639
1208.338668
1138.387211
1021.543099
759.585257
828.572105
1036.330366
549.878181
760.842181
630.756767
1246.336906
990.298275
712.628573
1277.777061
831.558056
1244.652124
680.258593
1194.332675
1406.175349
1024.584101
1175.145055
803.311938
817.722302
1170.023641
1023.751153
1104.891110
1025.061010
586.624332
1132.076998
795.547934
901.416568
947.477897
1036.614266
1113.674914
919.887685
1184.323829
835.811721
1170.374311
1316.627228
869.889613
809.227716
1243.643745
812.495588
1063.313906
746.585283
1164.944099
1172.824770
523.577999
1244.553663
849.743588
988.682544
1252.364941
1517.716952
993.380868
1088.839146
1277.120897
1135.327407
1214.299593
1102.491122
935.265868
682.219705
778.398367
1429.013349
903.104184
934.160621
1046.773151
1046.936126
803.708717
1052.940174
956.472780
1346.261835
772.738615
1277.523100
1026.460957
902.365599
731.665848
1044.468022
964.407365
881.284264
1145.212089
1126.901330
736.895561
1351.391928
980.925803
868.165423
1038.734225
1249.525106
1038.369621
510.824032
969.684636
644.662644
648.443320
666.568301
744.838240
1269.947346
900.952909
783.646710
920.843139
516.902015
1165.110352
1004.692304
1219.109929
1264.315793
1366.275644
1068.801280
1066.507654
957.484799
830.832315
812.939109
945.845041
1139.586928
943.466719
1356.485165
881.641393
1117.534668
905.236995
832.322293
1088.513491
997.242897
1030.745768
1217.155678
1090.175577
613.806172
797.993265
824.293115
1168.500429
986.833697
1146.817227
1090.221412
875.862293
955.057624
978.702911
997.230535
1258.012283
1031.244245
507.791132
1017.036742
850.098073
1293.673027
1193.691585
1116.834687
852.326112
643.928504
764.004811
1049.949433
1481.213257
1186.920456
1193.128027
682.041045
1415.662388
721.702969
978.958896
1205.468291
664.602275
1163.312666
868.948089
928.419366
994.188847
959.822989
482.597667
1172.012399
778.965263
989.673096
1419.861985
1145.156372
1295.369430
1143.563696
886.656190
1027.307025
625.880743
1341.824375
957.868509
1227.485484
1159.007511
1190.460863
877.434783
546.249664
1147.523502
1050.776296
929.400590
1476.158250
1341.727499
1087.214334
1412.891171
1177.573063
647.531686
1276.243219
973.815182
1167.322745
939.709646
931.550810
1233.386367
1183.884299
964.825013
910.695982
983.210416
919.087561
661.113287
1142.934376
943.991314
1199.152597
745.008988
886.056616
1149.498421
1405.440403
1266.621860
954.217098
925.775445
766.357313
1154.790350
882.172419
1502.459483
867.352752
1306.396929
1012.242798
843.911453
1091.353540
739.049309
842.433953
859.381288
1068.450654
1094.037435
965.570751
700.506524
1140.272524
1062.497806
1104.445118
1065.859455
1141.422826
1170.266689
993.767331
839.212830
1070.598062
737.347173
942.536716
1004.954079
944.833532
1079.097500
799.325080
1138.850820
1032.342774
1223.958874
789.227497
1178.799358
971.215412
1427.749018
1112.768180
593.976615
996.241994
908.714977
793.739514
883.108555
1143.110234
1049.383340
1043.996906
698.830926
1121.382193
950.323618
509.513228
909.733952
850.031216
1111.842922
1194.203338
848.772767
1014.810180
1231.009893
857.717145
948.821340
1189.537629
1124.291061
783.563188
1169.283297
992.916235
963.078340
873.703249
1299.337455
1055.948815
784.859000
1143.411844
1307.413958
835.007143
1073.625763
1240.007828
585.894962
986.190790
783.796064
1086.277281
675.515775
953.226691
879.940828
912.290726
968.903740
1051.443922
960.811406
856.557359
688.471356
848.626378
1123.478255
1189.199650
768.719516
930.300805
1007.964546
928.028899
622.223528
531.134298
960.939806
731.575391
1173.878578
1108.762331
646.646302
911.031580
1004.599413
888.733529
613.850247
836.798362