649.138470
1094.483275
806.086279
1260.712157
1286.816877
1528.273242
325.623500
873.546568
800.212096
496.488135
1339.042290
1838.713620
548.216574
1086.813477
1259.511421
1480.543686
920.528591
686.061794
711.922303
1391.084583
1102.591725
1103.170959
1310.967834
740.851984
1142.162597
1390.896166
1226.109757
1509.030158
809.717641
528.123886
34.110655
277.942937
684.436345
785.117977
1177.389223
922.889627
258.384758
253.629441
523.589512
1369.033053
856.196012
283.006521
1002.559534
2004.759824
1350.859919
1168.378062
764.781065
1315.575173
707.997704
644.311384
1137.316345
1635.232036
722.765702
260.867556
1091.163868
1172.567176
1409.647015
1652.821606
878.366152
558.777969
774.325864
595.561422
515.511801
898.298495
1053.295055
481.872511
968.443847
1065.494813
770.405392
487.138854
2116.105233
1183.789141
1051.985949
1256.148042
507.960703
1224.189248
405.411141
1454.132028
422.066550
1174.644901
853.316369
676.048726
1583.458242
1191.810530
829.067083
1362.920216
1054.403344
1183.743673
1279.211621
680.295538
1494.628815
791.071498
1164.380069
1033.099507
336.338796
1253.486881
1093.541219
705.249137
1057.463784
1354.040380
1291.628455
1112.941853
1557.803421
816.581083
1463.091717
1593.547392
985.199899
853.385877
1156.505749
836.465128
1475.656078
591.417768
881.053076
1117.124487
739.301421
856.406075
1143.302468
715.363520
1081.942295
1546.972681
671.299741
365.687940
1390.967496
774.709706
-97.897549
393.169359
816.309899
1067.527813
1972.509647
1212.112408
909.398620
1864.973714
478.486400
900.294211
1546.498801
1475.348100
655.041485
1233.093851
835.984549
1138.801520
1938.574766
1231.546519
1593.030163
812.330075
1193.727181
454.872771
446.328937
841.391929
765.325361
1273.984123
830.884108
1268.679557
566.995566
1142.904966
978.782639
903.664976
915.872711
1662.651898
1060.637884
711.485539
1037.229390
139.273494
1777.737175
1071.339666
872.419383
486.906050
1237.863722
301.417086
1273.861900
428.801046
1250.652069
1057.618868
982.135837
713.364405
1905.351880
1589.587236
551.530221
906.212509
801.009881
1210.006405
847.897520
1129.217162
1735.989509
801.809629
930.388449
1028.757446
1093.963794
1668.894214
1094.906095
835.274745
712.540122
1509.352715
1208.714761
1053.519574
919.207846
906.837251
752.714683
942.744195
1575.006384
1740.199638
561.024829
1359.526348
660.003523
1103.641482
624.836854
2244.766946
799.305092
906.303814
1187.673647
1199.884240
169.315448
453.278137
1270.105617
845.950371
839.880473
755.558958
1164.403741
236.700978
1431.600789
1239.293696
753.270704
1913.888663
383.715928
731.806977
965.250408
1104.231122
1243.228113
459.653379
769.728882
945.823679
1261.894642
853.953095
512.226576
818.412780
1497.662752
1284.919136
685.607530
1123.881620
751.456017
1288.210287
575.167934
318.680326
1304.612341
1206.124914
1286.369030
1465.236797
1056.728458
1078.409957
646.876756
1021.022890
1134.363518
1297.730702
1383.799091
847.626627
680.639420
635.635842
1201.799964
751.018033
1427.472327
715.203175
1034.762819
913.038974
1653.876928
1491.142128
1062.314622
1329.901839
518.413740
649.856204
756.942359
740.466939
1107.499174
931.910388
968.893493
183.019830
1633.454214
1563.519131
1220.511621
1264.961165
1190.374751
938.606417
959.549116
875.231082
940.527815
638.695792
1035.695832
1370.303412
857.014993
1331.260218
1337.703455
808.888913
1153.427994
738.277834
1265.093516
836.072620
846.599195
1301.503635
941.876037
1143.611584
1605.234642
1322.580946
763.394813
1147.112657
739.148722
94.177215
908.291424
1113.864342
1178.410007
757.405908
1377.409047
528.370735
904.027560
645.568162
1098.995966
579.688968
899.612671
756.572254
1221.257746
1053.899602
1267.931302
1855.264554
747.271503
1334.601211
1498.353096
1679.534284
1881.126632
1327.751632
731.242445
1347.099725
1813.570238
855.783442
873.518627
1956.888423
1419.773588
1169.814776
941.911411
923.417468
840.749439
1387.634506
689.488771
1067.671687
1417.710721
791.929244
1279.162489
1619.015953
1043.281244
1739.119184
700.767005
1611.755875
449.067828
1014.971488
138.417209
1000.754646
1079.228785
523.485552
1042.587896
1113.946436
1777.799436
602.239306
1117.497700
1191.129096
1402.750068
1183.268550
1048.752260
1499.138930
835.771005
778.125220
1023.001421
597.898664
1005.956574
1461.570085
1116.035697
1027.644226
1193.800694
893.108943
735.365213
1353.945371
1359.697674
872.788395
662.662835
1252.612440
326.381236
1257.851743
1361.844393
828.516901
1161.377936
888.176191
999.480705
1051.851189
1034.662698
1068.631965
282.616814
908.645640
752.528720
1600.841612
764.984671
1204.212193
842.429630
819.519700
1395.932873
1328.681102
1619.819230
946.666376
294.021185
544.049707
1336.962184
1644.023159
364.564359
352.950681
894.298793
618.543689
1057.908123
1374.506817
1330.603960
980.667861
456.018208
1218.073683
521.132029
732.450534
830.942570
762.334331
1219.617435
726.380739
913.876069
723.448281
616.593560
1155.863588
1047.991838
1137.707897
817.408430
1857.095778
1486.616385
1427.305116
893.757577
1267.180723
1279.014049
701.622572
582.401341
412.591440
847.736877
911.402300
805.682157
678.314698
767.653028
924.508277
1337.915257
582.093585
428.863828
914.292436
810.600990
1211.471973
890.046686
1031.275640
1045.893894
905.762038
902.860810
582.635404
1046.420722
1245.056907
1137.315958
683.272025
558.704436
718.390396
1338.887617
1230.493646
217.629155
1565.194194
1444.826900
434.197991
838.494328
611.819866
1176.005144
756.699946
676.265399
803.082219
840.568536
1338.408997
1067.996612
915.743940
872.236027
516.587388
711.069450
1256.115366
1022.395633
1211.542835
2478.011891
1140.304433
652.991626
648.870505
638.040479
950.801684
934.124173
1572.879294
687.526902
1308.442308
700.190963
1116.902540
1077.408457
905.868784
962.854501
1237.824596
432.146077
1623.569755
585.521937
845.828029
1312.846450
1030.185377
630.179304
1532.057087
1012.863775
666.707965
768.737139
1262.935443
1022.020220
929.880493
1282.213036
2322.278151
1666.801239
718.827959
581.393440
870.974718
631.305920
1342.607954
992.484371
980.521724
727.869632
636.196593
820.566018
1125.373215
955.814607
1134.749358
1044.026143
735.402862
1728.572710
1293.703498
1514.531752
884.117562
1283.997381
1739.069375
795.941435
1466.749818
176.046173
1091.537527
1294.007309
970.431035
469.333820
1138.645034
1177.309627
1280.345130
1713.005228
967.090201
1337.884812
553.417452
1113.898942
646.853560
1363.694197
822.564336
1261.444693
855.402919
999.250740
804.141571
749.439077
1322.663932
1638.041444
1457.663321
1270.123022
1171.174744
1605.803383
658.319389
1021.770114
1400.898749
1199.777644
794.688285
994.263253
1601.024018
1395.604699
1078.081290
781.766502
1257.051679
1341.984651
418.972167
1026.858626
847.494283
578.049385
1578.133733
1251.886684
683.728810
1731.861146
259.399051
854.862468
1916.883304
1117.415437
1031.284844
1170.607258
1654.109153
441.811760
812.265655
1109.965775
251.089173
1628.855000
897.726535
623.477945
526.208544
1077.381778
1270.459969
456.575168
847.841242
1148.279574
1149.150508
1163.785056
1326.605858
1383.146933
1468.342444
401.043599
120.918821
1336.030806
1470.035054
336.200179
1656.081455
736.984197
1335.394202
831.591645
375.580753
1412.194787
703.003788
1319.345689
1505.259878
982.637380
695.013219
1154.730807
743.532609
1962.410569
1780.697224
284.985055
1336.540335
477.925098
1405.261949
717.166046
-96.758071
915.811422
572.758136
789.144527
1501.809892
1035.237739
393.635779
486.010243
327.486608
978.127683
593.873109
793.837556
819.055393
875.054760
1085.022045
547.849020
1068.917603
577.367036
1192.965643
1040.280834
894.666844
1267.060533
1344.924093
1330.656297
680.547989
738.738352
1833.944780
1137.884751
1093.682253
995.508343
990.379419
1450.931195
371.588821
1589.407017
428.567146
459.663220
532.287403
953.867895
871.353095
993.430950
1719.648897
1097.058141
1286.764253
1230.968104
982.169034
1013.735885
713.241362
1066.573604
-65.789547
1490.725748
932.993098
796.664745
786.306175
918.226092
567.285093
1304.915774
1265.763309
1085.357679
1080.812576
1489.930740
1346.907687
681.565058
1212.964768
862.545572
171.370789
910.563655
1768.777760
1484.769703
873.669263
864.635872
792.512869
1486.886478
1488.730656
967.244946
1184.926188
412.977019
812.455661
1207.120380
1512.842618
1027.897506
755.307426
721.877850
575.873375
1107.277933
1055.513924
926.596580
1296.342435
1407.242563
915.878027
1131.090590
838.930484
1249.790662
1208.681414
1355.527429
1102.336417
1531.606128
821.364793
1220.957819
452.381711
950.262954
1036.123885
906.998185
1459.466841
691.161306
392.739309
1008.820229
1229.260567
1195.176658
1322.552531
1540.094736
1266.572499
942.950106
1380.854190
1748.065362
1243.997713
346.820612
1215.954895
1112.291404
465.532862
1043.454237
761.644277
1147.549867
1153.777285
1245.315509
-168.586758
733.193506
913.843313
1082.718030
1707.454255
866.429754
1156.362251
786.175524
1307.827438
381.436207
1368.752655
1587.292421
1238.904685
806.829029
484.312640
1379.958462
1646.786733
911.996069
87.626881
1272.704217
1749.669684
281.093186
1217.368995
1046.789605
1195.875335
1072.646560
1387.526371
990.528978
1003.039444
1173.218967
1418.195780
904.278000
1226.341951
1339.098905
788.972921
719.421517
-383.414379
1440.631708
1067.402401
553.550491
1188.852683
1044.933788
784.536917
872.846327
569.396936
1502.120400
958.717192
1336.335215
1420.015358
1241.130008
1391.656692
1028.979983
846.829121
1548.402536
1037.673630
416.392293
1000.130328
850.455692
1306.433165
954.127249
674.070001
480.515467
1522.179578
1308.384624
123.110720
1397.847704
850.034572
1229.193113
542.602963
1510.812668
1214.566495
265.851662
935.935862
1380.304673
1177.651900
1669.316339
1490.445506
1099.937244
1541.615967
496.299909
1158.321595
1117.225882
792.171150
1624.951899
1054.361825
619.997375
894.440109
1903.506007
1131.665330
1061.709625
669.092156
1478.527676
1194.705781
454.283973
751.667879
813.906729
1126.215615
956.289832
966.530624
592.539516
969.095302
1621.220412
1298.629478
550.554445
1259.684980
1420.655617
1129.831021
1108.559173
905.240886
747.666519
218.239300
787.906612
1357.148894
912.169103
700.515146
968.177257
1460.365283
456.897729
1220.041310
1158.986811
1259.456583
790.829238
553.469083
1057.724803
1201.007518
383.797063
1393.355020
763.329554
695.371775
1166.327069
427.390612
1402.487574
1153.551253
1724.107116
738.782384
975.877265
465.147127
767.039627
1000.073886
951.577344
1620.594869
802.356759
974.514938
1714.895343
1108.730609
1316.852723
291.185311
609.252848
1216.218551
487.775723
1036.696958
978.778512
682.970615
959.755468
948.222738
1238.363163
1500.256217
796.346001
1370.616599
1110.670049
900.112456
961.898227
649.208275
1277.335851
1291.107097
738.209821
536.973440
167.568814
1107.200598
1125.439913
1260.988561
1066.962805
1082.696325
659.028729
1304.150230
563.225390
659.037881
716.468062
1553.940063
1456.662246
647.723093
786.197024
1528.456399
769.294240
450.287811
515.420376
933.634337
527.598816
1080.017177
559.791062
1899.154678
489.597129
1494.251590
1336.684949
1213.854960
1758.016947
393.776278
1497.139756
1099.584428
675.328692
522.521366
918.786676
1010.784659
667.554921
873.434852
1310.252111
1691.586077
1181.090644
252.560949
1184.940126
920.784571
935.531143
1238.928637
419.053602
881.705771
1282.289315
541.495930
580.752309
623.604105
537.470218
723.319869
929.476092
1386.768394
915.956173
450.433240
807.185947
1288.457638
2416.930171
559.974453
543.901122
791.246343
1636.304315
850.642809
688.118404
2007.135089
952.176952
1182.014805
907.589525
978.924204