776.852398
487.479769
825.192261
1512.477851
975.583202
1009.460759
1140.760912
1115.574789
1650.640587
575.231286
1195.311261
921.247857
933.373885
978.840052
999.562472
1179.619287
937.152318
545.658419
965.885147
917.680069
1141.164223
776.320636
877.065257
542.304243
1057.416483
1335.313165
745.542997
753.399591
1013.692530
849.411478
1038.617119
1233.233221
1106.995150
524.708185
1296.310155
892.323002
1583.703025
1083.494565
973.272365
1315.583112
835.418915
900.291330
674.876556
428.146974
1077.923006
971.424483
692.091509
1079.592113
1038.433984
1890.976207
386.596025
1115.294527
734.801388
1411.704191
1274.165698
1166.146583
934.153514
624.485064
933.199891
1340.320189
858.574031
948.238871
719.197977
1283.962626
1620.833056
1458.245510
425.921032
1015.752022
1234.550598
1221.721478
1227.108313
701.735877
1199.006977
1101.860604
635.843739
773.093454
849.672811
648.430768
528.725518
903.716782
1133.540433
549.570776
694.611000
1458.600794
521.531221
1068.542566
1426.543685
1251.008719
1016.144999
874.059320
1318.540561
1123.098454
591.675127
1408.008496
1027.744134
989.376816
1337.564528
1015.640649
1253.687129
1191.660550
1500.040189
609.809064
1421.492728
691.706387
649.918225
1238.415840
1455.386994
1559.011203
856.170637
1057.548152
985.367721
494.412886
954.887348
931.108200
880.620321
1294.282095
945.459402
1244.570709
1209.265144
1038.602940
1277.084895
1307.778209
1576.297729
824.004085
1333.560566
319.062537
818.254674
815.685708
898.617144
906.525190
825.715977
783.535869
1501.127273
1268.817833
1206.864338
737.353069
1186.063110
682.268406
1461.352311
1147.227754
332.414910
1270.573578
1434.563135
1382.022590
1194.551901
793.968620
686.933444
1375.483330
1022.306166
751.420790
693.007271
897.825025
1202.502361
839.458411
874.213832
1422.938313
748.276487
1243.526361
833.278088
1256.551618
810.192700
620.125697
614.643848
1729.276271
1647.258916
1297.957429
912.397115
1040.798837
722.209312
1075.442071
1394.138003
923.322327
957.725410
733.791883
508.372147
1456.920206
327.962262
996.618353
1163.771961
1237.485561
1353.488686
1119.129484
665.831631
1003.561619
1125.987691
1039.667825
1212.669039
1536.824571
1648.220393
1614.260408
1032.439576
983.728699
998.188064
575.135316
609.454192
810.403478
719.544731
765.967904
763.509581
817.197858
589.467928
1408.403744
1377.659098
772.003398
1208.542374
890.712973
1125.486456
1329.691194
770.137690
816.835325
1040.952972
1029.442131
1107.431745
878.592172
1357.609797
947.604721
534.580998
672.418266
889.407359
1584.439737
736.640422
1063.241269
1451.067835
742.801338
787.311859
1142.217062
1459.812049
1041.212612
1124.257248
1183.184180
1073.214388
1072.283033
1195.752895
908.420959
1368.275019
1105.314860
1324.008496
924.807500
834.581119
568.730387
1444.785846
1456.954363
978.179914
1141.027506
1026.018607
1121.682245
661.229818
858.838171
1481.970117
1192.530132
1111.110875
732.992856
765.492009
750.479368
990.676533
413.531429
636.270173
1074.070319
703.625361
1035.179233
1382.693751
1026.451637
1075.729431
982.555480
1220.357190
918.179144
786.575531
865.131303
1215.195181
823.636992
947.931369
1215.329587
1426.084106
1173.255799
1078.316791
850.625061
1241.286665
1086.512976
1011.871592
974.616373
1278.336684
862.212427
932.829226
969.281140
1246.280930
683.510253
840.257904
1181.707847
1061.456977
1235.082177
1232.518187
1323.942203
734.332352
888.161543
774.224351
1260.112110
1446.750860
1260.825033
943.183872
558.677184
1087.008600
886.079624
856.822636
1131.522881
868.240467
876.331462
900.372845
798.967378
1244.653639
661.599886
932.789192
1133.560212
926.715905
1016.853804
1527.768810
1182.479517
808.720936
1059.107419
1462.630372
1495.816318
1063.858612
770.348384
986.870787
1525.460402
684.355218
1201.495790
493.216789
1166.043466
1126.724830
560.955672
1203.687299
840.458305
1196.304962
1355.888423
1134.148336
826.507358
1249.898830
498.568917
1350.239851
841.772408
750.594664
834.996321
422.692322
823.695553
1165.187291
1508.509361
1346.895714
1443.490792
1568.681321
1163.688491
1189.673505
700.161103
810.390570
1632.687322
887.467550
959.480020
1702.320612
1042.286425
882.295365
1045.078585
349.615976
1127.898638
887.202646
1400.243328
757.131588
905.924772
1350.572922
1493.533907
804.652374
502.228356
1161.232013
642.971600
1454.200277
1425.121747
1536.178543
1183.926899
1079.099066
692.959742
954.917251
557.254797
1631.597187
703.082490
468.386014
757.761715
682.862537
1750.935945
950.923089
847.003621
1447.723248
1215.966294
1030.589757
922.333924
1109.702733
950.189865
835.368693
867.983791
1270.600231
608.574048
1338.523388
899.282109
1180.448693
1335.659018
933.751204
1239.926806
1420.686042
1723.921922
730.412046
695.443211
1129.359244
846.505146
786.327843
1210.879696
1222.559768
670.281381
692.418329
696.771643
1347.701648
1070.026838
1577.073119
961.556530
1035.488710
1121.865957
1327.484911
952.170569
1406.272351
1027.060567
548.657142
1148.819524
1302.255419
1115.884892
1270.847807
700.824047
515.049831
752.383285
768.197108
786.359759
1439.439395
1504.885951
633.788582
1394.443501
920.620017
653.956090
521.466984
1177.005745
1182.410582
552.364058
1344.369192
484.012966
990.850834
1201.308519
1007.683634
934.360495
985.315801
1077.101222
637.427278
1286.787826
1597.774518
1087.099764
940.857462
1505.480675
1418.915640
1081.295378
849.517110
752.726391
773.656332
1831.131736
1350.226402
1098.021397
1336.256960
616.541287
1070.679492
809.060500
302.325324
1243.230040
1224.283802
738.458883
1359.680229
835.966404
1121.720820
956.038131
413.676733
740.138146
492.700918
1996.039123
1485.903166
1189.868654
868.898945
965.210848
984.934884
781.168917
1098.831723
650.486496
917.135033
1282.550978
696.455465
782.289798
716.369235
100.237486
1191.813899
1764.203414
1325.959697
1254.463209
1243.316399
1577.941311
971.392184
767.336778
1348.195263
965.410686
729.404338
771.391554
697.449648
1240.701643
1097.198060
962.565261
1040.958994
834.315302
1252.986483
1145.450325
189.754470
1153.786385
817.338425
948.355598
905.592986
1150.684621
993.930843
1263.774117
979.536441
910.049217
16.742906
1333.712535
1025.774779
876.844971
1432.101389
834.300419
743.451619
1434.986075
845.126374
1270.026439
1463.542215
995.987220
445.905681
1003.949292
1413.975596
1301.745981
385.605838
909.805514
1055.907502
1408.373217
695.660217
805.249859
912.425840
792.921659
776.965423
976.926754
253.462926
742.180717
652.065622
1129.009385
1288.118846
897.029312
521.874849
1370.212150
572.885946
661.587417
946.738659
738.696494
965.573659
720.165303
961.055747
579.692923
1140.812427
386.146460
908.279215
582.607007
962.791098
977.198819
785.321542
1217.548064
1670.019877
1344.860367
1529.108052
858.287976
1316.078424
915.660869
960.273990
977.928541
533.359775
1165.248848
792.798293
907.166530
1266.580013
1323.821721
757.093541
832.925488
837.472128
867.014913
710.092883
770.817018
399.831257
309.037425
767.844067
859.223623
127.095607
914.040623
497.814800
1185.478651
1379.455058
1253.421194
1411.050788
1560.187710
1856.219101
487.566719
912.080928
1452.700585
492.340778
1278.041200
1439.447536
773.358110
1556.714783
630.978896
811.143129
895.755992
729.126650
856.366398
1496.941318
1229.269981
706.200786
1205.089707
850.036307
801.142479
1409.586360
1431.095688
1049.447933
1154.291842
1630.285368
641.036192
1144.003887
1054.354774
1196.731813
1220.301482
1341.229103
1239.552398
714.974187
1482.260131
950.028856
985.698634
810.336156
914.506892
780.917362
1086.509608
626.786006
648.096676
840.697924
1065.525424
1122.245510
1313.358597
534.067404
1395.485898
1104.279500
976.221485
1343.501297
281.727128
1357.087044
1752.584803
303.237748
1025.139827
909.739724
833.493759
1113.721574
610.482328
1063.841599
888.342115
1166.051167
1403.784335
938.485484
1092.233771
798.779846
1167.063750
1028.184281
887.139197
998.993461
1287.610786
604.135213
476.049700
914.272041
780.356056
1042.960594
971.310778
1055.350392
1551.430863
1099.804809
1487.262565
1443.975840
627.742852
559.626377
1433.061187
915.712728
948.450303
923.450590
519.054390
1330.886079
801.958398
1192.287205
1449.217751
869.595341
265.020475
1297.905552
1222.457284
1139.156624
1165.083607
818.302254
1364.883739
1034.879611
688.406524
821.322137
1142.793630
1070.263697
1262.147572
1056.072483
1215.096846
834.696177
1508.674482
800.181543
967.372219
1002.952345
555.219657
1138.778025
867.653579
1350.637548
630.955676
1104.519017
1288.058102
1254.291119
862.492133
640.507786
1036.029966
995.897058
886.758421
1151.984026
1034.957049
855.568009
723.295381
1196.278815
748.868237
236.177448
586.694057
658.389337
188.348675
798.968825
502.415214
546.719011
1008.732779
440.178211
1452.198896
1361.104677
934.584248
479.083750
401.713636
725.556724
1318.266840
1596.568424
1212.084338
1213.547255
1070.547044
305.324842
1476.018418
1398.137502
934.537284
641.684134
664.709615
1068.825456
1002.606577
928.972236
1521.347435
1166.922945
1026.095011
1348.625200
748.398002
820.877089
1288.555144
1030.725753
390.492594
1155.128219
956.114093
1301.835298
464.260554
649.310544
1193.974569
1234.038739
1032.198764
1128.318588
809.586293
1157.413495
1071.235302
764.883766
1003.789606
1466.846538
683.998330
386.689555
1198.568594
1513.100461
1271.083195
1240.246520
1185.373148
513.589656
1674.332459
777.648169
1241.316748
879.844187
1021.572628
662.048090
523.109689
1092.207518
500.179986
868.616311
802.471736
870.987534
1267.127258
1307.477493
1338.655251
718.800489
1069.793171
1280.994676
1229.786493
1139.624874
964.329229
618.343384
1086.964134
1572.444645
693.895622
1088.155620
1008.796332
1099.620597
1087.775348
1264.308203
1239.323627
1066.158113
889.159334
634.489224
1276.965993
632.741671
896.675621
630.248717
428.634494
1505.722805
806.029518
751.882953
1249.900169
380.724349
405.073014
777.775856
974.224141
1417.069128
1365.757209
468.153435
934.556006
747.176449
948.000164
226.599746
1307.475496
896.161457
1437.115990
966.397091
1386.615877
901.604209
825.812919
1355.551856
1459.131395
915.243115
175.811520
961.016732
1295.162945
1316.108924
759.995099
1001.583508
568.220809
504.136330
1532.241833
978.319194
912.405467
1392.190068
928.499973
678.559394
897.877276
462.172558
714.951061
1452.445397
1182.883556
790.201331
115.527286
744.221506
1149.642575
748.719014
1621.841287
1451.868852
1078.613571
1563.619208
974.301758
758.003641
1491.435231
766.058673
759.466301
1360.842743
1286.076295
1795.931604
606.653289
1196.167351
484.172179
792.516820
1198.989380
37.134610
1081.388565
1078.420485
1215.982023
665.318041
494.164206
1307.644836
1467.774308
810.186667
848.776011
1195.995140
1046.994788
641.563966
1290.316645
873.434536
1133.157528
1233.896661
483.569477
952.414085
1264.260407
929.472545
795.074177
1116.456378
1244.630195
935.346303
876.284801
825.055942
1183.356977
1279.313599
955.158842
941.015042
811.157154
1631.707939
1270.270874
839.853981
1389.069694
1314.766938
881.012830
1099.775262
965.685123
2074.181377
765.628182
288.319431
645.829383
449.253720
1013.403028
905.251648
1119.409920
961.852527
1630.086095
993.757979
1247.292172
1003.134477
819.102862
572.830248
1265.720912
1026.663314
618.624633
1253.493584
525.881427
472.330390
1533.303883
1008.717411
1339.376579
938.707099
704.818903
1689.755242
988.280111
931.835808
1170.825762
1308.151049
473.741395
941.635175
1071.346664
820.803856
543.301570
685.525958
1158.319779
1060.174887
1067.887036
1336.872329
759.156059
366.033576
1247.756472
873.933852
1576.381712
866.546355
1047.979047
508.272704
1180.153121