620.381102
2149.110308
1156.558261
1447.495061
585.889223
1157.944691
1361.980174
750.749546
970.810978
640.175678
488.680058
1247.092398
1390.384130
1494.364280
359.183365
537.045625
809.974942
1875.417303
857.228753
1030.343913
580.716743
495.770164
1568.242893
1349.850426
776.804398
896.473116
243.430169
813.586915
1300.710131
653.361909
748.422338
955.845151
216.821317
632.952107
781.776112
916.226813
365.610697
1690.734616
508.220834
580.010435
1377.465080
1281.346554
1243.987850
1150.451856
1393.316797
1307.826609
1520.731056
299.545730
1059.643418
450.158353
1579.077132
245.163952
1616.262681
792.465962
2260.557473
381.480640
598.366828
1444.088299
139.368851
437.756645
1029.837685
247.103210
566.156618
230.072709
995.635999
1435.639385
1297.734622
847.957000
739.718790
549.008033
1123.381992
1218.955207
1511.503235
1209.799208
618.641073
1497.948183
1478.789806
-122.617836
884.180384
878.752425
629.014666
1408.834190
1519.605998
1259.299482
156.381091
315.740659
-50.540112
1095.999200
783.852475
897.301457
389.878446
2210.766172
776.718480
1162.406066
962.009887
2107.535378
822.448909
325.785887
1012.366828
394.735030
925.456493
794.678527
1915.449433
1467.046479
1866.702719
1159.872708
51.825480
1121.529639
1365.509415
988.328470
476.526222
1215.372489
325.152242
1410.342828
1127.267818
732.736834
1580.471504
1324.271504
871.382894
852.841038
1329.092410
391.423149
776.263154
1626.690594
891.297776
1304.403623
1540.640820
663.067182
875.561536
1079.903431
1071.601654
1828.765559
1186.275845
1070.661308
197.645986
1451.003884
1537.073223
1118.310733
-403.284962
1166.573247
677.686053
846.036940
1284.411145
851.672445
1734.915292
576.015275
750.013917
756.132742
591.865450
976.265874
871.866530
978.395174
705.670165
1638.581776
846.390647
1265.573202
1389.739972
1339.314407
1452.809663
1426.474164
1837.370461
1289.667573
1398.837090
906.959085
462.429604
641.571666
856.350825
915.963953
333.496795
602.847141
1028.291709
864.117961
1762.237997
426.322523
933.846722
918.754448
605.020678
1346.928657
617.209453
804.954680
2020.927922
1371.197817
1156.534048
1261.830848
1371.050055
1516.726129
1091.129831
1706.960602
970.281545
558.648840
1208.810305
1120.222188
1196.334844
594.771060
595.649407
772.145104
1446.041625
820.946560
830.235632
481.822529
357.698515
1147.446850
204.943941
974.945127
628.191270
977.248207
1252.657597
347.325298
1027.497234
973.583525
1325.202503
1555.897594
-401.922910
1739.943471
1145.160663
1485.056857
96.477120
1250.412242
359.719327
794.910044
230.235395
1922.236991
1624.340274
1541.498039
809.644227
1043.123383
1219.793617
325.050283
785.690726
852.657881
980.586345
1360.683441
1117.011707
1300.714612
1207.522540
998.401615
2023.129570
977.574837
1098.354858
1101.133854
1126.265051
777.853911
-83.036861
605.141681
561.735304
1041.451648
2150.154779
617.291360
1409.412663
853.660373
1649.698743
998.133924
1789.063706
957.112939
598.080696
1177.721147
317.246387
538.904406
813.095985
938.952827
671.129640
2424.648167
490.000537
1522.514336
541.438533
168.746664
1863.650184
1089.327998
543.568355
1884.461578
957.803597
796.670547
390.031514
1028.374143
466.972006
545.453426
1723.265178
594.045631
1570.229296
1792.891962
1419.456160
537.369849
1902.914250
896.975011
211.206447
947.870130
859.871678
761.003358
1815.053087
1252.380627
1852.866950
1070.285860
881.483475
1400.786871
1695.298897
695.766646
849.119480
1090.132349
1457.664237
755.226638
1065.244144
1049.346935
857.150781
969.820199
-590.755192
1589.611136
1127.317768
562.046621
369.062351
1625.569048
2010.018583
877.178620
542.189100
1087.753901
442.461307
574.352086
260.583289
923.846624
1122.662267
910.114897
1402.081684
870.194865
1670.412544
-209.086624
984.028961
140.570770
1546.161777
51.792630
897.686434
792.771695
784.893441
1041.085459
993.545333
1112.552604
969.719847
809.701189
496.695704
1468.183912
571.666050
654.563694
942.313571
1421.647192
1207.828945
1017.410923
1981.798099
680.753477
941.939456
658.151692
616.780284
614.216970
1225.535552
1842.616987
1002.129243
1020.563306
1004.542236
245.152750
409.175186
823.223178
-141.334737
1217.987282
996.287669
2441.374130
-82.579855
1149.763368
638.547592
1060.149988
1499.362379
760.481015
799.708467
1618.982589
1238.822502
542.322733
1206.437768
887.557083
139.219992
521.437045
1023.219611
617.906989
987.987225
227.861925
709.056375
635.334407
1094.537770
119.277518
1042.601345
432.592598
486.724380
1229.284538
1002.850980
1225.658405
822.342990
886.503935
880.571143
1990.542989
947.073746
366.441852
724.127588
1024.593432
334.588398
425.145635
2006.948335
1289.337159
-6.417880
-43.376253
1203.567415
1298.576028
669.242479
1095.965443
780.639206
1235.891798
1208.192114
493.370681
516.883572
251.973926
1091.361065
557.075827
699.543511
650.787880
1239.422697
1520.354841
1664.753143
966.004643
1456.872929
613.970051
786.656059
682.781305
198.695794
1554.307364
720.463643
1168.662828
1759.854908
993.093627
620.931865
1617.648650
580.711055
1255.252896
808.250621
959.048549
1703.930109
384.062019
542.723114
308.844881
820.650156
1388.389229
-123.791543
630.678159
1495.128827
1141.573663
855.394328
115.248240
552.221645
1245.763013
898.195754
530.251763
632.628988
1142.064047
800.624438
859.513276
989.976551
1529.993833
899.161071
1520.463159
1265.315418
564.485379
511.434337
627.833339
1305.301857
567.323914
674.713501
949.776720
1556.754975
957.509404
884.145258
96.645912
1454.866159
2009.588503
1008.806406
670.121148
788.557226
66.009962
1829.226860
424.534635
483.441119
458.538185
1210.828508
642.007885
1472.628625
893.319775
1311.396921
1548.568467
1676.573762
722.226369
1039.248840
1577.000641
1097.929008
727.042226
236.429202
1397.157002
1281.880518
388.446640
1406.112154
409.774351
1460.624921
1404.694183
1458.223996
1266.766178
1688.489658
632.531555
2170.611920
1951.693747
752.112368
931.165728
1500.979070
823.192898
1287.395564
961.259400
643.214091
1291.484346
912.644839
1318.591580
1593.789571
456.010530
1971.032410
1004.389108
757.643087
670.533133
703.668445
562.347620
1462.960390
881.507664
1218.128719
1199.148378
1142.058203
569.168559
467.814062
530.749851
1706.333205
764.601634
-141.044734
830.261870
1194.443763
881.465870
1223.597553
947.539218
425.748689
108.631270
347.008194
994.118768
967.234202
534.914467
972.820168
634.222008
550.430641
1077.917466
1215.116052
1265.442208
1869.175653
469.061585
724.613005
341.369364
1480.845481
1591.082690
740.796212
737.953817
1042.989716
-107.734894
877.585563
1363.936776
1389.722870
1234.809155
1255.650791
1256.391591
937.926301
476.681617
1802.104352
1017.501503
836.712680
688.650035
1668.612770
795.946870
619.584351
560.318191
1440.990011
1154.661840
1037.933512
898.340486
-99.078327
653.947802
1786.048060
881.939512
1130.004897
1115.948743
1292.235437
495.039317
1046.722259
1434.362859
663.423905
802.738801
570.932206
1720.854081
1026.983870
1725.698841
1991.956395
1044.733438
1494.056636
1050.388537
1005.771079
1267.754528
358.140050
144.820542
1332.584531
1542.882667
940.929637
491.941767
1224.908216
1007.690863
891.647587
2158.546531
909.894064
1738.664599
336.887951
946.054594
1100.059808
542.196579
515.490571
-135.682685
957.318227
571.580920
1145.994781
1302.435245
1761.300155
736.847344
210.857200
1104.286837
855.344054
704.257295
1128.637345
1563.586710
1103.101489
22.649697
764.760154
1.530330
307.479724
958.670034
872.577289
895.898816
1099.715689
1203.455527
834.822083
918.235211
1509.430147
1047.338296
702.537829
829.467354
1461.564838
1227.689440
678.887101
1266.721207
755.240348
685.362788
1064.856232
539.725157
1004.760437
253.124920
381.700404
678.891785
307.223145
1779.637226
270.307949
883.865959
794.589864
1381.042262
1421.091564
313.257034
1230.701133
670.502010
1116.523069
791.983298
1282.455561
663.500904
1172.897032
666.878647
852.291290
758.754036
1458.943237
1076.880071
664.737367
790.376924
1206.903371
656.229155
113.812164
1345.694791
1509.433920
516.576125
1748.275202
600.871124
100.464596
769.715088
563.024122
1622.061687
1007.139382
1317.310402
611.033513
557.710315
360.273318
1317.936102
1070.336659
1369.451181
677.289905
1031.605095
363.706047
726.639319
1693.560249
1397.028726
699.119589
735.892460
805.800702
722.597281
1179.108738
995.663336
317.117945
1495.295424
217.216992
993.621254
1117.682568
774.693346
1470.212284
655.288188
199.628844
717.336111
1526.301155
680.762199
1131.247116
540.881117
1603.042335
1650.287946
1329.352649
2005.194442
349.017156
467.621298
1081.459853
1577.129241
744.037163
1108.319534
1318.899254
1462.450387
603.427865
719.788701
915.492471
1505.793626
1067.788077
1117.385442
1139.170684
1744.771027
806.134001
975.182495
489.917769
932.445045
204.940544
964.821306
1312.480667
1021.466973
739.878745
1703.317298
1237.285132
994.921105
84.719919
1027.145073
1027.761671
802.738154
1379.422797
950.637769
846.486773
1060.284637
1384.630156
1097.429298
1007.027683
1012.850745
405.695474
1452.254086
1572.858410
2019.258519
1153.176289
978.194827
545.491578
918.055568
962.124838
1019.260804
1180.055181
226.059591
1236.005700
1481.675884
1961.533180
1580.516698
138.012248
996.489348
1906.281096
1044.887208
1803.446971
1259.896951
628.233761
1591.929491
1219.496658
917.021364
20.968880
1011.650623
1405.532852
848.151197
647.675249
769.108228
114.330741
1112.899585
816.949672
991.650565
638.586196
612.762669
1074.308509
1437.711084
1268.570748
591.372421
1027.591953
1248.188251
368.954785
313.762804
1170.519431
937.000657
1252.109689
364.777521
1364.023217
1310.891205
1340.115673
945.659863
1288.384553
1186.107030
135.844256
-190.166692
156.957129
686.689721
2164.531772
1444.307774
-379.200385
1300.785971
242.203935
745.561390
155.025514
929.956571
1626.071689
1481.103526
573.531495
328.137616
358.022811
234.934837
613.464174
1224.892185
1031.138032
1138.427317
116.254694
898.919763
944.383428
-14.266010
455.785858
1112.370583
1432.819195
1203.727698
1137.963269
709.124302
780.625049
592.229472
818.713280
1540.593478
855.071503
1370.400709
856.998087
235.502625
725.724175
1795.383630
1322.101513
398.119188
1069.025145
868.054027
994.142438
1078.918921
871.177126
350.734023
1751.175656
1219.960449
656.708602
911.456732
1119.828906
1121.890038
925.757804
-421.863222
1371.101552
713.287626
1853.664690
890.251553
879.895612
1111.375674
1547.090841
1034.822766
607.541120
161.003799
734.642942
1145.645192
528.822545
322.498800
630.665691
815.331469
1093.134042
443.175225
1181.900574
830.827268
547.465828
1046.273516
936.621620
208.830475
1728.422981
897.653060
958.544358
359.457513
1714.734383
237.221477
844.677757
1348.986841
776.023809
847.305111
2002.893716
585.549050
1606.774295
1226.709100
477.015031
988.423298
770.349574
1759.570779
1310.224297
1084.738541
1187.361636
1178.616600
535.293416
1214.808415
1015.345840
1027.939341
243.326159
1163.845260
1508.293051
1451.053429
692.783045
909.228246
1351.352207
1718.876590
1441.762648
880.015333
1650.964556
1323.868908
497.805620
307.784333
21.359763
405.825600
803.718781
1533.019761
1778.140262
1544.844244
494.724556
1187.658431
1590.338604
373.168019
690.211589
547.949460
1402.757417
1498.726762
927.177748
1399.595580
226.246841
1505.034910
671.989202
1077.525977
396.129891
569.614521
930.035752
837.769444
468.943746
981.808832
381.184966
1282.408943
524.174250
746.319527
522.323834
815.814967
1305.765969
329.234973
965.674985
208.661002
1457.707058
1236.388750
1896.554653
1062.848344
645.662718
822.811059
1368.376406
684.245825