964.130480
507.215550
1473.004883
1087.524987
1013.268238
1219.299762
1130.037402
987.565508
1144.729634
745.546457
955.559032
695.304554
810.693288
1018.546445
650.815388
630.630355
1031.523300
687.670526
786.647824
902.860613
1261.061773
769.892611
795.206745
788.537174
406.229251
1061.384363
906.560986
703.647445
860.928479
426.640272
1208.025189
1306.997670
728.974499
953.302558
546.333664
1017.159133
893.894356
1026.587701
831.510879
918.227700
527.720601
1324.716243
794.887612
1039.987480
650.672453
793.634729
1042.697749
1412.778281
567.752873
701.768896
1250.876446
932.734127
1198.686196
860.949862
199.514071
1100.472682
748.628401
829.716553
1150.363784
259.782545
854.994357
924.965886
933.621073
955.912653
1569.532360
1043.999835
786.399791
588.612478
1078.521276
1355.784744
1601.072062
722.964643
1323.660510
1293.646200
717.068173
995.181403
1400.605546
583.441081
584.408059
1062.816948
1033.325307
1331.567199
958.214267
690.975731
861.985805
779.405234
1145.502066
724.723232
1185.419825
1191.117054
1441.598164
596.310585
1042.202839
924.635806
1495.067611
1014.879681
1178.179078
372.829307
560.496916
823.429615
1393.923278
990.997226
480.600995
1251.974320
1070.448280
1481.636699
939.856798
1295.267885
1138.632504
1186.570343
1299.234719
779.009373
926.370493
1437.644586
1018.043095
879.661558
696.446525
1255.958335
1248.488139
816.379305
1239.663545
896.752040
1044.997367
902.919743
1073.599857
1215.830325
1149.369051
1022.382880
1195.694998
1110.330287
1137.168746
1123.385248
757.592450
735.802091
1157.419841
635.014236
1055.091958
870.726678
737.603604
1477.107016
1181.619633
783.282405
1127.413930
1031.281808
1241.399199
431.021206
1265.355881
409.970533
1308.201398
1339.106527
873.294820
924.847227
728.697051
1052.044697
987.944549
757.339905
742.629342
944.114949
988.416235
932.702955
1502.360219
1038.884335
796.796735
644.562548
1171.971683
678.863702
863.527651
746.013722
864.325030
715.030850
936.563903
904.525192
917.827136
536.292990
679.273824
1024.263502
1037.595111
845.676019
1102.540667
227.601884
1136.697321
1460.231360
1396.236149
1040.881158
961.903913
900.891371
836.368185
1138.310178
503.430870
1035.033376
800.172925
1077.370349
917.568211
802.648429
1193.495227
688.857789
1250.572404
446.998737
1061.418072
1280.924212
1044.066671
1081.870001
1034.029614
1065.722846
991.160623
952.665044
1078.052339
1032.958430
762.926212
821.019458
809.061680
804.089903
864.323411
915.895171
814.586765
889.701111
878.075905
898.291185
1144.478704
925.281411
681.530307
1153.005952
1217.573049
861.350680
928.247611
907.850222
566.949905
956.912198
793.025257
997.034028
954.380399
898.295254
1042.694424
874.163732
1196.848994
818.529079
1368.294179
986.391408
1118.549554
441.145302
1208.446931
698.067682
985.081062
371.465554
1092.795782
823.818550
336.804293
937.257986
1010.772677
1416.670887
676.825825
1468.308137
1099.484640
1089.770320
1158.412524
1356.764327
1121.562142
713.203075
821.707555
800.828588
446.657483
1224.307890
1014.622568
699.109212
768.936405
716.216640
972.055095
536.332472
841.501433
941.777231
995.037259
1137.509612
920.572040
787.535058
1006.968440
1152.616025
1188.575212
981.927422
1350.855641
932.142249
1005.656693
1013.133967
1122.723929
1005.465976
1085.792278
869.028725
1140.302956
1081.055187
501.658462
957.716279
1111.406085
853.814018
773.456718
848.220595
1129.396168
1006.612205
640.199845
764.732645
1291.298121
738.985291
815.217279
627.001262
643.786417
1409.695614
710.744989
1076.842581
918.610133
1247.822900
563.952320
691.502402
703.607135
677.129203
741.740875
1137.168515
1096.978707
779.582611
683.351619
1242.951738
938.675134
1000.909045
1158.431114
929.205930
949.408313
1302.034029
1226.922199
756.048473
1055.794078
774.731524
831.108798
405.291308
1436.601364
984.356601
1216.259761
1419.709310
1134.774455
923.230857
957.455700
562.516541
1238.172866
1227.233918
1300.517065
1013.106439
928.430116
775.615064
844.243607
967.147742
1033.486426
636.882405
846.196348
1085.625226
888.014984
775.182165
945.512422
964.830159
843.505439
1578.818005
1112.698236
1298.347259
920.960209
1357.540555
1013.950594
1043.006160
652.700398
1069.443224
1164.871933
1352.753131
1194.788578
683.269940
951.669015
854.075255
1132.715606
1243.962790
895.377207
1293.389179
968.725076
1058.263213
971.834267
1012.316377
919.001408
706.064150
1067.331857
1483.764105
1477.571099
1022.875934
956.761638
1131.758865
1024.158024
712.879539
1087.535571
913.348342
1276.780877
863.921974
389.143036
881.633725
1109.283528
1185.412961
1450.121010
1167.114655
865.902935
843.284879
1425.520333
1092.172484
1399.506948
669.143196
1198.796341
943.685615
1392.137440
747.589980
1236.534433
1217.942860
843.086538
790.719020
952.981111
1283.571788
1192.021827
982.988310
548.151481
790.398973
1047.741927
1033.867942
1026.333113
1298.759496
478.483326
610.743839
1578.225193
636.971221
1433.985671
1000.726723
1139.322199
1472.064329
1062.637014
825.354183
974.070937
539.712818
1407.598596
1198.386138
637.504213
1437.358585
1604.564755
981.502805
920.658524
1131.196040
1164.255380
962.840283
784.421031
1229.735717
1127.447470
917.065417
1109.637392
767.377835
897.171543
1083.922446
860.858200
992.518862
680.655704
1227.344956
1242.278537
921.560441
571.984600
926.234652
1032.644375
892.412075
1314.091387
817.585147
861.867970
1332.545933
828.031922
1068.562151
847.219636
1170.201938
898.149171
628.786607
975.706691
308.351576
1281.287821
1360.030842
1240.665700
1439.077994
940.414442
1154.081450
786.595596
760.439855
582.440583
1026.282289
1364.732493
812.164121
1009.017889
767.607681
646.022591
839.917829
1009.883977
825.413595
1330.157374
1142.899550
737.194142
837.995354
808.942083
659.915963
687.519938
1121.117250
957.161024
1243.669923
858.598945
1031.601451
1167.564733
1085.994018
499.351354
1490.732228
963.700358
1234.908316
897.053677
983.756508
749.663274
1142.121127
956.223795
1101.668245
1251.052535
898.238762
991.002658
1372.678133
883.926947
644.650159
840.718199
808.835062
1175.237931
915.071618
723.580116
1011.357763
658.275402
1186.100123
768.868930
1285.934386
1369.012464
842.485382
999.729023
895.693582
715.841466
1363.418327
933.634533
647.703228
1066.426320
881.554624
754.604317
753.328503
1049.074029
1271.347415
1159.571765
784.111742
1129.820090
1358.330522
1111.510587
1203.194857
950.415109
1327.769804
873.500888
1266.789962
1174.361853
752.178882
896.161023
1309.959060
942.192645
1013.245750
944.871046
1527.037385
1064.192697
1152.884220
1277.080991
666.666582
883.332500
1122.249321
932.499386
720.368510
754.681573
767.192595
1259.329430
677.879657
1170.459516
1272.536898
1033.195307
1418.859018
1117.393828
1116.026080
778.853116
1002.694090
688.223716
1180.301053
1090.010801
898.048710
1241.026215
1011.021042
1257.800059
907.854102
1264.267809
1004.385773
1231.227371
958.335421
822.880172
1358.051004
1121.226144
1195.152786
1061.028365
777.897343
852.811789
1151.969631
1287.654381
670.852345
724.890237
851.782486
1483.938640
1040.300585
1158.604674
913.667821
974.143884
1071.393932
372.264528
620.399666
575.729796
1348.000928
727.253097
1120.380030
1267.038292
994.975162
1112.579541
873.058844
652.202523
1073.823717
783.502560
1057.313455
738.226460
1219.400779
1125.873489
1159.681807
964.673379
967.217339
1427.367143
780.815454
770.916999
1082.062786
1002.371485
1074.546671
918.806025
1180.727605
682.769400
1299.591727
846.244516
1150.372760
1486.796254
1344.534856
978.691860
1151.970814
1047.019404
1280.036386
1040.950473
622.120613
972.333141
1009.330891
968.158513
991.357862
329.402819
928.044060
1364.218012
1020.554243
1240.936084
815.071080
1051.344446
731.208662
848.098098
740.112131
1327.242241
1274.165984
1068.841374
878.860705
1268.851151
749.487474
1414.079931
882.870930
959.523928
1609.210848
1185.340886
1066.401293
1126.173907
967.125733
1178.353499
813.054397
1263.512507
1353.361796
1012.916751
1045.184823
958.885201
436.566818
605.160786
1134.485669
776.344109
1035.953676
1020.106224
664.694435
771.834756
972.479460
1324.980408
1332.157202
751.975849
938.188870
792.511269
989.817962
1000.220098
980.970983
809.518261
963.919457
972.994050
1053.526470
786.429147
1061.782023
1206.844862
979.647243
891.554920
1510.519579
981.723590
796.168115
968.781164
1134.379910
1338.541620
700.040113
1002.991919
932.960753
1079.515832
806.478093
921.525919
852.654054
915.227108
963.459047
1274.605698
1135.789702
1157.645124
1053.373053
1166.504404
807.839072
737.142421
1142.178728
816.925829
1249.041043
1651.797447
788.072735
1072.029535
1064.160685
761.009281
1154.041221
1242.300036
1367.082547
1474.254335
910.538436
828.785245
736.224677
951.830133
991.513291
1192.685846
565.187909
1483.403790
823.796381
1537.478076
1159.594797
986.076070
893.303360
896.297924
1043.228294
1136.037039
1286.956398
645.721053
859.009944
1040.337464
1017.555176
1208.603343
1271.927059
1062.833165
1167.577459
970.190641
866.948437
725.606912
863.174202
1272.074757
868.858308
1245.724093
1472.059610
691.925672
1086.237455
850.240871
1137.808972
1190.935159
1016.122084
949.532583
690.478885
960.179958
1152.017479
842.330746
610.092996
1505.861625
837.680845
1035.135214
908.820690
1046.717317
1377.162642
1099.731676
743.819863
766.791064
1214.866689
1182.672511
1205.032860
792.282743
881.295402
1137.062256
945.263057
1068.239910
1093.779588
1117.734538
768.094372
827.354632
1430.090986
640.548497
687.963027
814.904998
870.285549
791.515634
943.405780
430.496911
1021.619764
1083.547963
1536.194539
1123.472042
1287.285267
1119.431422
1029.019659
1276.783180
1107.456840
1063.740130
715.155367
943.703207
860.859241
1010.387635
1284.071186
898.125328
963.264067
1093.751814
806.842199
1198.642851
779.165628
1195.637350
917.060181
947.996688
852.589422
718.794233
1205.866715
805.867061
1063.817641
1183.235468
1210.682029
833.818213
748.684552
1143.370664
1008.435063
1211.509602
1300.851780
1033.601149
1293.203327
378.380216
850.307962
1402.608638
1131.701250
1106.184392
1184.085614
1266.991081
1012.346379
1399.264243
1036.933496
1032.547989
796.889525
1201.534537
1033.809744
1065.024138
1018.774754
1271.056601
1129.182362
1103.901235
936.961166
857.236407
1189.798139
807.995618
931.279506
1273.920928
1037.746278
818.069937
755.288058
390.277273
649.137003
897.353511
1144.875439
1503.816324
1064.712888
1166.827026
661.419050
634.114179
1064.767326
753.245527
758.960312
986.084087
1111.935635
1172.569105
927.569080
1072.836132
907.655474
1069.778301
1107.771183
1103.897448
886.355813
1252.437893
903.950960
1055.679459
803.895741
1051.082823
944.712719
926.792813
1236.352932
1012.349676
985.084004
948.266677
668.230070
911.241727
481.600264
1015.102792
866.333026
1268.432828
997.991830
1121.594734
958.555652
653.761697
1301.479109
590.058518
1070.246592
846.033410
690.114655
796.242167
1083.435468
1054.526291
1063.284929
1222.684395
1042.198547
972.784565
1418.940712
500.228612
1118.453577
844.047889
1162.540386
841.316463
1022.483891
863.886706
987.619826
1180.771677
543.500638
1369.897953
846.205034
862.287827
499.808998
924.184458
741.556106
941.071316
848.286116
826.733454
1043.074693
969.195776
745.119504
1306.597044
1544.133150
927.942772
1075.851639
754.887144
854.449157
928.995122
1154.858933
964.361063
1129.411816
1086.309586
936.411974
1312.444485
1573.018119
930.937789
1468.081401
1030.166798
961.281902
1202.838495
1133.629430
1155.467846
1157.069182
1279.811515
691.751798
1514.848230
564.020339
1074.914653
791.222820
930.393860
974.432885
1134.659383
316.044744