1102.362963
1158.196716
1009.369646
1316.986359
1121.870287
1103.475536
1144.749848
906.452499
1142.562305
1569.495176
949.707222
1057.834520
1312.657194
787.542107
906.287322
1313.939279
637.342272
821.131020
831.433987
915.497182
710.153025
852.324048
712.025503
1120.221447
1526.830645
897.311251
1158.861325
763.750001
905.326982
1095.358396
812.417347
989.141494
635.130623
1312.066738
824.432381
881.034423
706.877251
1023.574139
1079.991703
1148.526386
1056.458383
1348.928296
505.125243
1115.564558
859.948043
832.166302
1515.974300
933.962746
1110.483415
406.994032
1312.490164
801.677571
819.520780
669.449094
1217.590739
1244.500535
829.717688
1055.093209
1093.199927
1053.472418
938.435410
918.912508
1010.816139
1253.751826
716.461243
870.924936
949.871388
833.769020
1125.591918
1021.306061
737.697352
704.131845
1013.278346
1100.488762
1522.579038
1131.996909
1025.399711
971.158719
1008.154966
1355.531434
1172.298387
1244.452994
1202.834357
855.679528
854.597182
828.526856
1045.888039
1330.039611
1264.361996
1180.984215
969.537981
1036.882646
1061.474694
998.631754
1346.556335
1045.269399
1155.275049
764.810933
1083.143818
1407.724293
1272.467147
1328.141779
1260.377174
980.763353
906.057431
1057.753035
1231.379554
1140.559667
920.300211
1078.750612
1215.473682
1528.214318
1008.198342
1062.907613
1419.347548
884.933718
994.138493
499.235213
1012.871195
1044.289082
937.194082
801.107284
1185.426591
1154.112052
1329.822374
842.066250
1309.178390
1029.652012
1156.759677
928.453455
1400.223188
905.494335
723.507172
727.995961
884.776223
1148.245593
823.486427
554.083226
1087.769017
990.052895
943.670866
777.000478
927.435457
913.272449
836.286089
999.495498
1009.133523
1277.208442
875.192523
903.038997
1112.612586
1445.448003
981.132857
816.190928
907.095104
973.384949
1030.817071
891.696458
1290.625733
948.403686
936.951891
832.821419
1113.821204
1213.558556
870.224181
900.945304
799.761460
789.867318
1480.491682
1012.708314
719.767262
1432.207130
871.446021
930.101121
951.593968
644.261916
807.847926
910.444707
1244.456611
587.822684
1389.833619
661.277930
837.705366
861.287525
1049.856228
1031.266039
1066.514515
1081.641140
1455.002528
555.877696
1051.099602
951.331268
1158.326953
786.457467
876.600653
989.028832
962.919522
1179.836411
1158.923641
993.981438
1107.824171
1177.922074
777.303803
936.226774
476.486503
786.950791
980.961889
1051.630835
950.890380
779.262574
553.296517
1227.364142
1183.253698
873.806219
803.449682
967.580201
1247.609439
1381.616952
1330.804781
1058.965247
704.212302
717.716707
1097.661631
1064.664900
1194.000655
1138.329312
1472.673380
1071.043615
809.172173
908.125291
1127.510429
835.524369
425.886800
955.802484
923.062436
1225.345223
797.549259
1367.476331
706.681865
873.378206
1028.977281
972.562815
985.760235
748.663276
1180.604323
1073.438998
923.801969
693.410026
1192.769586
992.150298
913.691665
840.381534
604.220077
1066.315837
987.476823
1030.387372
698.160248
743.645032
775.774862
1108.284864
1076.095357
460.665993
1151.022766
1204.962587
987.524425
921.206986
965.548476
1134.967422
874.962770
1565.468266
1286.726288
1160.583705
1038.762208
1078.582002
835.942510
663.006700
1016.814978
1191.450465
1116.204545
814.267571
1066.339867
782.309644
985.628081
635.945193
1093.386451
1039.392130
1458.919111
1190.567989
879.183615
1088.094313
839.655281
1270.303491
784.170995
1127.623235
1406.288925
949.747319
1080.349806
1478.852898
721.584561
976.220528
1235.603621
1214.958359
1187.119808
922.034277
1157.872310
751.589701
915.615822
1050.306596
870.568398
620.596906
1011.882687
959.632920
991.132089
948.533405
1054.144762
603.707339
863.132082
1018.722309
1075.471654
1149.834034
1144.829087
1085.940014
792.048229
941.884791
682.856043
817.102923
602.666105
1047.455687
994.336622
1544.077213
1047.827544
945.882409
630.178312
1089.147075
851.331489
736.988525
1024.026297
662.674117
1349.552185
851.712689
1649.444953
814.942875
1143.150399
1168.695129
476.041696
1011.647802
754.875665
966.124212
981.509939
893.229379
940.031201
1295.732810
1262.503558
1033.238104
583.349621
1241.046945
711.734790
1448.710539
979.302675
831.433214
1334.693996
991.666179
986.834468
1059.455076
1111.942614
1394.989604
903.650515
1069.041554
1115.097927
1110.611120
1010.114605
1328.509948
1181.624859
630.690040
744.432279
990.780125
807.187399
946.795687
809.575536
729.441179
1121.109154
762.635507
1142.270541
920.592650
1307.350980
825.300571
780.038352
1109.637525
934.287163
1054.670204
746.561505
1122.897265
962.181432
835.314775
1399.591934
940.951328
963.940834
1309.294458
1090.715869
887.523322
729.225720
909.020886
937.621484
970.634929
1155.002290
1022.647946
719.162453
1148.979033
1079.723240
994.996384
1377.785949
642.245677
997.475126
936.263893
844.108700
1119.214393
845.761764
1299.332252
824.549634
1343.501980
842.848622
1107.241721
976.357134
953.183984
858.445401
900.428845
1052.019624
722.357570
1062.282684
1289.956908
981.988145
911.821511
1165.787168
1015.969281
1265.508316
1060.144068
713.152632
1219.968781
757.931081
1462.355704
550.708190
482.199441
1164.376036
1301.040953
1076.273129
980.832036
916.153623
1259.270507
1591.548817
313.992373
1289.026909
792.358146
874.390627
1158.750564
1311.531999
1030.857999
808.717803
1370.873210
966.701605
1013.310165
692.162705
1113.426127
978.574754
1284.002328
1239.543513
730.602904
1127.459758
1024.875702
1330.575719
1034.755057
1173.973800
1445.813728
976.282716
1222.587982
1020.984713
1316.005531
1367.509921
897.300140
954.816846
719.784652
951.724156
1031.009346
1127.888590
962.452061
1021.450929
1222.159531
935.875708
991.732566
1136.792488
949.341234
1258.285090
1356.409636
618.807371
1141.201507
959.356429
911.929344
784.078300
1108.356564
1151.860495
867.260082
1192.318798
925.228237
1484.697380
1211.583083
1273.681390
944.841227
1055.912551
979.862978
788.915391
876.460829
1234.277386
1027.303730
642.678223
691.297502
953.001651
952.831183
1043.638220
1184.503609
1058.255473
896.097542
1116.429347
811.632511
1200.536279
1080.656702
1052.753629
1392.254965
1151.816412
996.142791
1347.552683
1092.485971
1147.486453
594.810585
990.015714
887.487685
1111.872499
809.489118
1129.958928
1081.304078
848.284175
722.816289
983.912325
1059.463775
964.001733
1208.696300
1280.100266
1361.737556
1247.112411
1102.678897
819.028382
1086.756737
780.832685
842.998016
614.712807
643.375979
1109.946166
1196.582567
1005.189962
1179.063572
1259.923538
1079.540810
608.700094
968.942586
925.629103
585.492650
1214.621707
1079.320466
1328.898218
624.522144
1067.784355
1061.299543
1230.587132
856.395231
1091.460505
1125.550973
1322.146397
1314.842377
1092.424363
789.447997
1359.161779
1112.974214
997.588852
949.370723
658.690602
777.168962
1185.946921
1248.328830
998.430288
756.473561
686.983431
688.245781
684.799981
678.675276
1101.122894
886.845406
897.865036
942.400859
870.215930
780.063155
1123.819970
723.635509
1112.363701
986.754585
872.009465
1095.992078
1107.717707
951.960661
920.464448
1185.232937
746.307690
1392.077330
1084.932291
1114.055703
676.707562
960.039513
1315.392341
1192.925956
1188.262934
1017.578761
1102.846662
1038.271250
922.681091
889.952872
951.399076
708.075444
1169.908169
985.536094
949.684579
1196.042728
1413.180294
1008.679043
1008.973960
887.132049
1086.702234
664.918688
834.143953
1180.620405
1199.430457
538.597913
929.311651
872.337176
523.727821
1100.059878
1186.630419
876.131508
1180.878805
1200.104280
998.962992
894.175915
1194.722665
996.054303
1414.089635
754.552937
889.546730
833.008416
1080.474870
971.652336
611.953822
1095.333280
997.199205
960.287642
1088.921357
683.127449
812.438007
1082.198097
942.524940
792.590426
869.022685
1221.570483
1132.457541
994.415667
1314.017225
1184.526263
619.463936
832.507690
535.664151
1145.382944
709.177145
1065.573078
1018.401091
1292.593625
1221.498595
810.699135
1070.147175
1162.049567
1012.771766
1006.718478
1002.220243
1043.560661
968.049637
630.407289
1041.513565
988.281023
811.841916
1222.659565
1325.026523
950.549242
1116.510305
1136.545024
1355.921638
958.410907
658.697581
842.119475
1175.628365
1001.876135
1050.017510
1121.058346
974.687426
981.068521
1287.489592
1118.823689
1050.996311
862.817918
1024.392334
1009.757270
1314.968995
917.093095
826.154272
1380.052872
884.437021
970.605248
976.596949
1064.105461
1315.646266
1207.478215
999.163046
971.308491
1174.266515
1000.838677
986.955678
908.975670
1124.951869
1035.231120
555.338094
926.938854
732.803984
843.478205
703.154016
930.020988
622.813690
1172.945522
936.077047
881.053176
1122.444942
1164.658231
1198.623251
847.357856
1133.320571
1325.381651
719.014014
863.677181
1361.711492
982.188139
926.431421
1336.944384
1086.111973
756.783146
1366.501489
820.551128
1226.033420
899.077505
1244.625639
764.138746
955.490047
822.305736
923.599742
964.093892
979.293215
1083.716663
1136.083634
1108.524409
1024.613672
899.754972
1427.293570
1197.019080
1165.596619
692.840914
1152.904794
664.315651
869.583747
983.461047
1083.572163
1277.097263
1066.421201
1137.025013
1335.385993
1126.687246
1206.136009
990.689715
939.067183
1157.749092
843.919689
1172.038659
998.521367
494.304811
1016.096698
1026.635281
1042.824373
1095.317240
761.256535
989.365929
978.502741
901.766931
758.528252
1286.510861
1164.941262
944.526368
789.277479
1341.807155
1192.872627
838.762538
858.474829
1049.993180
965.323213
1059.782553
745.422639
1419.778454
1069.759745
1334.667138
960.644815
947.990390
980.471357
1015.656735
1284.106896
1020.561294
668.544721
800.460431
1259.731913
1278.037489
1211.417002
985.653283
1089.271500
820.245008
858.978712
1118.901841
1078.881697
738.200237
664.342006
1249.218309
1248.932148
1436.882186
1176.978479
641.351454
783.931283
1186.849798
957.174715
1457.765944
875.502009
1164.870498
1064.938576
1474.065414
574.532951
1196.317737
1229.382937
1034.826317
1216.796067
1307.113508
1081.388317
816.704996
1101.282586
757.217262
1234.846382
1190.896299
1009.360092
1165.971883
694.726199
889.359641
1037.631866
882.373179
879.780025
909.466149
1454.992948
722.077822
1180.636495
778.418893
766.039748
931.546470
1091.853533
1311.184279
928.881342
1027.062801
1387.983330
933.445502
901.847922
972.213280
1009.641863
737.105433
1255.409943
1159.419882
1021.586124
1117.053543
1152.989485
1388.421249
877.744470
609.380341
941.910674
900.301498
897.451836
1197.206153
288.288999
344.589530
826.416186
873.257779
1178.678444
931.125766
801.865497
1205.139825
955.100483
886.778991
1057.826532
1014.034974
729.015648
1224.030047
998.141417
825.596317
968.747585
1050.758894
1106.615878
965.862336
774.265885
999.438264
1053.004107
901.788085
950.215635
965.430299
946.620382
989.752511
972.722374
633.221554
841.773845
1037.421784
1347.178584
787.118990
1001.463846
869.639300
959.136801
893.535036
829.905542
966.346389
1267.383957
1113.463157
745.715504
1193.688518
932.683917
1385.818088
843.792678
1257.271048
846.635922
1076.168566
880.869005
1184.941609
960.590825
1145.594685
1140.858902
1024.783011
914.240663
1111.064223
1075.790660
686.531441
1109.840628
964.378120
985.166197
1500.396233
1202.142348
518.917191
1174.121160
624.570957
847.690353
835.017633
1073.280839
1105.767383
820.241523
753.633631
971.955329
942.650782
909.293049
931.571191
966.427437
634.002403
1008.530141
751.213057
728.670646
1044.433348
1267.865879
475.095110
992.359759
1071.650537
725.063461
854.147501
1006.900933
1314.280068
1156.075182
1167.810188
1352.484657
973.928071
871.154334
1060.180307
934.126023
1360.248468
1034.200798
1017.858203