1025.579985
1140.084347
759.995859
1062.545673
789.270155
1117.008995
1016.149794
1153.466376
1574.318444
901.832811
811.595700
1121.372778
982.744365
1049.068558
890.611488
784.682148
1198.570671
1083.644643
1333.042296
1392.003319
1202.839918
951.025308
825.963464
1288.169344
972.563818
1227.119412
673.672805
1092.615930
1091.690507
1028.672923
1437.301960
995.789814
1301.383627
1178.244276
1041.687877
1079.458681
1207.654442
736.995544
835.690051
945.333902
1174.830320
920.095782
990.154898
748.532828
820.484958
1130.830643
710.712487
724.523263
824.190006
718.016216
1109.497613
783.791678
1029.747175
888.494642
925.804656
1004.747079
854.882664
1279.873613
1171.799852
821.575758
842.300145
1316.283317
1088.609664
875.159836
1203.496241
1248.001206
1055.445711
1004.491821
659.230911
943.035821
1013.053938
1226.049543
753.745715
1130.715186
897.629722
823.371236
830.129500
943.044365
1108.854146
1025.253537
1196.279946
802.692766
1124.700855
750.939392
889.336914
802.972951
757.268404
1176.500404
918.396977
1070.089321
1225.460557
1042.244442
986.096074
1096.926768
831.832798
1023.030993
814.728926
1085.717017
1028.348587
1183.368034
779.205045
1148.743970
905.766438
1092.321935
817.272780
1116.220810
897.056615
911.191412
872.607013
1147.938786
909.483324
988.579040
1055.820998
926.367664
1161.989871
916.874837
960.530224
1034.317805
1276.936429
679.990101
783.588186
789.814944
807.407163
1008.157068
1056.077456
967.328077
1116.273973
1112.196922
986.639703
967.452363
1273.125036
1095.846703
944.129841
1062.774317
952.860227
785.463239
1126.497520
725.906116
1409.934661
1188.291551
871.523908
930.312474
780.883342
1227.541443
1190.841643
1133.951264
687.529327
964.229641
962.921914
1008.313256
874.407993
980.008122
1026.972035
932.244523
998.281161
901.262181
1156.205228
1014.047811
1104.855961
962.197360
1142.966851
1125.026601
1039.274061
1217.424338
831.557909
713.928832
878.405417
822.718504
698.371622
902.864343
699.243113
528.179932
915.062030
875.651030
1076.828009
815.077582
1082.871359
1062.961100
1257.674886
1245.593202
1207.567044
1090.192836
971.989712
1142.513005
1319.366631
1139.912685
1112.822358
1157.125844
826.162633
1126.773447
679.227162
963.382024
959.971694
1264.795556
1135.455695
1131.884899
1300.468441
888.245966
777.136990
908.227612
1041.756734
922.196218
1170.727058
1188.970993
905.361699
1311.710263
969.810420
862.729887
1112.490704
1126.145301
823.108987
1065.665604
1171.078778
938.388992
1097.933560
1075.358945
882.559086
900.263390
909.772769
978.013633
1175.110740
1327.807388
892.308422
923.469062
868.137265
921.194288
874.200820
924.334810
1055.627973
698.166393
1167.520478
915.440508
782.570343
1198.838376
1049.197863
1010.042555
1041.707766
830.688562
952.013792
1066.246167
1131.762606
970.626188
968.487531
1194.882645
886.273860
868.617544
883.803658
1058.369638
975.547724
829.663486
1031.818974
1056.453807
858.074809
1008.654127
882.410120
932.313294
985.268175
1119.702993
923.084260
760.628322
1154.784915
1065.271016
1170.615990
1415.994225
1084.999594
795.728360
795.394345
1064.962837
725.054862
1116.993616
1055.882584
785.290488
1033.220330
821.729521
1318.323574
930.259094
861.723745
774.690907
1109.385944
1053.643125
1159.410925
1380.334378
1125.783752
1078.582732
569.754946
1071.767329
1195.570331
805.812910
1031.158621
897.369778
1170.925999
913.847053
868.653920
591.216629
925.847521
1104.819039
818.739945
908.018376
1088.485790
633.902929
911.546428
1144.359525
1311.621410
1101.423690
1073.987543
964.610811
916.083404
1081.036814
1151.368115
547.946811
782.529205
1235.111188
985.504168
1099.457380
909.126318
1056.708553
1267.948616
1082.028225
924.899681
1230.438487
1014.726186
1068.760749
668.220865
1039.486359
946.548767
846.680512
936.323646
1046.600820
813.008378
906.503259
846.906956
924.325344
925.271932
1080.012107
1392.373914
977.887823
1119.039731
919.717597
1223.368829
1091.717619
1021.128333
1013.713279
1166.821258
1188.890772
719.672009
1307.990974
870.948432
1035.050683
1040.242032
975.194019
901.779552
864.537402
1053.350635
852.744402
847.214291
1004.458279
999.435492
1143.256370
1002.840730
1250.071607
1001.258495
712.296243
842.078418
834.892712
982.062671
1008.096213
1009.421620
511.006211
985.686236
713.894569
1149.582635
1068.622449
1011.567618
967.295617
1056.490689
719.048478
962.719275
989.976457
1231.432412
1002.317443
1018.417360
1156.056309
898.281965
866.627667
882.464073
963.527691
900.508593
1345.295447
674.126844
1130.572964
612.995457
1071.683819
1068.673143
1078.310632
1037.106339
970.891949
839.538305
725.133990
882.396973
1110.954062
1185.813969
1160.603755
902.994105
980.198370
946.617736
914.744169
1007.160411
1210.223440
955.150691
1009.536286
1047.789247
861.342403
1119.999004
1100.766710
1339.972650
1177.300049
975.799482
1149.972408
743.298962
982.751365
878.892049
891.616629
911.211928
1201.007641
1189.142536
873.453314
1068.336623
1151.452429
1315.491462
1112.329292
1115.179144
990.605786
1235.187724
995.508979
1106.951587
965.312749
825.565913
875.200453
996.086554
725.771488
1241.293177
1059.962995
1029.423230
925.259740
835.267072
1061.574788
1002.095134
1230.358448
939.304026
1075.123089
886.164192
1342.358211
785.051646
947.296356
725.740093
1109.217728
730.976122
891.754699
1160.540009
1104.570102
870.796270
1048.063475
1112.772803
1044.036745
1242.116897
1253.313459
944.523831
1176.366925
1131.150553
1135.515087
888.711907
767.706190
1224.583231
1010.789771
1067.073710
1208.532365
1095.854714
806.043885
932.649971
847.313596
1062.244473
1130.076948
1143.363998
1213.159144
814.214342
911.972887
653.457244
926.656195
1341.767763
793.617454
935.055286
1181.068848
1158.898554
1137.864562
982.453317
1026.781007
1164.878048
840.492012
876.883984
990.310138
986.622422
891.552559
1109.007446
1353.351454
835.246154
1088.525232
753.046044
822.522677
1133.956898
1269.965882
1187.966582
854.845708
838.080642
847.072809
745.000370
905.139411
935.535831
1011.836012
1123.347272
1148.117009
1188.070545
949.816867
910.934828
1103.147543
732.182334
1008.455209
1059.739518
1374.620171
959.026427
1056.405005
1564.512409
861.699287
824.615320
774.239648
640.400379
1032.622879
1020.616525
1237.927295
888.228377
882.813694
995.883396
1003.515215
1008.529031
905.640341
861.230576
913.055114
854.417692
1080.629298
1269.407482
906.665203
958.079763
647.316135
1116.074895
1210.933555
1015.287973
1405.856929
740.712670
877.242373
875.958151
975.036983
1177.740759
1297.875220
1092.534975
811.020327
1161.337115
729.336319
1286.982516
1183.887464
1289.364490
811.774848
987.641449
1089.333636
1182.948583
847.131923
1101.871457
906.459639
1169.113184
1011.662837
963.750203
943.883526
1258.386898
1128.134025
1127.530146
1014.452013
1076.618486
882.377379
702.578626
1335.295197
926.128390
1097.519360
1018.819748
786.506034
1004.225405
866.310662
1209.868750
1143.262454
1062.360486
1210.375780
1211.747563
898.925042
894.035160
1090.072598
789.587325
693.393389
834.082122
1524.989140
1263.082252
1254.721313
502.637032
1145.750961
977.113045
1250.960628
1031.716591
1100.541313
786.689801
1114.981667
938.687749
863.511594
1022.646285
996.237655
1191.175125
1229.860952
1049.708557
1319.863506
678.830343
1062.571113
1102.360098
1118.254840
463.567810
425.101884
933.116745
384.108474
1003.640520
405.018235
843.113162
806.162367
941.087214
1153.726276
980.903377
1002.095312
1248.820816
1094.074543
827.684285
973.280969
1197.021016
794.942511
1083.096041
872.358812
872.535761
1363.103191
1129.673758
992.917305
1122.549828
945.588205
1173.471398
652.318947
807.933212
891.893109
1073.430452
1053.910381
1070.183675
1037.597027
1180.908980
905.046566
1203.021667
1022.730841
877.641237
1110.889869
829.861716
1246.454301
993.840268
716.256775
962.265438
912.273340
1199.333807
897.040904
1280.457727
1063.430940
790.785439
797.649382
945.598552
933.290455
985.464662
748.153391
1121.972482
1190.951633
1070.920235
822.004199
853.673882
1301.856942
1076.610235
934.425634
1059.338513
864.931863
1264.649379
1169.715655
1068.474559
940.195265
1182.978005
1043.767638
1085.676458
1030.063320
1001.875826
989.642820
720.684025
1013.257506
967.264570
945.593339
949.018823
1028.031098
1021.951691
1224.782574
875.230113
929.470646
1109.267208
853.999672
1117.139548
1039.857752
907.009039
1142.434179
1073.664087
947.685542
1081.121500
1083.733084
1101.957556
564.829965
1066.499727
1340.702563
1084.910893
998.876194
1035.926412
910.467808
832.508434
1002.745124
1228.866035
1257.177633
1054.601088
903.577398
1148.256766
1086.261690
1114.557322
1190.824369
657.177378
856.909548
1047.581259
853.908755
1049.642897
1004.922031
917.701489
961.912346
1042.426611
831.480910
960.476685
1171.325269
707.708588
1225.874168
924.514649
1179.852086
782.681976
950.748677
1073.668519
719.953843
673.390944
1068.098818
1161.506969
964.931881
766.787743
1144.502647
867.311357
1333.906647
885.072570
992.838971
648.872540
810.783766
994.230575
1196.331339
1190.926387
1085.376063
1146.647220
1064.839251
760.312291
1361.462732
843.531664
1062.377561
1026.113758
851.285043
1295.201100
879.791687
815.524192
939.312601
924.111593
1019.177100
970.185564
836.064376
918.047460
1238.346158
698.330352
944.766028
1158.494768
932.214228
783.651608
1313.869233
800.933278
1079.238012
962.758147
1069.639650
1397.976430
1255.500386
1256.145698
934.784913
1041.054265
855.468526
929.899601
1152.536210
985.650768
1074.209340
1079.127163
928.624073
783.922145
909.447453
487.804007
930.579100
960.295478
839.674172
1024.572825
1032.625796
939.487351
892.835492
727.187694
802.607079
1136.190550
957.215464
900.730248
991.292612
998.186022
925.413371
801.685574
1063.418091
928.847989
1196.022148
895.998825
1323.649084
1260.229627
1115.877067
1107.120164
912.803348
789.501451
782.232883
884.382970
1012.841716
954.809623
1017.499337
1092.077762
1120.152813
977.063758
1256.299244
935.256290
646.188990
974.619191
968.071816
1171.001522
1296.188831
897.280335
879.827356
918.142902
995.772203
1061.008263
756.365817
944.615168
1103.964266
1091.271317
1040.622339
904.579713
1151.244880
941.601560
895.116866
957.523106
819.968591
1125.023160
1276.333862
1122.551390
1109.399793
885.159119
889.075670
670.853553
1048.600598
963.743255
1011.884556
1269.433420
1153.907763
927.629887
976.243944
1141.784766
1025.716451
751.667401
872.622862
1175.984397
984.427271
1049.242140
955.907519
1373.348094
1122.190096
1203.323112
981.989001
846.770362
936.942663
1026.600256
1237.117997
857.418063
853.566970
827.358768
940.106502
1130.052930
986.576320
850.443536
1071.273408
854.627738
947.556606
875.808350
1047.420869
1227.807181
1182.279417
1421.824799
1048.356086
1340.755103
1017.305114
939.387806
1034.690376
1055.740777
1127.567180
833.705363
885.198202
1159.181883
878.121200
1103.987212
930.424784
1016.389927
1136.503735
1083.559552
1005.121402
1493.578920
1232.376034
862.726466
870.458057
980.162855
924.649603
1026.040555
863.372196
989.048880
1180.155554
1005.475668
1171.060691
1067.659117
884.891922
953.248018
708.754128
1103.118062
1042.610399
1146.289800
978.824738
571.547696
910.173548
1141.754500
1172.792402
1045.168694
1034.164769
913.934250
1094.253903
1022.631775
1199.346782
1123.025575
929.449870
1038.133072
972.500949
1315.885692
884.592404
849.791761
1287.237212
1061.327775
1248.356072
1049.729938
1054.195458
1154.361907
909.752167
872.654606
831.278546
759.459261
1082.633252
814.630205
1063.734405
1254.180348
1383.119184
932.479893
1265.739603
882.751508
1092.727135
1027.526113
1155.565076
1080.805648
834.493021