1697.682366
1294.954125
465.326226
721.324022
832.299535
1274.724179
1809.638680
1703.074143
292.770918
2935.460439
596.455447
626.703630
805.753709
903.339921
1657.955564
1410.764515
345.947851
2520.453736
929.404807
1482.009097
1332.647692
905.026916
703.115532
606.957231
856.998369
1712.373832
795.694550
1425.811037
440.277397
387.279470
781.003923
622.548360
324.069728
1282.142217
607.805268
1050.083027
1748.607343
579.450826
967.434905
1563.355183
131.190753
2319.374529
97.059686
1709.239205
1111.567936
2206.287371
159.712524
877.853706
943.961319
1365.721594
1450.144352
803.584571
458.009555
1826.675252
183.485143
48.538765
1563.776254
-204.218221
1842.391812
589.018433
184.579411
1293.124052
1906.267629
1113.328880
352.010030
1322.683348
831.092113
2037.848954
2359.515637
1003.792671
1975.915722
616.954771
992.646340
1570.207471
1096.086010
948.634661
778.184352
2048.683703
1631.434418
905.684562
1187.137668
1229.904059
448.800148
1078.987711
1103.826609
339.675405
1855.079339
881.777221
1884.976582
1888.477717
1548.188958
993.806563
1180.363044
-56.941453
523.670953
509.883726
658.440879
1200.058561
961.301575
666.962674
455.615779
1987.093300
1327.250253
1464.439101
1039.897285
1546.756790
1296.430945
333.459264
1491.360862
1351.716848
1844.777342
171.489317
1429.041525
1058.343351
1510.282970
-447.332470
819.009082
1612.346918
1878.688365
1188.517915
-141.386016
1644.751725
684.343352
837.180458
958.652655
1268.373155
1362.269361
757.415894
2026.391097
1646.057194
541.564992
682.552124
726.388529
652.929430
138.628516
160.569876
-118.250129
1592.679511
1710.300942
1066.570778
1047.125807
20.149229
1378.057467
717.377200
1131.172622
1677.344548
833.216731
137.516137
925.433283
1541.301348
111.131563
1520.332094
1629.261640
1257.587500
110.022547
305.360674
357.696785
297.259721
-414.538588
1757.021488
1057.327835
982.375147
736.371245
928.506349
2193.502558
545.111334
610.446710
1976.993739
596.154425
2226.482829
631.365138
1332.677897
1695.562734
848.646299
84.190407
1874.773737
938.603813
1739.683088
838.841726
304.288674
827.468703
968.464444
838.385647
1205.758391
-105.486227
1708.542504
1492.232636
1205.934980
1198.509526
421.705633
246.855480
492.860353
1140.530023
455.203800
1395.933139
794.909568
385.019309
809.936151
655.447975
651.792997
1093.564948
893.590616
643.402877
726.012488
547.954623
1058.150504
1455.968670
340.872193
545.801317
1456.725661
1739.346340
2193.201229
295.151409
778.539747
1948.097835
693.913697
1685.115611
2283.808567
18.883636
1764.744140
502.165409
1769.480972
811.611149
984.952639
1097.658029
1718.058748
1082.667441
1299.403047
1711.712981
1445.535297
1301.554976
1398.593456
834.216983
1183.166444
732.120009
860.559668
1193.295811
1603.671625
1843.548098
1414.434102
521.288758
1085.304159
2163.776463
-30.447259
1078.544483
1003.208398
975.814298
2620.341039
749.837372
1413.264870
604.508650
854.364016
14.362782
1013.693621
754.110259
-374.748708
970.060719
870.880477
1533.418005
614.726067
-691.596218
198.572791
856.021971
842.176563
946.452278
994.218562
1684.584536
2059.140960
1318.125637
376.473416
1429.550509
1239.773336
528.813643
499.077131
446.243200
452.179346
1151.093357
2156.579563
681.095596
588.339111
1748.392162
1578.577756
609.017437
1598.911834
1524.559371
806.040428
592.103647
1648.752102
1801.019654
498.663244
1546.497135
728.710410
1652.332595
1097.778913
592.414175
1412.416063
765.526275
566.919819
1905.013641
1534.041382
180.557125
813.738201
773.513508
1768.763384
1120.662268
293.518289
1083.166511
1322.950028
1129.326786
287.295824
2060.144719
1046.317626
1510.252735
141.773054
954.915297
1095.022959
909.077463
1753.357130
532.892702
685.257463
1451.667030
1461.208338
2117.871750
830.452430
844.246777
1440.490618
1267.085801
1928.078995
530.400236
1125.402846
1095.161002
2049.621504
887.422342
2112.297880
214.979777
1584.350581
1980.358616
2418.595570
1224.449233
1255.841436
673.375553
1023.460210
2404.718037
1673.602383
882.871239
256.721243
1358.329915
753.262454
1726.811047
967.232733
991.284648
-170.727801
1728.918497
497.321407
286.285021
811.521930
854.428244
1931.450901
67.705161
1034.633546
213.512904
1066.633375
1104.214837
1129.679996
700.869065
365.802397
1521.822205
1657.897005
1444.628139
1174.545281
1676.217663
660.080832
1052.628462
1539.739029
1096.179508
89.641490
1439.971643
1318.019503
0.363526
534.693348
177.382200
978.259874
622.157918
711.919877
1043.213600
34.376993
1833.193655
1068.281715
1506.728975
657.281826
1477.010592
1090.501896
1615.061817
850.506556
364.580940
553.348011
1077.520828
1609.720071
100.776214
1766.571820
404.392567
1529.428911
714.948436
181.037177
1366.787871
609.877832
157.647973
1457.051796
1932.549685
1013.791356
2050.732200
1433.865689
1388.364505
622.486047
1047.899554
1684.943669
144.436019
430.412478
441.483691
385.862743
1179.000101
765.675109
1181.771577
1165.664587
1874.792201
1139.188521
476.438818
1319.535033
1087.349516
1234.216939
1174.421105
1132.103524
486.045016
547.969623
1674.847078
1413.265653
1701.356987
1640.971502
1808.180460
1778.900661
1418.463441
662.242569
1061.065427
270.323365
861.506518
1025.200021
811.232652
778.292866
2034.793128
666.883464
489.627964
831.214143
1353.546281
1021.256470
1753.238281
851.818689
445.348177
1711.528958
1504.380457
527.308950
1940.151574
-50.303234
1846.951621
911.249920
707.781174
878.760201
629.782039
1048.603942
996.353171
509.384763
1279.621618
609.391768
987.089982
1376.850548
1714.009539
1177.459873
699.642135
855.956541
27.023010
1226.217080
774.154496
1026.828354
142.554745
1114.901093
823.732552
290.044617
949.084411
1238.626562
756.940857
1142.728988
1083.269187
-10.742801
593.321067
679.314462
1048.468016
1084.167511
623.433132
1525.446862
778.496957
104.703411
1409.755854
1173.383394
380.609321
2149.734050
1434.434501
1337.799291
1365.417196
921.584866
1747.148668
163.001518
377.846653
1458.048034
1628.157880
689.719856
-170.323958
396.694723
323.884672
1090.240672
613.099407
945.359919
958.787192
366.834688
452.994347
1440.140887
1634.696912
1178.034235
750.357118
723.079583
1440.692547
677.361882
1654.373124
175.473181
1128.305639
747.014786
-72.300044
1266.772279
363.377735
1098.035570
1489.830639
662.352418
-588.916498
539.763346
167.494495
2471.470230
1281.838121
901.111811
977.214043
1027.407693
1182.719888
1442.187324
1079.255158
263.505573
138.680481
1329.172992
1260.943117
1842.226328
318.976206
2072.129747
247.281274
1904.665586
1391.074607
1825.200717
1535.283898
2434.918090
423.990849
2004.557196
1005.987947
1261.414632
141.086446
320.892863
1487.442488
1056.622252
339.330834
1433.071538
976.795102
1159.867701
149.829072
1266.238075
886.488077
599.903201
1754.290360
819.463010
-406.243925
1592.930485
317.432219
1150.065330
305.706601
183.538735
1840.086845
1202.968640
791.521510
429.244924
877.112349
1392.688326
1896.538550
1381.207654
1949.864462
760.180155
1808.035000
1138.192854
691.962773
1327.104061
1467.948338
652.757028
948.896609
823.220420
1130.347248
1280.818447
1429.937175
1297.687624
1023.710814
1125.818281
1628.055925
109.542302
663.540831
300.402426
645.798399
799.028441
2108.455523
844.768454
803.321637
667.941000
793.145363
1825.840770
670.331002
1393.931584
811.900960
1233.583323
1124.526099
2109.693476
899.972265
833.368445
1221.031357
495.677386
1400.850379
560.623762
2275.554727
691.604133
566.414248
1396.825969
919.080837
1343.699914
289.735558
665.676331
827.731865
763.885609
1261.552720
566.367600
306.419104
957.725875
528.299032
771.398958
1586.547832
1302.169454
1205.347766
1152.896168
684.131123
76.168036
1406.423963
1241.908991
1559.837381
1878.199696
1397.809514
-324.916502
1812.841157
776.350160
2533.864786
1005.798830
524.013870
1374.220940
709.982977
1481.842162
1183.595592
1632.573233
635.218730
1154.516099
1694.795666
-868.509687
533.924144
1362.805251
1089.373470
731.736324
660.417819
971.169068
1176.609520
1687.010853
909.782789
1101.928372
1359.577452
1271.988224
544.817718
1574.975694
1124.225433
1050.243745
931.072478
138.204135
1673.186364
1569.118506
825.241640
1017.811329
1420.516544
969.280121
576.017420
1478.971983
2513.781931
397.608452
1105.820045
1126.749035
549.074807
682.182313
1391.899994
1703.533068
1058.148879
1407.642585
485.521107
272.971061
752.330100
1099.533816
1263.420368
726.557121
1924.137994
1603.931175
986.580170
799.300353
488.185982
632.006398
1059.534712
1582.681432
2023.244915
705.623925
1484.811327
833.713294
864.227640
186.832821
787.236426
952.245489
820.957266
1357.651176
636.730960
977.214679
-354.061500
1459.889300
2104.974562
146.172865
482.264815
1542.452688
1609.251906
641.727808
1874.965688
592.507481
501.038001
1369.634373
1599.141129
648.760712
938.558289
683.604949
1175.268154
1094.741861
1428.218599
209.607618
925.157885
1061.538893
1292.755208
260.193442
1213.211951
1565.298984
1400.405309
996.910074
1674.408704
191.498077
1067.233728
1352.486141
1703.353011
1546.440855
1091.323327
1143.538850
546.045383
95.334180
596.415780
30.107614
1401.772873
604.510953
1173.628359
1061.292706
1158.405925
1058.205172
1064.417861
1783.653788
981.456642
1031.875902
592.247032
-530.571786
-114.596039
906.819885
558.760257
-3.998723
1312.171397
231.341170
667.962146
852.075086
1762.296374
1512.304328
1705.586386
874.983128
1308.556522
952.227910
1621.254077
789.556265
-174.781543
1708.779365
638.967176
93.866835
2562.863031
-34.994156
40.985589
646.967918
1555.193779
1099.835254
1211.628740
1459.874138
978.875883
1916.351545
1605.590951
1438.448108
876.806344
1482.910606
714.841264
1760.134305
1657.420557
1251.589596
626.298424
2305.837590
-85.255098
1378.091876
1431.403984
718.143902
2204.689695
1623.445699
1884.248530
850.516776
1403.113593
1059.933780
960.966141
792.756358
830.187079
150.297126
493.476538
934.839927
702.646189
842.614804
1132.006352
691.847591
1705.595939
275.823180
2145.065051
749.044579
2130.241154
1607.885076
1450.155707
1712.013951
898.499471
1620.884836
686.233587
963.402187
1341.237256
1438.811221
1584.209383
1375.456562
1349.608100
1466.023040
1342.306353
624.661297
1068.987933
508.231384
-294.399780
827.035437
501.410866
124.106885
1003.056137
436.760403
1751.771540
1518.328628
688.901481
827.179421
1778.906713
2369.759862
623.791107
67.169486
909.486090
1262.767552
471.405431
1390.354324
842.710750
1488.810164
999.448829
485.977897
310.054627
1153.539568
828.503353
1780.600029
171.273882
1391.322750
694.235060
567.244844
525.265361
335.264767
944.981077
1662.387496
1988.277638
1404.121558
703.980979
1365.678905
936.169588
1322.447577
201.817888
1228.353890
1116.195791
1601.087077
1121.625513
1333.015097
1371.703621
259.744651
1167.746912
846.325903
614.539583
2188.602854
223.140690
1458.499088
727.763851
85.649197
1728.617826
1357.098748
583.766723
570.985901
1698.985524
1024.824766
1464.101992
1498.652305
232.993905
1411.525657
1390.360150
1668.043629
942.050408
1379.432420
547.394040
30.799955
839.538584
75.038858
820.252919
1209.194360
1105.183618
1622.881855
682.662342
34.861382
776.021052
1054.374124
983.911828
91.548350
789.332783
1008.886406
877.424057
125.908870
-277.800806
1180.922332
1052.378937
1501.672841
1123.987638
1277.005048
1028.404112
599.645168
1289.880622
1326.632323
1042.826635
258.043242
1156.267850
99.702824
1000.269180
250.722716
1625.429740
-487.963621
905.881110
1158.448410
441.045626
848.101183
746.436144
1199.373622
1682.873457
580.003926
1654.070398
395.451356
657.128070
687.320467
209.125605
831.275420
821.068347
-416.702452
636.502354
1788.566932
1259.241996
394.138027