393.832471
473.032601
1810.305319
947.787888
786.265049
1255.484686
1041.138657
867.905197
1526.067952
839.600802
699.895143
1818.095203
842.813304
1718.993824
1962.216970
363.298899
1025.306776
1240.083034
687.047232
927.120314
743.188607
307.270199
603.125235
1642.897451
1474.694433
553.983535
383.859198
1816.589515
485.439675
1809.166973
246.424861
1156.734824
472.065522
1113.930094
744.529968
1417.774405
996.777390
1296.985495
140.521312
558.542320
1006.078490
1535.327463
1674.433295
1221.509021
1293.965888
703.759433
1584.151581
988.028734
1362.987522
1387.400321
1117.145294
1279.574948
1331.699717
240.068574
1406.032561
1511.926989
1156.768811
241.337108
864.391804
927.290742
418.870456
1267.161147
637.539241
382.965726
1747.790018
1079.041687
1581.374230
1527.387730
1589.069781
796.759807
1331.643279
158.900000
1500.358714
1570.545334
304.512197
658.706721
1424.977968
1512.456881
974.353347
1288.551882
-366.396023
359.146819
533.738503
1600.071126
663.591505
1127.770706
392.710751
1321.102925
1003.140036
356.518886
1228.829868
274.820141
1508.077605
959.178997
1467.229567
1201.374403
1315.225096
221.637093
240.083330
1051.776702
734.349443
1789.865249
430.005660
308.739408
449.883766
651.188587
231.069622
-41.221216
1892.162958
800.306975
1441.491501
987.600826
128.676762
470.356312
1452.717441
1088.321225
2332.087899
369.662369
-64.290189
249.730039
663.345730
1430.555625
721.751016
1469.461319
-3.081698
936.278368
912.591716
810.367218
438.429593
1072.827179
1850.818579
436.157378
1350.546666
1790.329518
483.602643
398.556768
406.358139
1449.653229
69.338751
498.841049
2043.834310
838.279493
1389.341582
501.706373
576.832773
1203.000686
922.278315
964.439994
1241.286087
1580.107566
1342.166274
952.099601
594.852738
1181.157446
1768.336493
427.238088
815.752443
800.478953
1645.629354
217.764530
1463.397923
136.970769
1125.558359
1177.945707
768.772835
834.889077
871.824110
1749.019913
1588.443308
1209.067251
387.229790
1516.415114
644.001701
1531.935369
674.008184
771.729161
296.919753
1518.077268
623.557906
805.317250
1651.571360
1268.462653
719.223219
413.228492
878.917174
605.919226
819.642449
494.155900
723.537542
1435.330960
1693.903565
-313.332227
1340.601055
523.103409
205.381380
799.576220
338.225771
597.547817
1567.263293
1522.015299
1667.528072
540.700129
1566.577954
1237.990465
995.887690
791.640599
917.086315
1065.610404
501.601093
525.070883
710.159664
475.665930
1118.488842
709.439224
1671.660808
744.128666
1176.842700
1677.072104
591.525393
1319.809779
578.262593
1695.264817
1043.437846
1030.685052
195.989378
397.979497
1453.404651
1022.566246
158.259363
1161.585981
1272.034130
995.761849
1328.961673
875.207626
940.891428
140.993763
1329.910762
1408.383980
1010.951981
218.137655
1916.402125
-164.385431
1553.453040
638.793107
-416.676579
632.831768
984.462431
290.934052
1110.426375
1855.949514
618.343289
294.229423
2039.980664
817.369573
1285.239617
248.464483
-183.678621
84.983068
2009.787584
-13.568991
527.067725
1213.233771
776.233898
-22.002525
1521.151078
1418.905662
1862.395394
1165.086935
1519.797593
1450.844141
1098.817381
1321.562679
738.422423
1217.045288
626.997465
945.429305
1766.645760
969.255865
1124.383492
1214.956128
1300.280058
841.409546
695.299876
823.352436
844.282438
151.549730
1207.448212
996.692195
298.908066
1654.099608
1335.857840
943.548053
1440.726796
1352.309334
495.486781
1367.677625
356.569806
1356.560145
1423.529963
768.003804
788.231032
1200.219392
809.966911
2053.793077
1335.509513
2028.487287
1182.033772
2075.641200
639.374378
1123.353961
1715.827268
1285.014449
1884.343969
1099.717227
428.469240
989.051332
780.570697
818.566442
1439.446978
181.918755
858.874915
954.581668
1325.870246
1732.408305
1389.291967
1192.750068
90.049005
1873.658350
729.672215
1311.789029
1655.134830
1082.833066
1321.839124
442.248068
624.407863
1249.678931
977.538490
1315.550639
280.732603
907.697792
1854.218501
1248.102301
601.360259
312.946166
-1019.154531
1475.546421
1412.930959
919.820185
1508.064652
1102.076161
991.775691
892.157298
2141.676975
1176.961087
1310.010185
-10.472177
2488.563630
700.971934
1215.431203
264.547290
606.852443
1050.133261
1148.959860
1589.357798
194.216930
1075.099269
1277.001181
1318.638732
149.862461
1724.857101
1195.349619
277.339430
1336.201838
871.331716
929.192775
1431.944907
1051.647806
2385.439377
1485.760430
757.992822
913.762756
759.834021
752.724425
1067.141200
256.211751
1295.923680
473.178713
935.850873
613.972645
1485.890482
2115.217845
1075.421789
2010.281432
846.662890
69.552892
1924.912250
965.681468
1061.522764
1237.345290
697.331186
1889.306313
-238.614630
959.714228
1003.187513
2054.123100
415.333846
1431.739457
945.607846
1061.598609
1075.602154
1377.072750
672.912953
1121.827615
-75.715598
2002.161982
823.877142
749.538631
1549.042528
706.168978
2085.405842
1426.225634
1265.762271
1289.991361
353.892400
818.058779
605.718528
1851.120325
1233.946541
1042.710990
1426.443178
1376.035986
3.250775
1854.981589
985.470328
727.838562
928.191327
-183.422228
527.716694
797.866411
1004.527085
1054.338142
1480.366160
131.492595
1259.735312
782.265203
1208.993036
1003.433976
1045.167704
1790.014365
2014.608750
1050.224329
1359.992729
872.026252
1439.195119
1245.383330
630.975823
1082.140193
1513.297073
414.970189
1350.698462
1010.013857
835.108803
-6.109973
668.775376
1920.418074
374.625471
1335.309676
276.268094
1109.428401
509.660066
758.155342
1342.503924
1112.992090
1053.525989
847.835313
863.632901
1109.266265
1023.408007
1377.791063
885.771263
543.747339
1065.074731
376.793188
1157.854573
1520.611678
1195.759809
1486.427188
358.083745
1439.337638
1244.103395
1551.782818
1320.242169
1937.071971
924.220714
1855.657770
625.705277
946.727037
1382.145273
754.956818
647.001320
32.855258
1472.135541
675.815918
1971.409931
-143.394964
553.933012
1144.627723
946.312097
1401.622327
1283.471235
1227.683027
1308.961165
2177.755220
994.858856
1946.898049
1098.521663
470.360380
231.332267
524.964019
1781.877558
967.617692
1362.051428
1313.109363
371.903936
1834.424780
804.052187
1054.497334
791.994999
1226.163839
1594.705400
640.991122
1082.905465
891.642145
1798.125752
1104.501331
792.493479
1256.524841
587.524338
766.187797
1011.101870
1693.012077
922.548738
1638.810537
2302.224048
2150.962044
-185.571065
715.375941
1097.247611
-686.813356
567.875508
815.850586
1240.750845
2416.815357
1003.387276
1392.925417
978.478858
1022.788490
1332.949239
559.199966
1097.010045
178.540389
996.498488
1124.426966
1409.159793
1521.616860
979.754551
2404.820225
711.216866
1283.677393
1595.008025
1751.208472
775.262009
973.188382
1043.284837
1505.226439
1587.021495
467.887767
1111.593881
610.230878
915.295783
317.621525
512.191800
1988.581938
1035.175863
970.027683
634.361805
591.320823
1318.786220
580.910390
1345.661758
1414.849442
1135.667916
1052.961870
908.652561
894.785509
631.472036
1342.412026
971.386421
601.551463
1293.129865
1255.877378
1443.852521
976.329244
1706.679521
1352.622906
1930.376439
1317.383013
607.292153
392.683540
1760.987549
390.137606
303.020564
-313.610165
1124.462944
434.500802
1585.349574
331.449802
1170.334044
1622.958799
1894.977678
1217.358028
1226.474232
882.245237
976.044815
882.715426
503.224717
1174.871602
1155.183011
1361.302414
603.860994
1524.937605
-32.676028
1102.152981
504.662016
419.223273
1112.578415
1593.889961
1636.115355
1040.539395
1483.686980
1574.754246
883.353134
1137.342872
149.143000
1704.831478
1203.824871
1174.786634
1633.731286
-505.654168
1646.854115
1312.267310
-280.834700
1199.685055
505.154659
1045.021252
399.801656
1974.001991
718.037620
632.806169
1562.451425
1711.015764
569.607053
676.296691
1073.346859
994.739260
246.615968
999.232257
936.506898
1034.530560
553.986627
500.653410
380.939428
2387.897721
1257.371048
1039.046100
745.751978
764.455928
1274.456576
648.761560
1719.960254
1552.591288
1352.269774
590.874041
1114.423149
307.779348
1577.132974
1658.636385
1506.798804
1119.381366
1706.169663
1010.910590
683.909159
478.989485
995.732510
1123.538074
1358.684796
1251.595726
-472.758169
1539.419315
1178.247334
748.598652
499.302422
513.335938
1227.304801
1477.078834
428.388707
840.755184
1786.293100
1250.629671
726.276203
1037.943493
877.109742
1251.052762
1876.995899
1968.477679
418.815476
1679.235518
1725.124020
372.851558
971.794353
1533.256320
1481.609329
1498.397537
1274.567340
1833.607863
1928.163583
2157.040611
983.669707
996.855844
733.053120
916.223704
156.495893
1709.346392
844.577375
1238.995706
976.615574
1519.084245
1178.934403
439.227890
375.989249
575.828037
1667.310729
1817.636697
-808.995121
1303.707022
701.604055
355.400477
1197.078014
699.617560
1745.013020
2551.613693
1466.812232
1120.975242
391.457901
730.663876
342.414666
1591.515640
1187.534261
1696.623401
514.703222
1264.947430
555.095430
1485.664571
1599.685691
2561.264950
2086.917191
1189.677685
1745.832403
1345.932658
1071.627663
-49.686799
100.198091
577.180217
866.383779
431.087097
1354.625398
825.115033
1486.238764
1251.270041
1333.096722
247.812337
1162.460194
986.633147
990.671321
1813.841142
584.880513
584.546700
759.823214
1416.195312
750.460356
1253.569659
1275.868001
1249.435500
647.740530
243.852192
586.286372
666.439286
1359.178596
1451.282530
-125.049330
746.849174
808.769541
802.797383
269.751187
95.229312
1824.012190
675.854986
361.039201
1050.915793
380.695460
1553.712039
873.555144
1125.488215
1166.358765
828.234210
483.432916
1507.489220
1212.644839
1449.948108
1046.403747
1266.052800
620.830711
738.138546
-6.927264
714.198713
917.802320
695.957488
1220.379256
1738.438067
756.541114
1706.372001
630.664294
1130.079648
-97.851480
1345.053772
1574.230161
810.211139
340.296871
282.965096
911.458573
680.501256
975.493344
923.614570
-262.994898
415.987353
916.570477
656.731213
1302.056184
211.606198
627.929074
522.381812
961.990883
1264.298260
1596.489824
1885.765844
2162.550562
1735.020399
1191.988564
411.805626
2192.818182
572.350525
727.586648
238.288773
1061.508912
869.068690
1272.410814
-123.890522
178.047530
1634.403075
752.394598
306.641727
267.507063
150.928581
1947.375956
1333.266273
1254.024838
-226.856278
544.559831
730.099476
933.983691
1343.829815
1010.847255
1758.406857
867.256967
1257.505455
1715.126417
1136.428894
1915.686176
2617.122440
443.160986
680.874580
1847.835128
1367.957200
1379.137142
740.595491
619.974480
-228.582529
2750.689484
1084.103807
1462.712999
388.215742
1219.922464
984.520546
-18.848132
621.555754
1348.024144
-14.258444
587.766847
2006.936254
1118.835161
675.726310
1231.824405
1470.106220
1354.632847
399.788382
1762.744906
921.898234
1496.501073
1747.478096
1680.372425
1142.383201
266.932456
874.168411
523.567993
1073.951039
1692.591280
760.620129
443.071258
1426.184321
537.673878
1426.792629
1867.955424
1505.026253
1550.222144
1675.067837
1794.465336
1717.303041
493.271737
1986.891501
689.657842
2196.346820
785.842235
1925.793270
941.231688
591.784903
628.981461
196.820169
351.332202
1312.842363
356.995905
970.719595
2076.469239
551.602816
1346.287887
806.035905
1044.566283
1681.069454
407.882982
933.974498
1065.461073
929.317892
2180.693573
1369.470189
300.576282
1681.816600
977.076276
494.451378
969.827090
1118.020374
942.446386
747.978069
1646.701604
340.267746
1256.925481
1420.285256
751.472312
1411.251342
430.106309
271.393231
1492.131254
313.746941
577.082403
1231.974114
934.242870
816.423984
757.177763
784.089584
338.820878
1635.206342
2144.894636
-108.456493
1305.309119
1380.723470
1252.589220
1602.281288
998.819886
772.265352
1364.865885
1879.296227
951.160870