702.644893
1402.937849
1240.369270
1952.320340
963.677876
789.513823
1467.229030
1183.203194
743.983652
-125.701298
1912.585343
270.485802
889.402303
349.373256
1145.675920
1349.323037
392.258654
1363.263786
875.146206
520.814935
1142.179357
1185.175505
970.145902
1083.423457
879.974829
1248.297386
827.813782
754.902639
1557.328472
1175.532714
1272.956223
815.700466
1039.786803
1078.780880
1120.610873
893.165248
767.498859
174.404850
799.231671
1254.950460
1285.566550
1008.150802
889.816480
969.776659
394.991453
536.136170
1208.040720
1463.356915
842.909149
412.920448
1272.288372
986.003403
1189.729135
961.312665
1368.121068
1340.701533
1717.996903
675.042530
492.962326
1376.314628
651.987878
1615.841493
639.958541
662.781571
578.970762
810.294586
1364.206518
533.932901
-67.914071
2202.317965
2008.187707
1185.132633
562.269539
968.534513
982.966588
1977.657656
1314.358469
2087.640139
1753.713022
725.099592
1627.856738
982.193910
2157.668788
644.573192
1485.766500
677.332325
1918.986371
1207.478454
557.951769
807.976737
1096.844629
1265.059603
517.691226
1211.266817
697.279400
1517.221533
861.120140
1026.769137
1119.227998
1615.285124
1171.569895
816.925901
659.094125
1467.159532
-130.306890
1161.953986
1600.772179
420.825493
684.392300
874.042449
1275.847297
697.747598
350.458628
1082.317716
794.094801
1590.789146
1141.841143
1641.981786
1184.196589
447.543426
1575.051493
1011.664401
5.311965
1350.076262
1567.942550
802.031803
1284.056120
1092.845638
834.854427
795.824717
1419.039569
1296.559148
1024.105675
712.236111
1119.068163
740.858009
838.667801
433.231078
1535.230165
694.693840
1288.863988
986.926848
739.972816
608.557872
1245.500433
-67.794320
907.610618
897.901744
220.242306
540.671460
1150.484764
1199.206251
1214.361581
409.986095
964.131941
220.435785
376.695093
377.620681
1693.167362
847.627464
1503.946960
655.944764
577.233592
1005.565997
1479.882119
976.542133
801.467282
1731.177334
1243.498866
1467.466784
1108.015727
1116.800068
1172.671263
1048.480515
906.884528
1519.299497
1027.564713
897.181084
1160.494685
731.933322
1345.259085
714.556103
1097.569067
729.882548
1081.541305
1136.951718
301.534477
779.256831
2246.527745
1544.385568
1066.266238
1015.431201
1452.197724
545.143163
1200.061023
951.497659
847.225923
1384.989129
524.312236
685.709515
670.781805
1555.909742
1358.238580
906.230856
958.848990
282.406197
950.333775
1568.776848
1497.782201
961.997035
507.279989
1739.110645
796.867670
1523.615318
1351.323899
603.991746
1666.477987
1450.481995
685.623357
993.445146
825.539557
1068.680886
-69.097689
1165.521962
901.011070
1817.013204
441.427084
483.090507
418.268466
961.523893
300.887620
1067.698786
892.144905
1408.635457
787.598528
1289.651599
384.616968
757.120109
1472.113562
1239.889340
640.291871
1272.954305
181.561041
74.421253
650.916369
118.708557
829.749063
1386.497346
1569.269361
1062.982217
1466.883857
867.719755
2649.767613
1873.336405
152.816657
1214.242686
960.629722
123.824012
1034.628666
1143.007795
1653.190872
171.595974
491.644152
942.357668
506.492810
895.425796
460.762073
1330.455857
1250.554672
383.027706
973.823275
1355.909102
912.787420
1216.725040
311.364825
1069.254150
1144.948922
1191.225439
469.279718
1357.978848
940.237818
534.866815
988.818783
1247.218391
1349.202832
1099.931084
926.451796
633.873331
892.577259
1937.687931
1863.758694
533.880226
1739.050711
1187.648633
1220.631936
1306.020794
1899.850524
593.292159
1768.075398
1372.281090
493.360183
1291.113384
1471.197871
911.356609
1224.836092
869.919954
-351.749277
1010.226231
828.968444
1204.645528
1439.449127
1409.464847
860.682933
1197.411060
831.855874
1037.608616
682.507126
1583.891845
1023.701515
1403.089803
1204.774885
214.356748
599.876023
1015.848185
1389.527434
870.466241
1964.866188
681.984018
1382.752955
363.108017
1411.417489
1320.928611
1197.280431
1108.752107
960.932505
1008.141980
1067.893706
705.630419
1546.285988
1480.126782
986.166787
576.046099
577.221027
1489.914395
1100.058419
1255.809118
987.383807
1520.448800
596.904378
1642.737751
986.579870
711.238129
806.244000
1145.589014
401.561550
772.862954
1084.793617
158.083919
1579.134727
276.105941
1141.958513
556.657317
611.656196
354.250646
660.568709
210.765096
1016.533225
930.638914
1098.900901
533.264124
362.960013
1286.872324
871.668155
1082.619125
1029.423223
1397.589441
1424.590178
1737.165969
1029.442832
885.103079
618.153610
484.230476
1698.195626
786.646268
1177.038777
1403.937357
891.155510
1092.901872
1668.797108
515.490952
432.686847
1070.192291
1270.421066
1980.273910
796.021169
1088.480045
1515.847741
1098.212971
814.860394
1138.488758
1083.868694
1261.924327
781.209231
631.263371
1614.949777
1235.364584
1451.820231
1174.958610
1376.699883
511.713978
295.369876
1236.787343
902.988017
1761.643305
766.774178
1324.421196
1616.378963
573.139128
1154.526298
-200.283907
858.317890
1674.202351
985.869156
1086.332505
963.738576
1155.412781
296.181257
1244.174470
832.066816
1024.891609
1390.654527
70.186893
1047.527409
1254.958160
1252.917297
-268.662080
-323.691196
1522.569108
1941.048123
911.044688
1020.086298
1884.500497
1737.128589
1245.110698
960.986121
1042.383858
966.000889
-188.190424
1301.117767
874.535339
1224.306950
184.242231
2393.413649
1479.912190
390.754380
-88.055663
1083.624731
1963.755412
519.848138
927.715989
1224.075810
1091.169572
1187.283778
820.927668
1249.919841
506.640665
700.646641
1122.444696
124.967162
157.121530
690.736643
775.725179
468.256342
1097.835543
1912.627573
1341.161192
1323.201776
1168.002819
1585.688920
1157.389288
533.894621
1010.050279
1546.893742
668.113966
850.718664
385.066755
776.169359
697.411811
383.642197
1078.547787
592.252167
789.306086
668.234564
1310.755753
959.723691
1444.058292
1107.163109
1048.598907
550.749175
2264.469961
794.789030
945.888769
320.235655
419.245101
591.126739
798.164549
1719.582634
961.714879
1013.981121
911.538040
584.700814
744.695010
516.710485
1017.869942
1331.997997
564.900551
1755.178799
441.306835
866.915415
290.531882
413.090505
1337.689974
842.673222
982.645968
1035.695851
1000.926329
1224.304293
1826.394261
1745.727015
1652.424218
1486.622645
1803.969785
1338.183288
816.600554
1117.852987
816.834040
-9.532871
1568.691473
1169.988879
1354.302102
1195.188044
-104.658244
719.686043
1394.859071
387.268519
1437.791273
1729.326049
681.524110
114.771169
877.598153
1665.386690
584.092402
678.894909
1426.414929
926.592961
402.281842
755.205531
1173.104166
821.716020
699.759819
606.118495
1723.999912
1345.957313
1206.676107
938.534339
1537.486074
1502.202630
988.112553
1312.321887
167.838796
666.003952
93.770895
1425.523777
738.031821
692.133317
979.967455
566.176618
837.452154
1005.048544
1449.881804
1530.043589
1012.148060
105.201475
361.891480
977.872736
654.255733
398.357192
495.123056
1317.148030
1739.060725
1123.811331
193.088016
772.297019
853.752770
1092.204653
1331.120043
1337.585112
833.556751
1222.311157
985.192467
913.261718
615.649054
1884.797060
1062.012040
1710.221054
1246.549499
739.187799
1444.469254
818.275658
1522.734413
849.252477
928.264330
728.116177
1181.767789
1203.879498
1237.994016
1283.328674
1372.465442
-35.263388
1027.327785
1186.868634
1856.378957
548.847335
1379.172416
1037.075386
799.753209
1185.224325
566.200891
453.177550
656.726148
1155.984964
596.721884
990.147824
1565.336553
1193.201297
1281.079252
921.466650
1526.548212
867.040199
1312.114505
2168.042653
879.864713
1211.212795
796.492617
1161.023061
447.648828
1356.887200
1077.321310
866.395248
1050.472964
1568.594451
1116.801864
530.612881
788.443004
271.135361
195.564328
1282.458822
694.970768
1463.295716
1336.922786
1441.399166
1458.535583
1957.885306
452.325687
1410.810135
373.107515
979.194109
1378.531255
1527.593986
1416.027951
410.859212
1435.351268
844.905039
1295.958920
1008.846184
834.724739
172.148207
419.206702
408.677933
1777.914274
829.308096
1103.265280
1434.898836
244.463877
1004.895727
1379.408447
1268.312623
1229.490934
1635.640684
501.104816
1773.483620
914.652847
854.533932
606.420704
1483.838485
798.544221
661.735667
1320.818817
827.926804
2013.783307
754.391911
484.930679
1228.810006
1114.645873
886.407847
732.995773
1345.132924
952.259041
-415.361093
806.684962
-38.787562
802.004877
1326.402359
225.724500
669.011951
1043.612227
1191.299628
759.346531
759.826915
157.328911
2088.541888
664.713338
1494.590745
1372.835031
463.367358
445.425630
1765.167233
486.998858
180.008828
1158.702528
1099.400237
1194.020181
862.569964
913.046715
721.732236
341.657845
2054.233139
1194.838832
937.335597
1342.946523
914.090669
1441.729152
1160.295433
453.846574
902.422258
1270.738049
1098.523554
1104.681537
322.686507
1220.883723
541.152143
595.620081
1222.522767
1732.896957
1682.228039
1022.987698
764.550555
1137.077272
1947.757862
939.948317
1641.467858
1468.043740
1176.237518
931.836583
1636.772847
701.285107
1169.121782
1553.840881
806.316625
968.916664
922.077673
1461.498543
977.565940
1128.504406
539.172981
378.828966
1043.423521
748.582711
446.234001
814.717542
1233.311710
906.015388
214.204106
1208.489317
-104.570169
988.981133
1596.637674
1217.402494
973.906280
541.477389
952.987277
1043.978910
867.624567
1313.705933
768.563019
858.219872
298.141424
1090.407812
603.562340
1559.070220
736.316286
1278.665340
941.577033
1224.138101
996.833809
1286.735065
1828.483052
832.106482
1035.036753
584.014544
751.248824
1463.716103
2143.551398
1137.022273
607.722219
1273.816070
416.540962
790.740866
1231.923611
545.367356
1034.005804
403.894604
575.679487
2314.217565
1234.892828
937.888051
471.187652
428.345964
2103.688519
804.275967
1249.950677
424.045766
1188.674293
782.775597
400.907391
594.256270
1490.180249
798.305391
1686.879438
1733.516160
999.123418
438.711436
807.731626
1163.133028
853.725961
1625.098223
580.704141
342.248883
1637.572415
1129.964596
1292.642855
1146.101810
1298.904316
1262.437383
961.218658
932.500356
921.615987
1504.910023
533.816511
1597.542529
1454.098887
745.665089
641.518749
1522.887206
220.825258
63.327015
937.436183
743.858527
1555.306924
1345.492482
506.435917
1519.006322
745.133732
1505.747708
495.005771
839.259959
757.124356
1044.232596
259.894119
1246.216238
1660.778179
1268.392807
635.697368
752.842378
-137.414044
-90.802028
1224.942550
400.726041
299.145699
794.548572
941.079820
98.905994
721.534826
-499.832134
1284.924896
517.905617
648.973955
557.859575
39.096462
508.915365
278.451310
992.693700
142.699935
1671.488645
826.943490
285.643037
876.809301
483.764436
1668.469439
1089.133533
1173.331115
308.459330
958.886119
916.521220
1783.953397
1255.112903
1020.133584
1963.580074
768.959621
1119.858052
837.531781
1453.817632
954.914285
794.849160
1173.889502
1205.307076
1074.699962
543.598635
500.164818
492.518919
1118.163466
1151.909666
1003.159171
934.503392
714.806109
979.828501
413.934532
955.330695
1418.626862
689.423579
772.781546
1320.779761
1183.776392
700.392214
1952.727293
355.677038
1039.764165
1019.396783
940.828490
1329.802657
785.480953
1604.790987
644.360474
1235.446447
612.663730
923.338881
1119.284308
1866.288035
1068.046349
-206.124673
790.160781
1109.474284
1121.321872
1361.109278
233.825987
1322.609498
1783.713635
1184.689131
1398.844774
1013.734248
175.807503
788.427794
2029.681736
731.684620
1308.485062
1916.424456
143.434705
1041.853517
1052.561154
1394.807870
620.041860
1506.538929
173.234141
421.698095
291.932530
360.275408
442.655594
997.905183
565.585458
1442.635274
1220.860311
818.158225
1929.878857
1165.997121
1090.746841
889.231191
385.392427
1326.453461
1391.550760
874.585786