1852.013277
792.182639
171.306406
976.282707
2045.126515
194.503000
988.430958
948.481313
1073.404857
475.261208
1924.286817
864.240474
403.756408
1089.542621
857.154203
1282.812497
-34.285646
947.567424
686.516692
283.171097
1088.969967
1562.802159
1075.989087
1285.593227
1001.035309
387.778029
1061.279021
538.646348
1030.543624
851.078365
480.396058
1393.279952
1834.588076
711.394932
987.383479
499.423560
771.602592
917.334467
731.212027
518.316829
672.863478
1354.919694
1234.084413
1015.981174
558.846040
482.544882
1193.602662
1549.273197
356.291629
436.580104
404.006555
159.062357
-442.976657
710.242513
889.196053
1149.593991
2358.959483
1362.533793
1850.910740
1481.272695
-11.897075
192.335100
1438.386794
390.560666
520.919350
1049.177579
468.921769
916.306260
-30.727810
1645.653934
1049.930247
994.985705
1340.084819
-165.560417
2000.399125
1860.859084
1821.325818
1131.027739
834.375291
1223.136013
893.784780
1592.941855
1890.358675
884.552535
1094.473075
2058.156700
1383.465256
1981.170813
1387.707643
1147.986348
836.048303
885.319833
958.043668
330.341933
1255.340198
1658.042702
1172.825220
900.559400
1646.725538
1450.554224
463.975499
939.986573
32.097491
1639.421026
714.725956
1407.717341
1004.125896
1768.563801
377.177057
185.355543
1084.774769
1384.194275
1482.560442
1196.694924
1841.333581
1106.728315
543.634606
1041.078615
709.188464
520.658940
1119.490905
2066.657989
1735.334820
888.555217
765.328064
679.142842
434.265431
632.666672
782.964323
163.131631
694.003234
-209.120512
347.304696
1005.390568
1084.331955
1336.472992
866.181239
2010.180759
785.583157
307.949891
776.010699
1341.290798
1313.769143
1211.030908
1068.621372
677.918667
1064.949294
1496.233573
1572.911679
800.373009
425.326194
749.650319
297.339643
547.659770
826.838418
948.513153
1461.976233
1913.016662
587.822999
415.330421
1393.910401
1269.542605
1485.640729
1596.429263
2235.404554
1431.328929
565.297427
1111.181750
1091.729359
2123.627782
1506.035252
410.896201
837.363178
-179.503086
1601.826181
676.848675
1182.357007
-73.602091
395.816011
316.671151
1416.689478
2062.018647
1410.271965
706.470552
1081.357531
-17.769459
681.835356
600.324343
772.103060
513.406675
-28.044479
1137.933027
1406.677909
660.421010
995.034336
1599.864133
1630.531967
2250.390444
526.905939
1455.870846
1530.448405
558.304073
1423.157482
1130.031182
1636.471306
382.987283
1437.624976
1283.431192
495.342105
1646.279550
12.668402
1930.850727
482.025732
247.079603
2509.657928
884.802503
550.254648
1136.319057
1355.668427
-104.696013
2218.752731
689.029089
1434.613571
1743.889941
1244.837204
161.333784
1561.521192
1317.201498
607.941775
-191.958530
981.831055
495.865630
1230.682324
1125.033285
837.245873
842.164504
1566.109940
228.778816
1030.716123
868.050484
261.449230
461.887631
966.506878
1099.070968
147.864985
1595.796380
698.575239
931.958176
-173.012306
975.809649
1190.685756
1567.266760
1196.188697
272.904638
353.689612
-300.309245
1099.814288
-83.580483
1047.405520
1118.762083
1359.592082
1835.833952
798.093254
213.154596
511.346297
502.440800
180.080832
1178.998430
1699.148002
348.675406
649.882371
979.663742
1362.134507
832.822289
599.895775
1447.469625
643.078945
1045.404801
707.402333
1277.246858
1098.510319
1207.358938
1882.272751
1588.051967
674.919304
1152.729711
1043.205033
831.693186
-334.328285
1663.163908
488.636118
1275.893107
845.887686
1238.125963
1135.593973
739.067238
1579.416119
436.541485
788.440343
950.379639
1251.446134
1185.683463
1159.177638
733.086482
377.186314
696.510127
1938.258723
751.026486
1380.918406
361.223976
756.320251
255.449848
391.210355
1280.844784
348.815996
360.534505
914.503174
828.330738
790.099202
641.588889
1004.730883
717.439246
1585.869946
1277.205909
878.267987
1925.105547
599.368206
978.796339
279.439852
754.910614
612.730976
762.771978
325.922704
211.887633
880.786596
1686.849231
-211.776748
1147.709464
436.967605
152.914306
1747.641562
985.115897
387.706986
880.338087
1101.342476
1963.229989
638.649543
208.671001
1060.633376
955.875500
1417.858630
1560.323999
1255.708461
1011.138184
1102.020165
757.314056
1412.310338
1059.726939
1594.840706
776.270331
1175.755949
1314.046710
1751.698866
1448.051535
1235.162497
1499.399202
417.208813
769.569188
2550.722563
1044.489209
1172.528765
1208.446820
412.998045
1097.617512
865.154711
746.270638
407.428225
399.549217
1823.992948
1654.421860
1789.509789
552.704180
1852.128435
741.354993
2399.293011
617.916796
952.097032
848.246702
842.930360
531.370826
1718.099921
1335.020577
1416.877609
550.024125
1987.694807
1113.201832
1073.721370
1188.588329
543.011422
1046.032925
732.955167
772.139101
897.362705
1449.880787
419.055055
1900.905136
578.691023
1116.432117
212.612580
1417.350522
1334.267853
674.288167
1021.273546
714.305323
977.747188
1876.526530
622.650496
1160.141833
403.595501
1783.135765
1067.166165
-118.655521
678.911023
2275.690748
749.269406
806.651260
726.508516
1382.177628
1661.714913
446.756399
1744.688606
466.551861
1303.245147
1270.470856
1778.488123
1785.239661
2160.626998
1392.452382
1125.729877
1197.624026
1284.782400
1905.792505
619.101644
285.950103
-96.388230
1286.143718
954.268735
323.677187
1070.342358
394.029902
1233.310601
1451.526377
707.151340
431.560450
508.022963
812.177110
1165.472552
285.554618
-220.630474
1330.951107
1483.460313
1074.829641
1154.082650
433.821671
535.154065
1570.996005
2100.578405
481.638449
2914.697422
2463.741113
843.507012
987.276909
92.170039
388.828395
1654.828866
1572.184310
1522.588900
1736.408310
595.602068
303.845461
1966.818659
1894.702459
1148.145420
1286.512669
161.235001
839.794600
311.991852
453.985366
1499.355208
71.669602
1722.526525
1701.902652
1184.354616
273.389660
-509.304115
848.791128
667.678851
700.697037
1553.501411
1244.499133
-131.321048
1384.382828
703.683017
1868.533441
404.062373
1384.160300
1061.016962
911.374765
997.749331
767.382447
1376.168537
1078.230436
61.631737
1094.774207
828.439444
316.462487
975.450625
513.185779
854.236035
540.800935
2050.031311
982.696223
627.233433
1662.171073
435.341131
1580.829393
1262.901663
-0.074312
1416.042925
1101.580600
1883.457103
1301.703256
1456.251555
1279.259449
2191.799131
1611.915350
2105.596834
398.215504
501.028292
905.359932
751.193133
1088.922024
329.167666
2860.918311
1087.032272
1056.545324
1395.213853
408.129381
1112.011727
1130.327709
1399.737687
357.338167
1272.867854
66.391760
1227.327163
1653.496082
669.410247
757.077701
349.612530
150.285958
1243.872512
1236.011744
1436.007490
971.091951
1362.226251
1648.659821
229.786964
459.811993
1010.880466
1392.425383
1002.494031
1131.273377
1720.547544
569.123092
448.012024
1342.314822
1383.553908
287.672554
1228.580313
943.992799
683.242525
1107.114937
863.533000
410.031226
766.177140
2201.731482
1075.678229
1674.617485
1161.545606
1322.125660
992.343052
1625.454914
427.860532
1333.665423
714.360399
617.341856
1444.848161
351.661651
828.888282
1419.895695
762.499028
193.109176
1014.604625
1544.690809
1142.413574
2354.226521
930.643592
188.497312
841.460759
-117.237525
1452.620512
1437.738041
899.701115
1390.232312
1667.354051
1683.787530
2000.424548
954.121802
150.063062
1438.442766
1793.219579
1044.914833
1638.117340
1291.720884
384.793588
1125.387147
1119.769135
222.947841
511.479333
5.984778
353.117108
787.773902
422.982593
570.510614
1147.641295
354.344455
348.498306
604.705636
-89.551524
2131.230809
153.879566
614.243797
584.053964
1337.974493
654.039848
1702.823206
625.915451
60.779399
1306.957980
320.909634
1347.312687
1646.490381
1444.932792
1013.155093
1021.713554
1031.104157
933.349026
1216.030416
547.566001
708.838089
314.736462
-694.001270
1654.186146
587.331150
574.127359
885.184672
1414.962488
450.629184
1529.440487
1311.493077
859.867496
1464.106372
1262.832127
1561.652909
632.502950
528.922249
919.893090
1353.294103
1298.649596
471.856255
2003.674766
850.144981
920.381759
771.690884
876.304245
-36.917575
1078.180620
-520.704991
1326.513785
2035.850304
1305.765404
590.166902
612.307797
1198.858542
926.093995
1271.589914
-1212.139134
1175.619814
771.708328
610.324335
951.013964
941.432425
1942.310238
1295.668972
261.264352
809.425201
1027.673741
634.247511
1304.737446
594.188357
1493.395983
-17.586258
289.074183
1309.299473
846.652810
1559.752387
487.339962
659.210196
1635.988106
1053.648432
1628.376968
520.678978
1485.051726
1308.221846
-138.451664
1778.219733
1546.240758
1040.483407
1273.796926
106.576578
1015.407412
1066.384082
1768.558289
1124.517528
1851.971137
1627.121419
99.620894
697.225059
257.034865
967.618066
1564.655798
281.091573
605.573744
113.309956
1491.671167
1606.453307
656.926909
1182.694592
707.755388
941.839549
1067.513891
-9.956749
987.730607
1653.244955
1396.687386
2879.732426
265.562827
1390.050716
904.256462
992.126445
914.726761
1769.534423
604.671958
103.871719
903.095379
1472.516854
1041.288386
352.234073
660.408415
645.769830
1616.763919
1063.024074
635.757059
1033.311335
861.999067
2033.716623
1240.691719
325.564022
99.951078
588.116934
1147.364151
568.333187
217.065543
539.239188
1477.918275
1365.422890
1054.259842
602.622445
731.670038
1567.919535
-48.812683
1181.679714
1501.049728
572.324422
1306.963643
886.651729
731.371182
1281.167048
99.721243
775.499846
-0.423544
1705.885653
827.623447
682.730659
1307.918171
192.108584
560.098393
532.950799
1665.038326
1284.112979
648.355220
35.778343
464.203971
1605.408043
1407.385375
1907.427767
661.830181
1607.492450
1396.644432
647.706072
1298.478067
1786.041289
891.035567
760.223569
675.484372
1441.291810
1228.605403
223.791842
1633.784669
766.828546
811.310080
612.371410
1415.307598
1230.061994
180.782458
824.720467
551.551286
580.079306
318.438832
595.708673
340.511327
1063.075937
508.142108
687.903360
413.776644
643.767167
1322.277544
696.187069
1463.923660
78.577870
-4.466279
610.365288
1081.480831
450.438167
873.376076
-916.334004
1235.259848
1437.987825
1071.601304
1863.315307
688.745590
1138.277064
1251.472581
241.313518
1858.529381
318.419649
1212.916057
372.428264
1034.865737
1608.870130
919.858353
22.106985
214.552951
618.920674
1168.538160
1051.221984
1350.007958
608.133471
1482.980003
1316.672892
-152.900156
-234.235863
1119.842998
1405.438277
970.572732
1279.102543
1638.610657
1281.959452
265.090545
1478.778172
1047.029915
1288.684116
920.597238
-221.253024
412.101202
1304.614473
626.700986
1697.656245
1438.749338
1124.053112
782.439803
841.302263
1810.031147
1614.250240
-1031.788828
394.410099
1180.675996
896.353684
1085.663300
582.866172
2328.819107
1645.972654
802.310819
1410.904122
1633.108421
51.578655
1018.050542
1627.470820
1247.828568
1652.628353
872.763119
1065.723629
1145.320156
1878.044153
895.689991
369.159330
1109.988648
549.250905
1156.796546
-53.261772
1042.978687
807.553369
1003.149143
959.871068
1360.715601
938.663195
1666.801945
363.361002
2209.063919
662.059945
918.804352
1073.180441
1243.604691
1834.373493
894.657516
1060.539599
800.258263
-92.138343
-8.764904
682.158094
947.632219
1101.734634
1522.495463
-69.961226
1316.616038
608.872739
1472.098736
1035.078365
873.576612
1061.092277
1958.699820
1103.725514
1029.944897
1375.025986
363.728743
82.122190
857.863758
786.302589
1811.154489
1564.107859
1263.235394
994.780813
973.392878
571.266144
1253.589486
1876.568305
1646.555517
1028.608285
504.372509
916.488130
1343.771469
1128.696767
131.639368
93.345897
1101.992882
358.850887
706.572367
954.947793
287.941672
1088.365790
27.034513
2318.197912
972.694725
-23.828202
959.197044
372.400600
944.990082
1457.574764
1439.634373
1013.959738