1118.231929
1157.152721
431.807671
1095.822218
1275.255382
1604.390337
1465.214418
1294.668751
748.881760
479.650041
1009.283414
1106.373359
1343.192801
734.309397
1136.410272
1597.293350
231.786819
1344.619242
1291.017290
758.216325
2129.960206
1291.078475
1124.791414
1352.216327
602.474898
889.316270
815.361942
1422.525361
494.024105
1383.250147
1179.442257
505.086152
662.899695
1545.947357
1445.409501
1168.377762
1265.821449
825.866634
1823.609868
1256.750027
1042.998088
1065.297912
547.047537
930.810380
772.853374
857.084371
1183.513153
1036.627647
961.015810
1401.118760
1146.592116
529.662249
890.242220
1186.578488
578.270353
1057.084522
750.916709
548.204955
945.686523
860.185702
1264.752245
1470.331685
1931.666171
1591.437167
522.005557
1467.926175
78.110732
1012.637026
603.504561
-345.778635
1344.546361
1897.701836
989.644010
473.568207
1444.746637
937.182346
360.096018
1651.854432
199.046727
1998.632430
1365.688682
-125.178848
1024.638288
922.579809
1604.923213
25.314012
171.719683
-323.782603
1042.947215
1477.666778
781.352989
1709.810477
276.788650
506.944544
376.435731
1361.007070
1529.663553
868.165211
1283.780192
439.600415
1087.745687
771.550502
913.650358
662.791017
1063.049600
1387.995176
1493.822564
779.782329
-347.254777
892.532060
1413.173146
1457.259374
1667.535035
592.519705
979.778275
341.422646
927.696587
1947.386573
1236.555396
902.653086
1021.627711
1644.371416
876.706262
938.309923
1117.405149
1909.927165
1904.966208
1411.770979
1401.317540
1385.595591
1534.791382
955.261202
887.769709
1412.331302
908.732827
1102.391785
979.961843
1459.668514
1092.775248
1321.368789
1308.177592
1172.748411
1695.475656
1323.025937
1332.283981
939.209472
1634.682913
1461.230127
74.527281
1078.686981
746.577807
1148.467899
716.443328
1003.444887
1498.743687
638.555536
1713.870149
640.923277
1042.160188
1414.840458
1045.898872
683.248639
2331.432537
521.501143
1211.802613
1765.503633
825.020441
1079.695679
397.469348
880.585579
1947.357357
742.535492
1419.743792
898.927246
1899.877343
958.555308
827.014786
575.438949
1450.212967
865.476345
887.471195
1323.129398
1914.694797
1168.202571
322.603146
1504.063683
1663.313971
1847.762522
1263.218016
1046.186077
1481.082365
1096.361300
1253.608253
927.339133
442.526504
812.501277
762.920667
1341.476075
1104.057104
898.118541
1177.878566
968.285840
991.771296
1282.360025
984.516756
772.653587
1591.197527
960.781346
558.600775
348.896074
735.964456
1192.184174
838.116158
521.405436
1323.339234
735.484685
698.130329
1310.461380
1655.656360
1068.644094
1126.824568
608.983494
2180.600082
937.907018
-173.120035
1617.915362
798.713243
290.691002
1174.141304
1065.412181
1361.395481
1174.885926
1630.419771
1435.162473
1588.904464
1313.191744
1078.743021
1345.087183
1730.124789
-289.916270
1308.552232
1159.238490
1686.748611
873.921813
775.702226
714.221685
1870.306878
1381.094694
960.492158
1535.011550
-104.763855
1429.945196
1527.092183
1076.582391
1742.535889
1118.154336
1725.995298
837.253501
1917.777124
1037.316200
857.889234
1650.350080
2211.187479
1257.867845
823.055450
1418.762539
983.185558
1188.936663
1781.558795
620.059765
733.059745
732.788981
1235.631669
799.651666
1240.434654
1257.961122
1104.706068
956.534433
2105.943183
1312.243399
1335.482476
661.798430
567.073423
1229.362741
1770.549903
1134.974127
1376.625022
1332.622173
870.840180
2361.610273
1551.653470
1384.621792
864.013827
1259.990577
1241.516278
1206.858685
139.154108
592.637090
1172.082565
2784.195605
1232.800142
962.425019
1143.452999
312.764558
1440.179954
1650.726494
1450.982770
1607.327963
858.645725
2137.254931
1448.335503
312.814717
1036.223578
688.875311
1630.544827
522.154223
117.077724
1166.433899
1128.590871
1144.036350
364.107667
1151.175425
548.541737
911.900260
551.539866
737.438116
1064.518352
810.175219
1051.587076
1477.485398
1191.854734
1912.778506
1299.809919
20.551495
903.282784
995.101705
1182.587598
808.103311
860.684651
779.524895
1815.430631
1947.892988
765.830138
969.903925
997.932623
981.944523
1576.694974
492.037296
1232.928744
1348.132386
1302.399814
1488.965545
1789.122516
1804.301165
950.765442
1173.462367
1247.494941
1193.538010
1206.376701
1421.607656
256.471048
1657.482889
464.158375
2411.538986
1215.568321
1238.426300
1066.846171
1082.620910
961.885892
1428.483739
1519.472010
1177.448831
708.924628
951.330590
1023.271885
1673.623928
528.180878
823.011938
1267.187385
157.115376
338.282605
592.527966
314.879868
-76.265797
1100.628084
1293.981989
1119.403994
1252.089553
749.970535
795.694720
1118.585168
652.728684
1422.897050
898.919100
620.614252
1972.143489
1305.846267
1635.211040
1213.362858
2296.853368
1042.622282
786.279402
198.693334
905.785135
984.303915
867.767131
1158.598149
1337.716550
1325.845181
985.381414
587.975546
766.030746
289.942470
1158.652196
1417.529986
1096.277862
618.597339
844.370521
1237.511428
889.153141
414.765303
975.783047
207.404892
629.348485
965.965042
1631.265337
966.684322
1207.804552
1860.907881
640.318220
480.753286
247.089934
8.215015
606.753002
350.933076
724.921977
903.417382
500.347909
523.383919
1866.225644
249.556024
796.086678
1465.581177
794.373463
773.129066
903.461692
1323.647142
985.405843
1521.520252
702.070530
2402.099854
1804.712962
1202.860439
211.711502
736.882498
795.085032
1515.509149
1424.715045
610.345170
1275.770880
1453.826696
887.030802
1156.430688
1288.218120
256.286654
1092.082785
1121.638894
1421.509898
1359.941058
1351.732153
245.066651
937.108676
1573.614329
1080.078261
960.486127
1555.434807
823.223234
1262.532727
1296.978913
250.556633
901.923134
1416.434636
745.319807
935.737118
729.604426
1289.773733
880.526139
969.840363
-114.241981
802.524995
747.979486
1383.033817
1119.606785
500.222561
1121.793389
654.984838
1144.557148
1468.444602
777.316498
609.954414
1212.486771
1012.852890
1395.394891
1560.584363
744.596924
572.999832
1211.556828
994.004466
1071.888291
1378.680362
762.617289
1371.825565
721.667906
854.396280
844.116438
590.909780
913.984530
1060.367130
1260.860239
1355.213640
1345.983661
265.642666
1527.350234
1161.423974
1698.173634
1011.190163
431.567770
1572.575162
1117.798987
1475.662709
1753.105874
858.686207
756.541353
899.139692
1105.508429
1130.588031
2036.009868
1545.521384
1149.361991
913.185111
1188.879259
1090.676315
800.496102
481.481773
390.513614
724.386510
398.058898
1056.147611
1159.473527
839.671242
339.063829
1392.266390
915.123686
1458.748220
249.051096
974.008951
918.116453
997.595617
740.773559
1377.353034
862.682698
1131.845392
1218.792701
789.112372
963.703340
844.710821
1475.156826
1608.915749
1161.696503
1667.850084
1160.531396
1127.758165
678.200412
1580.962468
934.682407
101.469365
1396.029788
483.858393
1175.222074
396.377700
938.376229
27.669456
525.841256
1557.524390
551.909746
-24.890409
1882.119971
1237.070270
1125.032094
931.366267
1462.624680
654.682686
809.872952
1238.551788
1301.066153
397.733623
326.383784
1131.946102
877.070698
2021.751221
893.762471
1257.129934
918.000923
520.485086
1497.599645
718.506360
270.132676
1264.413674
983.600696
342.250289
1445.781388
1463.491527
723.302634
1148.490461
1038.656797
1057.442826
414.235526
1331.908463
852.570003
676.150769
777.776543
1078.279971
912.161518
715.591052
465.494456
323.214315
-69.910343
732.947705
1561.230440
1446.403856
258.484502
149.207540
323.806978
870.734302
759.294547
1053.895858
540.067007
1011.633238
1620.376874
1704.439882
1080.559249
1423.651164
857.054337
1324.938112
860.044990
1147.334885
58.362808
1197.250530
1188.810371
671.445013
1755.000871
609.243898
527.807848
365.284329
379.500756
1467.182459
1294.176240
939.193354
1492.918869
485.594573
930.331086
1236.037260
775.140869
929.866818
1439.908007
1149.255144
1651.718473
224.465406
483.542005
1225.358750
1592.111954
953.516311
813.992854
1481.513618
878.381510
1556.674111
686.463556
931.866094
1320.557744
1068.372847
894.711383
807.892372
2011.697800
362.689458
2094.537645
257.036075
469.566203
386.774428
1523.934857
914.235823
1139.168989
1521.082759
1179.687573
-229.199770
873.521867
1463.175434
620.291556
445.262045
2.500423
913.650266
1390.728449
86.498008
817.661902
1683.570610
533.516429
1922.468433
1081.376281
1107.539147
843.910508
1562.492950
-81.856421
948.721720
1173.642701
1494.848205
1667.793425
1267.586291
1186.375904
783.272230
1447.332516
1553.589678
836.237003
1337.101183
1363.766157
1058.062593
807.083246
1766.241529
1754.622283
1199.173426
293.541905
1529.585789
905.590097
42.545303
895.253151
615.954122
461.208203
619.426838
550.349722
1137.979488
1537.141266
631.019330
1070.916098
535.032059
1682.171901
748.499996
1603.310377
1389.267350
441.883730
1604.004974
234.931889
695.466246
906.530168
1128.222870
1584.720951
564.233256
1053.145246
1418.479606
1523.441141
1062.745399
964.394260
1296.879142
617.424491
1305.703730
1551.528295
802.986342
764.145131
444.288054
542.158891
644.630466
864.271904
1642.789456
818.423772
1082.446331
861.453272
922.662107
558.377798
1227.511132
993.455134
-34.566566
1305.021162
1208.084358
1717.444793
1264.552253
1223.166285
1407.610483
1205.652256
234.855161
17.176689
1457.746338
766.648856
996.276930
969.730611
1451.723850
114.496001
1450.693370
267.457995
512.387006
1719.425489
978.171471
2151.978761
517.884002
1920.389066
-64.075997
371.084188
1741.289054
1016.804950
439.426565
397.789556
1525.601969
591.273361
614.069615
263.655782
1418.226521
837.898547
1060.575224
536.995891
1156.460993
351.210619
1100.100982
839.431708
794.696644
1277.564054
1527.723830
1359.990652
830.765313
2496.670353
1235.215964
598.711571
1518.867043
1443.562596
446.727636
2262.175616
1487.127920
1263.920307
1188.324557
1091.176179
882.331492
1300.197260
873.436605
554.526831
1107.664768
427.240763
-41.161800
1082.770018
1241.924700
1183.571322
76.141712
1175.139142
200.946008
1269.300768
1490.048536
607.463684
527.677628
1385.708981
970.325786
444.635421
725.394431
472.880328
876.487708
1036.776249
1198.676738
996.806917
1363.832692
673.385099
461.137863
2129.965480
748.546463
250.180979
795.897099
2083.702940
1040.983371
479.304145
828.984937
1075.289869
1243.965969
204.966772
1227.208435
766.260617
1193.607617
823.177564
599.652956
907.680555
1585.551777
854.747396
1750.524408
1212.541030
1247.932887
680.909424
996.811084
1205.475622
886.078996
639.595118
220.604665
1747.863815
1048.141911
773.988001
29.340317
1210.243092
1056.780955
322.358859
177.864901
69.224838
864.976591
581.056735
733.394015
938.076001
751.368359
979.273251
167.846714
1576.388785
1053.134142
1308.209311
887.648256
714.986608
787.907224
1185.639256
1124.772203
473.222029
1501.793922
1890.803420
737.536103
945.305942
1028.126660
1838.348838
943.716627
123.672330
862.835171
1216.034718
1461.731938
890.422768
1272.045101
1337.600625
1011.263056
1103.193403
903.956455
1255.639455
1025.805554
1135.953903
975.517347
354.922287
814.042471
646.050572
87.728149
2191.326530
28.995021
536.944199
783.177887
874.142686
613.520701
310.256314
484.544003
330.584407
1437.088230
1773.523896
1287.658901
536.306816
1548.496777
85.533177
774.406925
1243.965463
1243.922709
919.335101
-147.223110
486.890364
1872.265558
77.083040
703.646931
1085.626667
1121.405989
1293.929755
1136.133134
213.651660
1274.906105
1374.398620
1018.311591
931.849979
864.079506
1500.452517
1141.641921
499.262372
1243.986102
721.241001
981.296183
991.312731
689.445892
785.031168
1624.861517
713.390833
1323.320284
1452.567810
1279.580374
1200.074366
1514.647916
1285.768489
1385.168894
219.688411
867.903675
421.496156
1372.050397
1459.102195
477.571429