1156.418947
1498.583836
929.538710
591.111595
2123.575107
1968.534568
1352.849393
913.011047
1008.024608
743.190751
332.770997
596.645117
1694.386574
1564.522373
373.414249
1073.804093
540.190635
882.263119
864.876835
1786.110831
847.470820
461.251453
878.957649
1556.976988
1526.044637
-380.100401
2093.939357
1908.534441
1537.992837
680.508494
999.000011
1540.179749
1076.862977
992.231713
1221.117579
1062.715992
1303.281649
803.918578
922.931044
1301.363517
1217.835718
1168.352925
1438.786666
809.040762
1178.264718
904.397314
1051.912960
972.025194
1361.461811
870.734729
428.306320
1039.335463
1278.402354
2090.085399
1139.401449
1067.293268
40.338450
1804.030379
933.322330
1358.690262
1308.053296
981.624649
1475.058988
1681.426774
1124.906527
1601.019706
1130.952276
547.549010
1325.069760
62.810503
172.078114
1289.032256
1958.010405
1193.082075
1567.233072
490.430902
1252.726040
942.655919
856.794666
1205.085752
992.939198
805.323109
979.238353
1681.766577
1182.127757
1948.125499
649.095624
-33.579275
930.177724
775.953862
456.203494
707.508151
1287.631670
976.479214
642.036400
264.458023
509.273637
1471.453861
1119.727820
1014.414587
1010.398751
589.706932
1028.711249
1380.989464
1261.232995
-36.755049
596.293874
2163.645815
419.259669
1505.200337
1054.602243
658.218521
843.172555
1125.685970
813.800440
1105.523330
1588.978143
858.390267
1275.727163
927.635576
1340.850817
954.732991
328.513430
994.708243
680.670823
1007.381512
186.582735
576.332219
919.701359
1216.000443
-115.350404
781.093415
1143.547132
702.444439
770.893360
79.774435
720.580296
412.184154
1156.896159
637.530478
606.621291
1210.884604
215.080227
1755.373085
699.221308
859.894381
867.968517
1108.102226
850.057412
1453.040223
1089.737892
164.144829
399.450756
584.757268
1312.041768
990.688575
949.062587
1282.296396
1096.963869
2630.532344
781.188272
783.950151
775.358365
713.264073
1534.136074
1316.444728
557.067824
-345.632173
1140.804406
1059.662591
866.430866
983.545653
1378.891317
1372.772315
2221.475605
607.302710
1194.106839
312.245993
155.945123
1169.495108
800.789311
1610.806261
1270.535243
896.371038
542.181922
633.208273
574.657100
540.716313
1501.439950
-40.250780
1236.544954
1024.090263
981.944595
864.668924
505.599004
-360.760291
150.460173
1007.296430
1401.187063
1493.988141
216.918154
1838.881322
434.570886
1289.241279
931.664154
542.838548
1442.404585
1287.571336
85.816793
1615.144659
650.189812
1602.262894
1731.539550
1115.847380
737.124710
1575.157628
1084.196586
469.187810
1858.346074
-80.628667
1988.882939
738.867540
998.255030
1694.055995
869.466121
1831.514542
618.544068
678.535009
1743.769395
1798.568671
1500.036179
1046.418078
1128.428626
1322.250381
72.429786
490.879655
1351.919535
1582.241246
596.533843
1408.360010
1275.451429
656.123027
2117.977146
1064.746479
1330.349384
1346.108450
1227.942504
1344.870651
815.192879
351.903026
960.394801
981.631477
1447.078841
1297.792737
2292.130440
452.234420
1704.127719
1460.132059
814.185891
709.800999
1074.221614
2143.396013
615.277704
1163.638135
1087.889609
1099.823059
969.318120
1619.680790
2204.256327
1252.771139
-107.741728
1177.288595
1039.132392
1331.423906
1853.396356
1099.209174
272.199709
965.575464
1372.834717
1095.597755
1225.325310
524.152124
1008.830091
1091.449309
1733.655295
837.375561
346.624766
738.631403
1068.335706
969.710058
1298.883087
216.240358
1392.585894
900.214187
1005.114096
439.834504
867.620393
1166.609026
1769.737316
566.705468
765.757385
492.218956
1214.081222
1481.198462
29.657781
1364.158689
493.298778
326.041758
558.674084
1781.963039
1598.330525
587.976893
1037.387610
1102.201877
744.664620
1310.614209
259.365646
-38.396620
1312.121834
1360.298635
2568.483488
959.577646
1551.180808
845.991702
925.212078
756.626026
1279.015000
969.101692
87.526875
122.036621
954.280503
787.996412
1135.483015
1729.699232
358.342106
591.283198
1926.081329
420.948126
1402.053390
698.004037
-333.336858
1192.883611
1232.950725
627.954716
2143.796485
1845.166583
955.661057
1616.170163
823.786640
1664.919592
1011.276321
1066.316201
144.854551
972.695778
921.048661
1220.700517
803.638433
1597.903678
172.848127
1602.516800
498.372659
1637.797551
1562.546786
1794.212398
644.286088
521.593235
962.621095
534.669961
469.203489
1103.377978
147.659466
1392.808902
1301.382374
2384.768197
743.459253
1770.265986
100.096924
395.925710
857.205773
928.251727
509.725328
-346.125761
861.140223
608.371664
215.378755
1708.725836
1545.015446
831.742662
160.695508
1950.386857
-33.838844
478.756951
863.861357
645.284969
363.287628
99.465627
767.342933
971.688213
-652.945440
1367.794892
1789.882885
1305.772598
704.724702
930.270160
301.382691
1376.416434
471.458968
639.837004
774.439779
857.063441
860.938351
1730.601729
840.538389
-221.697936
894.620820
1230.808486
231.618707
1205.483051
635.324095
1573.705424
314.321420
1130.960819
753.539488
1150.401675
821.087888
482.604745
1812.118630
631.747373
2081.748767
2012.892181
948.179385
-586.623113
677.908027
791.213755
688.407612
749.432941
734.647155
1405.392776
1216.705821
219.004005
1525.833520
1384.766382
1317.584081
1724.269033
1418.269782
1035.090491
651.198817
1960.856195
370.755650
1172.209178
333.759897
662.129857
771.349680
1416.654100
431.157555
1317.633180
1834.904491
1031.221651
974.667068
1387.702638
67.181484
1718.535880
1315.988920
1215.278880
2028.233212
608.171290
1260.741030
306.466016
1775.496655
-243.888192
1100.146391
442.400391
1236.105789
81.468002
1075.536838
1451.377779
1508.813577
1003.271432
1032.213449
738.844025
981.596414
110.072832
1245.583546
1036.491218
1510.741720
1332.103438
267.070284
868.290382
965.829196
168.397593
1587.296352
885.305270
1428.803159
1044.783722
947.131396
1477.318570
1292.721888
1383.277597
1905.049557
285.034469
286.603372
837.467429
1820.082401
964.951791
2441.064842
1515.921340
1843.883019
924.215427
1556.542662
1497.427845
853.610703
1334.825437
1278.978003
708.284983
1361.140931
540.627277
764.041217
593.065877
1014.625948
799.324899
1300.914212
1390.759592
1278.157351
734.024037
336.184520
938.094963
-81.064170
515.055471
1320.918803
1327.934394
1089.594096
1825.643424
1615.249173
723.910709
1601.406528
902.233437
1583.264062
240.006080
1664.995821
619.147612
918.740771
518.632152
564.197860
1263.363934
1061.503534
1414.874356
294.662771
734.132721
808.741833
1124.107715
2075.293928
934.793414
476.071416
1985.640573
667.738946
424.277933
872.383085
830.886367
2047.287916
976.657534
883.477812
914.122507
1012.003091
886.747623
858.055621
838.791745
1445.245459
-161.247816
358.520538
1617.505027
961.249967
-50.648074
-590.724028
687.753822
689.030424
1023.362351
251.631173
2483.699693
942.061731
1544.263197
1555.866323
1066.435049
966.279398
1472.057743
1530.989977
719.983125
428.242037
1359.418741
1102.314984
1249.361498
1413.174910
1490.005393
1415.321338
502.264362
-134.439555
862.656978
1004.312788
1532.957499
576.881515
1207.549849
1676.829776
164.744614
1009.412929
350.689826
985.216820
1118.032200
138.264193
2057.728340
422.656702
484.822420
1498.997650
1114.052874
1348.146587
842.692354
330.366206
2190.957822
731.982166
2022.806768
1391.609300
943.777773
1198.207530
2660.632689
878.251707
200.783842
337.966982
-14.598308
1742.378890
1802.987980
772.541200
1572.572819
334.260705
239.713701
465.154530
751.498518
352.993704
1144.090289
1037.793575
1167.896221
662.653973
1132.869981
1377.423750
1600.318946
24.646914
1247.260192
818.202134
914.725886
1343.302373
1294.772672
-389.275841
2313.860459
1424.284677
575.241916
1365.469302
1664.322057
1205.156636
487.891729
1576.895510
987.464539
768.869956
1078.464185
1134.103509
471.198670
777.773898
122.070838
-133.211948
418.038636
-699.192515
1023.476038
1246.967598
739.645071
964.649671
1437.894324
1297.802406
771.976603
68.849726
802.782369
1320.252560
1737.833569
930.193639
1365.885535
1085.527522
1222.225931
73.215294
756.772693
895.712676
1178.382925
969.921631
649.673171
953.844130
1027.765741
630.748007
1273.913201
768.212155
2605.694839
901.616135
1259.157303
743.494528
-547.647710
2285.970484
986.198921
302.376449
656.007231
1278.490168
1308.374216
2224.305288
352.730018
460.672611
810.139999
1497.155091
1034.174774
218.640038
478.613774
1336.515661
1309.307030
1338.155065
1522.297437
1212.901375
224.505622
1147.427944
773.277504
713.980443
-32.954761
891.088851
661.187841
874.406010
1455.876179
584.094332
385.460684
645.060910
845.708633
307.390745
535.797172
1382.931853
1678.006858
880.203374
1670.779456
983.009419
635.276108
2219.859630
603.368647
1271.017880
1549.571164
1727.229694
2029.595892
362.585628
1021.950996
908.515376
646.980049
2003.481529
1550.782917
2346.183303
663.296497
492.010793
484.734818
254.778322
792.547273
1040.495255
346.528094
1003.856477
1034.175992
1256.579328
588.583156
1626.007118
885.943549
2137.795238
1365.056021
663.573743
1834.203391
1464.865872
937.948338
1166.500567
939.670539
1421.802198
909.319414
762.869272
1416.034178
1478.828308
1190.661819
1295.486995
1495.345238
1333.646157
839.515202
1052.095385
102.206260
936.807765
1297.544838
618.714352
416.209330
1334.943123
1310.116948
989.190739
1795.518015
379.549181
132.852994
1948.653743
1066.594132
1075.719802
921.967369
569.273018
1411.208984
999.279863
1819.094801
81.383627
2334.141142
489.341875
45.477550
1624.604086
554.727032
1165.673585
964.916071
1605.435163
1090.276541
891.304541
1290.380893
1502.108992
872.801686
1500.396811
1305.749629
1069.086834
1490.840667
1943.930689
659.015549
1586.446752
1278.739191
2134.750328
1280.826043
805.877704
314.529033
746.987244
1083.799733
1452.043693
647.548524
1610.981843
1289.873367
963.783942
851.776142
418.561875
1310.188569
154.983290
-108.123270
-358.043607
-24.838253
907.604487
1212.599523
1131.956222
1067.722386
809.473603
827.749037
387.504569
607.634238
1724.884040
1043.060998
1517.442794
889.619487
1611.390837
1673.755293
435.562869
-286.043237
225.277889
1476.180135
1086.823994
889.662309
910.044018
1709.113134
1683.602767
751.615150
624.333881
2155.648655
1430.052131
1471.132529
1154.418453
969.867242
1339.987048
1280.666435
932.507497
1767.019168
677.989956
1259.351254
1058.619085
42.188779
1142.707398
109.781330
875.498055
590.142884
-53.669306
1272.682632
1246.611538
447.401087
603.962364
1008.062706
768.886423
1970.163942
1262.551685
1084.347270
1120.414281
1586.151041
1886.686925
837.396175
930.986556
2255.269689
1259.834605
-74.010141
750.764356
431.968889
763.902685
893.608073
1312.942477
1211.782555
913.571451
1893.771093
283.077996
933.680995
2120.998639
1078.262257
879.006935
613.936539
447.539191
1139.668617
1271.659148
1059.004242
1314.914265
1952.435120
63.904206
1846.419763
1256.133079
-8.056129
184.993945
1023.690809
783.375407
605.228135
1074.202041
1301.487177
973.659911
1256.269414
1121.174427
-267.888380
1065.492341
1422.383589
1033.344323
873.169194
1199.285509
1345.416514
1807.612825
659.161315
1498.141664
666.377665
2464.742819
893.469630
376.935105
1315.247727
1735.466828
691.477377
1752.174956
526.127652
1561.534707
493.284275
635.195973
521.127087
497.360882
1697.552078
881.090198
1296.503819
675.015346
1376.867567
479.368530
695.765628
995.292571
1622.433278
538.879861
1202.747070
805.532603
1072.232267
687.438610
1066.941881
516.152110
715.365695
1150.775249
1209.494074
1240.565902
947.593275
317.192340
532.763035
390.461346
382.361466
706.138551
1085.175102
741.486380
516.974989
1174.666901
2316.356257
1171.883383
355.547785
791.042332
1531.493095
339.563594
563.472055
1530.129592
1186.393642
276.457528
153.466239