960.214823
378.605454
940.049745
1538.722891
1299.775001
832.754726
791.775815
880.413586
1145.926174
1211.513542
1085.978101
928.639041
1391.988435
1195.809210
512.300266
816.392771
1127.841624
890.732974
1026.613645
1241.234111
1457.678997
904.465431
1259.442835
1174.904014
1117.678361
679.388073
782.447776
1356.603885
1098.385106
879.475146
978.032874
907.212670
749.479987
974.438501
1184.567550
1167.383130
1333.490307
1108.072305
990.866990
704.036865
1246.521185
1119.815767
1092.338063
1226.512546
500.623077
828.043778
1017.706690
1480.746637
1085.981416
1056.276699
758.632456
1151.284031
1235.230625
1178.519218
640.312667
1073.948757
1094.039427
1496.354562
1074.939405
1161.051396
1579.958620
922.046082
551.309226
627.443921
828.914028
644.115409
1075.208950
1023.086691
1008.670536
1149.370819
1167.953375
1080.205610
1004.209418
1157.959844
974.445345
1092.565184
1544.944481
828.749523
883.350518
1091.142779
1291.383207
716.005959
829.664917
1189.968343
1463.209824
999.921063
968.239478
1235.519493
645.030658
1018.367994
1150.193789
1172.997349
1400.259472
984.878403
817.323871
806.619851
1041.414800
1171.008294
918.462138
1048.345865
1023.920054
1057.596341
1011.399969
703.513961
805.335469
1005.471496
904.520397
1118.542566
1024.865608
822.623771
703.337773
1330.774884
1403.693003
1058.133802
1333.323853
988.404396
490.479589
1225.630770
637.750257
798.959486
1065.697741
991.407651
737.947817
1029.581096
1537.511921
884.065353
961.271816
717.069817
772.479370
1135.931055
1311.623856
980.303421
1238.786012
885.820786
970.039517
712.744366
904.006550
1178.112926
1316.332900
1325.902135
1154.450347
1083.134770
1115.074018
1004.649033
753.626143
869.043210
1100.378785
632.862354
750.164739
1103.855476
1035.842022
983.564293
613.329544
1270.411498
1427.904587
787.229931
997.584517
1240.056218
494.813463
1088.210711
1026.668148
1019.369206
555.455134
1234.209128
1420.495441
922.203734
750.980771
1177.396917
1015.901797
500.953745
617.799968
1143.544670
1011.127051
735.160290
919.147043
1396.185440
1360.850526
1131.157017
953.824466
185.219343
739.891868
980.295838
1133.319452
1310.373786
1199.252575
632.669102
426.278008
1203.137557
1216.538807
984.435554
776.459142
1237.371948
747.006463
1238.443622
1249.322117
730.655267
1266.883183
712.956702
642.157024
885.358517
1018.854691
528.984066
1006.577096
1057.621889
1171.529282
1175.081638
1214.151297
1050.857107
986.140899
825.806682
1111.417985
783.421553
1146.574866
1035.696167
208.342986
1118.702019
1108.649687
802.163257
622.863586
999.942587
1006.631145
1376.867007
1343.110366
1407.211182
875.698654
1402.417115
857.510234
885.332338
903.400805
1212.461040
758.635034
976.769165
1254.594177
1048.097356
1042.642179
739.324472
1093.476416
1254.255299
831.125264
977.144877
921.097019
611.207267
1301.463211
880.404429
534.924703
1531.723288
1022.310371
822.586082
861.074682
1160.012524
1312.913030
855.343542
1037.590071
1013.696343
1400.453480
735.816806
874.068764
831.491287
653.771520
808.391377
556.451891
908.210039
1094.604630
1192.770571
1152.033152
797.480703
870.252550
1133.150005
682.359054
821.599973
1012.526569
953.279683
599.375408
835.378771
1090.691388
909.261908
994.084064
590.567201
1084.308102
1230.369160
1091.027787
1000.945129
785.829214
1008.089489
1514.364258
704.536837
1000.106782
1358.621166
641.400004
899.646144
284.563916
1287.566479
869.578689
1351.037049
1249.061165
1036.505885
1091.413858
1054.777435
827.295142
921.050823
1202.309570
1085.264236
677.626584
1325.016998
937.869359
994.049762
821.017755
816.901101
696.552321
1206.981475
1193.620957
1041.958295
705.451763
664.974836
1065.396742
569.800086
1296.874717
754.924539
652.276764
1084.925761
662.896458
545.633554
1272.648410
939.452807
1311.660672
1225.871135
698.042509
789.137283
792.408501
1115.509439
863.785478
765.814788
764.146947
906.257101
929.943956
460.044425
724.701693
977.540268
889.325121
1032.030621
734.031055
848.109526
523.891546
1335.282400
890.022429
975.860544
1053.493994
1126.374425
1217.873120
1159.758635
929.590544
1254.421537
1230.266758
918.818556
631.080464
1108.665553
858.097444
1057.294318
728.688161
1225.624649
1189.818564
1189.987609
1444.943681
1120.018409
715.214716
993.900982
835.880039
846.404796
919.672636
1057.720882
1157.752490
1004.862435
1342.184042
960.008705
704.937390
1005.714561
1209.253152
1365.310286
791.021397
579.600921
1194.446315
959.726726
992.156528
790.555334
922.254387
1296.373843
1023.395219
926.150331
1103.686871
1353.041540
1217.165048
1183.831098
1100.561966
894.901033
956.810681
1077.204984
790.783328
1098.064909
817.469379
620.995841
1372.148947
1162.937804
451.111353
910.255979
999.851651
1079.605192
670.224491
1355.650219
738.669102
954.373015
936.262828
1016.306773
964.073175
955.527456
799.586227
1222.570331
759.641477
790.918704
1008.960077
1525.873194
915.425187
1159.741380
922.512795
1106.829660
1279.801795
826.234019
854.189821
826.691721
664.306931
962.891738
815.521762
1123.436447
1326.339579
986.451014
1218.460267
1144.438721
1103.168907
1131.032803
695.828252
1212.559146
594.762711
1061.595589
1154.448939
1015.403448
863.796620
1319.480025
790.753898
1216.769288
754.476486
1245.363819
701.926552
746.313039
849.052536
959.399547
1343.749343
1247.416781
574.129431
872.266502
1265.294859
975.368559
909.555094
1359.181021
1183.007976
897.618972
1282.207137
1062.305222
1290.603354
810.930844
790.611666
1120.648039
806.556985
843.551678
1014.146752
1136.326907
841.499843
753.064218
826.533540
768.902135
1149.405958
910.370987
744.952725
954.835481
1207.778749
1112.463521
1130.060199
1199.441888
1060.161663
892.932728
632.782362
953.522667
958.244540
1200.356396
673.501155
1194.265560
815.287806
835.683178
712.084213
929.244303
879.439580
1010.614180
671.577205
1188.984502
909.224066
1156.518331
747.553399
746.411754
1360.585913
794.458247
1356.005872
1145.060648
1046.016840
1505.735201
1194.335064
1065.764589
905.665937
1310.445681
1120.457986
1166.466380
662.834817
827.633417
693.581199
972.483467
866.470245
1089.260565
996.932013
1308.292598
822.302147
1229.372863
850.119147
448.325029
997.881940
1340.762948
949.653447
971.279054
1450.810197
1317.324099
1023.950112
786.630511
1084.686716
769.076957
785.428526
1050.444162
961.085767
716.383923
794.787383
923.793537
900.846489
853.582645
1354.083367
16.350020
1045.967785
1270.526955
1358.375786
1292.220729
1050.694690
697.747091
975.874541
1343.720309
1292.267458
1017.607875
1078.447619
1111.196918
1339.654709
945.435081
1348.220886
723.856762
749.783716
1392.622061
731.136253
1069.115194
1238.256794
667.522493
375.536851
701.568778
1031.990573
982.583983
970.273480
1060.415059
816.248688
1086.674534
584.633924
1312.477098
788.677302
1269.554114
824.200367
1297.725797
874.168233
1198.633223
962.047571
1328.051688
934.533410
1222.612847
981.133719
1054.416677
972.931346
1249.242746
1058.935256
798.137725
810.775405
1298.707827
797.085217
1070.234721
904.865955
791.991025
815.067491
629.596315
545.775147
920.948029
912.492542
938.550352
851.249217
1123.130257
813.074166
1088.500584
1063.380991
1105.590030
1370.315321
1207.925453
1124.340238
1173.343194
673.729627
932.919254
1127.952979
1431.211952
797.853049
1017.304014
1221.543330
989.181765
858.120838
727.603254
1095.357661
1048.066370
765.558637
1233.275318
1233.745391
1167.526719
839.955556
646.288491
1062.179516
1178.679966
740.513873
1089.406845
1203.888945
893.623611
869.179437
897.985479
583.553607
1187.657631
1264.383368
630.346931
1110.094640
1154.492948
1013.188616
829.238487
1157.676350
1195.839055
1030.720461
873.484321
1607.667271
879.747984
1061.108535
1255.698844
646.044539
564.051023
517.896179
1242.902598
974.381014
843.262612
1110.189714
1146.887187
1519.749385
1149.393830
573.893103
654.172161
1402.742268
1024.453052
1035.690375
913.153777
1281.513760
1347.513954
857.387287
898.886323
618.507894
935.237257
977.444767
1621.178238
1000.661354
1810.110768
1532.170529
1185.751048
1149.414877
740.303516
1051.362445
716.956456
523.513964
907.192605
1164.182438
1080.503491
1155.060552
1210.261478
999.753975
942.980843
991.468100
1315.326382
901.013315
780.876629
1000.224162
997.462013
1219.118441
957.030341
1393.437681
1025.746763
1345.697838
1017.759207
1069.183895
792.806339
1276.511109
1156.039525
1058.672629
753.522643
806.989646
906.696502
873.886909
634.543721
808.990349
746.381227
831.994565
1005.827974
1761.861617
988.323497
894.798137
624.825280
738.181815
752.800842
1216.672910
797.512407
1323.082164
823.540735
729.832495
790.819103
684.020395
1043.499286
681.530635
1010.341743
1051.163644
1323.139381
1223.748319
1374.091784
1283.554540
1422.200543
1034.243209
806.191207
1428.029152
898.835892
1101.126212
1115.584996
973.423333
902.848856
771.015399
972.754144
1045.123180
953.574853
633.838013
434.208538
847.172928
808.365114
754.163769
951.209714
1151.773855
1129.567935
1531.044201
1168.591144
611.986417
944.472373
837.442447
1272.294492
971.618362
850.415478
859.507306
1471.168284
826.156682
929.274975
726.474410
1105.347009
1009.601809
1066.470599
1446.716457
1173.338370
1057.036754
1437.993665
1490.020752
922.402224
1377.761189
1319.862742
756.817886
1076.263123
1087.539285
927.798191
936.457419
1142.546893
872.896540
1094.795840
1331.499508
840.551888
1043.221339
1236.089848
1208.492478
1232.196838
1143.253436
926.000269
828.195536
738.478221
726.338377
1158.880660
1099.317366
695.734584
867.404173
1151.891112
931.168300
1245.008138
803.079826
700.792978
956.790810
709.148768
1289.805868
621.831436
1165.299763
1205.106262
1138.926396
962.492620
1487.877664
975.876044
1245.118530
772.646717
514.106104
748.106233
1147.035133
658.101247
955.532500
778.811466
991.537747
1142.048125
972.289721
854.923424
1043.008172
970.481468
1010.774544
840.746125
984.262361
1080.742190
741.486256
278.565004
1323.012999
1632.964106
1064.387963
691.797065
939.996276
1233.970083
1061.265257
1063.091001
952.620236
1069.306157
767.171190
788.325676
759.158948
1117.482252
724.775211
813.884060
998.013354
792.724759
957.504117
1078.146061
1180.189851
953.652782
890.917107
953.237060
1124.303778
954.327190
1067.401616
760.327328
1539.082638
1147.559361
1046.563272
1111.921404
1160.861615
648.945023
954.775758
1181.245874
747.100722
1193.630356
968.809131
860.789880
1041.808925
410.021648
578.416813
969.504820
975.161923
1266.910127
1005.994069
1233.754038
857.213115
1317.979443
1104.675485
971.002769
973.244204
1087.771172
920.699476
1064.984477
1134.920072
619.764126
1203.356572
1076.241529
800.970221
958.612089
1123.658000
1459.455157
1399.958046
943.221673
1306.954815
957.251892
1097.515118
1311.010064
1130.452550
1236.655748
1274.366243
1299.006785
935.828897
1176.112497
946.604973
780.135742
1111.788053
1052.628730
1256.187643
1160.078252
1339.901751
950.717761
1302.221152
819.108855
490.048062
685.351054
1324.461534
986.172234
952.756616
943.571200
965.947494
873.104893
1544.547865
789.671050
1149.015284
929.331441
1112.287098
1125.627779
777.406958
1086.215639
582.491045
1106.968556
1283.817034
630.042814
1052.054014
1243.745639
1122.151885
1436.079742
1158.719798
902.034592
1220.993070
1007.738411
1190.733252
1214.145930
611.488602
880.137214
1002.250725
618.715122
770.552188
1023.075823
1245.881914
1205.440848
728.352008
1359.733235
1327.119720
842.031253
744.678686
660.504346
1103.444487
841.308912
1234.644180
1133.960163
896.143364
1077.695200
958.620652
1021.115321
1371.040852
921.468032
1065.588371
1308.194340
539.201935
965.800667
825.421886
1309.495391
1263.348205
944.202260