742.778951
1175.560497
954.411201
788.202575
855.287394
1089.290835
1001.675456
783.001442
764.580522
971.155534
1061.887333
1125.134652
1018.368757
911.846304
956.167712
1321.336381
904.566048
973.087846
1054.416398
982.651119
905.028482
929.525872
817.985598
1026.128054
865.509371
1108.028024
982.323278
957.110664
1038.721234
877.592649
1064.811357
969.364209
1113.662751
1002.331764
1035.726316
1053.838940
785.196482
966.910156
1023.576685
945.160402
987.668221
1033.769725
887.885798
956.820034
1037.319708
866.772929
1106.142720
1136.641321
942.527031
1003.983488
1137.807788
892.486889
947.428341
869.447075
854.761199
931.257386
1014.779378
998.631001
995.951546
1039.704575
964.841490
1048.722096
1163.646148
925.755952
1030.952980
966.437391
819.601793
1322.120504
1026.508015
873.648459
995.440715
799.799749
981.325545
953.090832
950.112106
1011.852482
968.457008
1078.154804
1029.902644
887.687237
993.875745
963.562748
917.336359
893.203952
997.111692
1014.487427
981.127179
1071.360929
1112.500143
917.112456
1118.167254
1043.850584
1058.020879
984.426225
1023.183926
1245.807835
945.311927
1058.349672
1141.513580
1197.317342
873.268242
982.973529
1078.388514
929.612353
894.546789
1040.604276
1040.358836
1097.679211
871.649567
899.009748
920.302714
980.922796
871.292628
948.080148
943.232010
1242.123846
1032.662844
1055.690257
954.239912
1042.037688
1024.368031
1098.105165
913.961154
909.253998
1072.915725
895.369016
1005.588773
1024.513902
1084.733791
957.589559
1033.401894
1050.128285
1083.859341
1089.024267
1195.339172
1027.520816
909.033158
992.776925
1015.727103
1012.837476
990.986685
1002.252630
1060.181077
1014.772719
1085.401496
1036.387468
953.459179
942.439386
1244.879188
905.110007
980.088829
1006.238575
1136.501567
929.779463
963.594454
1102.505657
947.335646
1032.565899
967.770206
991.819398
985.601943
971.030062
844.993479
953.652321
1009.746058
889.176971
956.988679
996.679092
887.278972
1094.484034
986.940055
1021.503624
991.385343
1049.247543
945.711733
1046.749833
1127.910434
709.017935
813.632342
917.689523
1017.020925
952.395105
1134.121665
1095.964001
984.333356
937.451444
792.072958
913.093471
955.436678
1105.433698
1063.640228
1054.554750
968.447705
867.364147
943.887767
896.567085
1077.515490
985.341698
1016.757786
1078.544792
918.657593
1032.670988
955.312248
876.942231
900.836150
984.374514
1074.933440
873.983145
889.716587
1164.822598
1129.677838
1006.981089
1071.298547
1120.716569
1095.107340
1102.887387
1007.447683
1155.603022
964.370907
1135.915968
1013.992502
1128.214937
1064.473615
1025.659061
1018.964909
946.642109
915.149887
1002.467971
1024.469345
1135.902332
1109.401629
1058.781556
1024.349080
1045.784517
1133.070302
1100.739587
862.271395
1108.071137
987.429705
1020.321854
1077.313869
1047.429791
1045.172099
1024.195287
966.709273
1100.560247
943.986003
1052.103589
982.589657
1034.715459
1067.939428
1089.033050
958.433779
836.409635
1006.843033
1056.900493
934.014567
1072.285623
1010.524251
869.058375
818.117517
1023.355850
1116.146332
1166.630181
937.975852
1306.066521
1059.711200
1050.824386
928.483371
913.627847
1088.693928
1075.447062
1055.394225
1022.444098
1052.468021
966.214217
987.221570
1061.027315
1044.792196
1168.717690
1019.890805
1036.761381
1110.061696
954.349557
951.970120
936.937727
1014.716455
950.058347
765.126260
896.592914
1025.160363
816.581462
907.583514
975.072626
1013.743023
898.074445
1028.856629
876.079610
1024.421993
1043.601083
945.967309
1027.007093
1024.300059
1111.843968
1062.555982
1038.361556
803.829275
1057.431745
1075.658525
1051.444333
760.195171
909.442380
1041.131961
1000.542003
905.135255
1003.981250
1024.142077
1048.407835
979.444548
912.944142
806.238745
1072.898672
972.660948
1030.629478
1204.214624
1119.315069
1080.306814
984.640370
1019.054728
798.131228
961.604672
892.865082
1125.124598
864.006003
949.876837
1102.564503
971.532526
1165.925472
942.133285
971.859212
919.886884
1012.648286
857.420387
924.735600
1042.598409
1106.412768
952.335728
839.074351
1288.140918
1002.018375
1139.789210
1280.459704
746.384756
963.101881
974.147881
1246.690789
994.712553
1125.583101
1071.718815
743.564086
1192.388380
1066.693684
925.184256
962.356631
950.258068
950.994957
1076.347274
953.887962
1009.567244
959.843601
1212.359534
1111.857037
945.182778
794.896711
1004.142609
909.199761
1008.866196
1154.288615
1040.855435
955.416904
1029.963196
955.046548
1059.444359
1054.843790
1029.723795
1060.645209
974.160772
1026.285628
911.349399
1177.606015
908.368398
1164.835915
1110.526184
1092.235526
1132.699250
754.029326
924.201417
932.734040
867.629457
921.277887
1027.297470
999.657622
1115.926934
1101.968217
937.706065
888.894145
968.025580
1155.724374
784.520102
974.439719
809.037210
882.161150
848.987876
1028.718046
821.402682
839.898638
1047.026604
903.819841
981.391547
893.360909
792.421269
1113.126415
1057.355716
1016.361937
1117.744751
1107.842016
969.801250
980.902401
1083.036380
912.037091
1028.516558
994.795129
1049.862259
852.227234
1002.639803
1145.960018
904.608150
987.195326
999.722026
1053.538789
901.730994
980.196225
1019.045814
1026.365095
1173.748155
1139.082317
820.766486
1089.038342
962.891530
1058.689741
922.472462
942.641431
1002.030135
1092.569203
794.306491
962.304274
1284.405475
1070.925369
942.863898
943.067526
945.620920
1048.756492
1050.111771
978.337823
876.966642
843.712859
898.827551
1112.941663
1077.235004
1165.203425
888.112044
939.642288
1140.124327
872.247688
868.077213
924.740875
916.754952
872.499126
886.028896
1063.907928
923.095115
941.421962
1030.617062
1016.907836
1214.199699
958.508754
1032.443539
945.727737
980.613712
1044.399465
1015.815276
1078.169199
921.597466
900.532200
1085.410301
968.540518
950.212923
1076.841586
959.681604
913.043230
1009.316460
1088.390991
876.954978
957.126095
879.190627
1120.916822
1131.733158
857.653783
934.614767
1086.014663
1041.551029
1189.237562
976.460486
1109.161538
957.082169
1089.544777
1151.383196
1151.919233
894.596334
1212.488954
902.071530
937.975981
860.485826
1025.151413
955.216353
795.584422
1069.886198
1039.873693
1013.643481
927.532594
1166.941019
1134.654146
1159.271945
921.960125
978.589521
1032.756995
794.759986
898.842151
929.316203
1107.729843
952.061756
916.948748
1189.206175
952.021227
909.367289
960.427992
991.404390
908.348107
954.640707
829.100074
1040.750583
992.187351
919.106395
1128.160967
1052.528624
899.434006
1057.792570
942.558556
1005.585236
837.455204
913.450115
1079.033281
1050.942693
1015.233277
914.774169
895.442239
1028.280964
1255.350758
973.565640
1112.922784
1021.392327
969.151117
965.715218
947.246246
928.943660
1109.456483
950.269558
991.410530
1068.047489
1129.172562
854.527314
1094.210450
977.238762
1074.148712
888.850454
1085.313806
1039.925304
1017.260435
978.546633
1098.248407
1068.096929
1023.916682
1046.054931
1047.013540
995.513220
1154.099789
1027.792810
956.843602
1149.563642
983.857213
955.289883
928.535004
1078.488201
1081.926915
911.113871
935.559329
814.666874
864.393989
810.134200
913.828569
971.296237
972.640978
1016.126230
893.528426
1020.874193
975.191791
1099.150878
1008.101795
970.872385
908.346793
1015.052163
1070.484234
1054.853521
976.504466
1065.927519
947.330445
944.717749
1212.157081
973.430233
1017.878075
951.276888
1057.457430
990.354413
1086.829366
975.552430
933.961014
1104.993481
1088.539969
1033.597704
964.231804
1053.116748
1057.404645
978.584924
1009.566229
881.270501
1080.275964
1068.936392
955.650022
883.861846
967.570954
1040.245846
958.039061
897.318802
973.945177
930.694840
913.555786
1106.372697
855.725721
1074.719003
909.193151
989.135157
1000.352108
862.938998
897.305826
1084.122301
1112.655411
1113.579907
877.855809
1135.304633
1103.572334
1011.680566
1112.712286
801.971508
980.885355
1029.880673
944.850770
1052.210280
957.186600
898.350244
1038.232053
1006.956629
1202.143113
947.868365
1092.595692
982.530724
888.696313
1096.011249
1128.078910
1021.823875
984.508520
1090.605559
1095.474393
1206.895853
1022.955749
1115.482324
793.423356
991.096402
968.849287
1062.309614
763.159343
1025.113681
1055.861123
891.641725
960.471467
1010.106607
882.296105
879.254522
1198.001033
879.460268
1115.124228
978.719204
924.202001
950.087018
912.146493
965.536336
1056.668791
993.194969
862.159331
952.175903
1037.856360
982.049923
942.592994
776.523452
915.565945
948.591413
817.662090
1109.945469
1232.107147
858.576346
1094.352432
1012.446298
1127.181906
1067.104932
1096.191978
770.887850
1053.974892
993.185814
941.338790
1115.652754
1032.314556
966.448186
906.696193
1163.026345
1237.859921
990.299761
905.311618
1028.829899
977.404231
1064.413637
854.773284
930.354753
949.078926
931.491860
985.418837
961.322945
1108.606042
865.059662
910.764012
1007.558864
1039.927439
931.141830
974.571206
1018.242718
1053.111913
1032.793016
897.534119
1018.276146
989.820794
778.395660
1020.706246
1018.095338
1031.292664
952.496737
991.545315
981.821159
959.061437
1081.527027
1105.949521
1087.933344
860.155222
1055.369132
975.369005
1040.047273
842.831666
986.929910
1173.489564
863.583992
950.081313
1009.591215
1026.770997
1089.603995
1020.961669
968.885546
945.418386
1187.691653
1157.636481
1136.414830
1007.975871
1162.018132
1037.974529
976.802041
935.418878
1007.261545
907.589799
1043.341060
1030.022652
937.033544
846.653225
882.848846
957.831781
1009.785992
1002.026559
1156.912416
1193.773647
876.862222
1164.431559
1041.058644
1031.508057
1037.804915
1115.996448
1050.340456
1128.660722
1000.678666
992.326015
1084.627813
1057.518825
1027.014052
933.794647
1077.708739
1070.434353
1024.960895
1159.735223
757.522251
1057.800673
979.062472
931.290718
1117.433440
950.655379
882.483033
966.899477
1097.552413
906.036238
1143.285064
1023.687901
1113.986505
975.803461
934.320391
972.330122
909.284391
987.574275
1051.121171
1163.757438
1077.525774
1209.353230
1145.193767
917.308851
1112.406996
1004.719722
983.714540
950.018492
982.562927
819.886227
967.320631
1031.986398
895.056223
1027.840649
1090.471900
1065.176510
1117.969435
1018.210336
991.011023
952.030543
982.359678
907.591317
956.008821
1198.803420
1055.330128
922.259882
1110.498647
903.114349
1104.308679
957.930845
921.968089
1120.795721
999.439585
1095.397301
965.640584
1101.715390
946.732990
936.821679
978.492213
970.678300
1010.905570
1019.744775
1200.671026
885.980273
1040.588024
938.862606
965.882410
975.894255
938.267609
996.443367
1190.433950
1041.209022
774.022383
1026.121736
1022.292691
1150.537801
929.141929
1136.622476
968.747815
924.551793
1175.840025
1200.839953
1106.193876
1102.817986
1064.942614
1007.344235
1107.817781
1042.863961
856.131672
926.967639
1074.631669
1217.573189
1131.408715
926.133047
933.703430
876.355186
1171.959413
1063.966927
981.935880
972.726437
1010.792997
1008.550732
1054.916415
962.307254
912.693100
1033.057350
1010.972657
1023.592400
765.722052
987.342939
923.977677
932.680823
987.839910
977.164625
921.837094
1144.426887
936.714844
916.261136
950.347079
1140.302766
995.138039
928.103531
915.341783
1006.083284
1020.547751
792.663835
1085.854499
1146.254595
960.703752
944.364698
1120.061316
1165.413989
913.222581
1014.742750
1017.900134
1149.724536
887.104560
996.046661
987.067137
1180.773444
1002.937546
958.540104
1093.366502
907.822777
1052.988643
1039.403873
972.745235
1160.366494
988.103713
954.609334
1155.179876
917.075060
819.595464
853.137660
1105.390193
930.860912
994.171019
986.068379
1072.433095
955.012144
1117.726687
958.003817
998.005781
1073.796519
1050.357327
1017.802269
1099.660415
1031.022103