1209.434584
1139.291985
885.683269
1015.502536
1148.507536
1053.925106
635.819730
1126.459710
913.485912
572.035915
583.637524
999.667714
370.884546
1805.054902
538.790100
1429.472413
498.906493
613.586664
1058.244825
941.608379
1214.715630
1463.224057
993.441809
968.954756
204.620938
810.643425
874.194230
1438.296145
1531.885577
1047.059497
1820.091053
1238.658643
480.171624
552.575106
928.074920
1142.947510
613.131569
593.983622
1491.261846
416.739669
521.732285
769.672780
1567.436902
853.127356
40.901057
1070.665823
899.145669
1531.752994
1662.077317
2099.934238
562.339565
1541.551303
1598.851131
1172.282952
507.564122
1110.168974
1334.140911
300.203279
932.622874
1185.531899
1460.572512
845.820267
1367.610475
534.476570
1465.390435
780.127778
570.846614
872.281824
271.695113
767.054062
808.866322
1239.157335
1119.249631
996.298815
1335.300194
1157.676792
687.793515
687.457397
652.033700
853.211529
1406.692912
813.635049
449.896549
791.050406
985.258280
1131.049919
1987.473263
1489.854559
2047.486143
966.336912
1872.421290
938.405417
876.886514
359.428165
1142.799805
581.565919
1146.443551
535.910284
975.618369
282.692656
1384.022158
1670.229378
1341.561107
1581.417150
830.934337
1291.352252
1362.963138
713.553396
812.567037
1707.618023
530.158962
861.946561
134.164195
725.047621
808.591001
1254.858041
1478.684033
986.307513
1300.081893
1247.862747
899.509438
665.277925
1125.542090
1485.410447
855.705523
791.160664
1178.216941
1088.192369
1206.021923
1272.764729
542.261987
489.150134
1192.104419
1373.319958
735.840863
1589.285709
1468.258636
977.750773
1867.282052
1688.327487
944.629759
1738.468284
-65.977660
1208.559085
477.684791
963.797129
1054.330655
964.690336
553.979486
1164.733896
990.464293
1489.636528
783.103091
1061.076677
1031.363429
1188.358869
1036.009730
612.065533
1497.411924
702.578489
510.848672
236.938526
1418.472803
1424.336491
1214.488692
986.396940
678.055186
898.505754
1261.297205
846.588491
1292.730640
-343.383336
809.487963
691.707276
1344.919082
509.640204
816.448827
1360.279432
1901.684774
1161.204652
212.330301
223.372270
1307.004357
884.798448
588.735566
1329.840240
484.097768
682.252070
289.956088
877.239461
998.983021
444.807185
965.267012
252.066357
1312.995775
952.916327
2242.545189
1198.076454
1313.484596
848.885322
302.510622
1060.541439
1147.792478
1172.700083
812.610587
1061.155273
1279.205680
568.191906
622.617536
448.292123
986.702766
1067.549399
1168.407311
1207.112966
487.064579
530.271576
725.844697
1993.786336
1663.458868
1178.147372
1111.835271
1442.428114
1711.138931
557.643526
1214.469160
476.012803
1457.702351
867.200762
729.354349
948.726549
1015.778079
746.712828
-308.896914
1105.767002
1479.317483
1120.128082
1152.168156
507.672386
1289.475570
186.574005
1073.111445
471.630080
1759.434360
690.757978
563.264237
1157.613060
1439.859967
144.922392
681.962800
420.366020
639.171414
601.564210
1816.793339
1541.914121
1480.249567
1187.419319
1078.644873
832.543417
596.799290
1344.308733
1076.735740
991.417245
746.270782
736.100778
1167.874307
1443.395226
556.318889
1018.681846
874.260790
1245.166345
986.983178
1272.079398
1524.601047
1682.312648
2330.414778
995.243656
673.970434
859.104861
1382.847265
1505.550864
941.968987
1397.551425
1302.409123
536.450947
1081.363469
1417.581321
1331.992709
479.632466
1567.224761
578.862612
1099.287367
706.117012
819.023829
1440.487037
606.941187
1349.039060
489.754223
1677.402111
515.939419
1276.306796
1485.339113
1489.538497
1381.593859
56.863192
608.413802
659.874741
748.987310
513.969013
1236.064808
779.928216
355.580586
1255.211117
989.935681
417.229577
560.588653
1658.558174
539.684361
1486.646420
242.008599
611.183285
1645.035523
929.843986
1111.842173
1302.006491
593.471720
547.420520
1059.642762
191.608095
1568.822272
323.628253
785.405749
1253.293178
1749.918891
270.281159
1257.101323
617.667513
1609.995481
172.873420
737.648683
551.700714
1237.897789
955.613282
1064.983107
785.161613
1554.643831
716.988813
1087.325669
518.874608
1076.721973
523.410949
1776.021979
1661.996735
501.592880
641.542365
1365.061924
546.378468
779.835626
356.090291
675.860576
1584.940390
1404.089019
706.709574
717.527008
1515.079677
1220.244758
639.314585
592.632832
976.764225
-54.812147
919.805208
862.293691
1274.095888
932.192044
981.044719
951.011889
1116.402043
1219.342352
1794.543959
910.560105
724.605563
883.898249
1195.938151
2079.106223
867.316723
223.445540
348.053725
999.453719
1863.625721
896.423734
999.639967
361.234036
584.308099
1399.241639
523.456146
1594.496320
760.729560
642.660641
1989.918094
1641.121834
1497.147724
1889.503865
1047.287303
409.705290
1752.306369
676.793409
797.710805
1188.493977
954.816901
657.400411
998.844880
1674.538130
892.186280
665.602234
1018.783301
1578.117643
1035.219542
2069.736304
887.675579
780.167537
2053.947408
1688.046955
1099.954890
1038.692071
1720.591712
1573.803724
1782.132300
1426.576568
187.722326
405.297700
1334.519007
614.734918
1063.574538
1033.723655
912.572014
1696.055247
1517.793408
771.602024
1484.127365
820.166905
492.587000
1075.402844
356.613734
1196.841547
1022.927009
683.252650
1696.789159
176.639682
1799.000106
712.795561
922.424997
1538.962733
947.252346
229.856903
2286.409859
1258.967292
1122.048150
1269.418777
789.365893
1403.039646
1536.215060
585.876155
517.774549
868.885364
442.575105
1248.033090
1719.156922
865.565721
1210.699860
2047.725306
810.727749
445.273782
890.308117
1437.365687
289.085631
90.093921
312.591463
1037.535122
1072.258081
535.677024
1208.852573
610.954821
1109.644419
1447.167775
-87.754125
2336.928037
1249.542620
643.181165
153.823078
1155.482232
1683.846629
1620.289652
776.789016
640.496446
956.067856
712.225682
1320.370963
1201.491520
480.278378
1159.086172
1480.448301
1297.638876
790.906183
337.977872
631.250387
1297.740860
1420.315514
1082.557895
1158.256952
345.393244
977.096627
1289.285100
423.188281
1215.898474
1394.813171
1060.814874
890.413855
987.367464
1233.936707
542.120258
565.723508
1139.606499
1139.601554
1333.631150
1834.415618
1061.337893
998.164332
973.973292
625.801224
731.175414
1373.082210
1247.439082
1652.039647
1316.979893
1349.907389
777.088710
1988.629867
1320.871096
1363.493304
836.734396
867.364140
267.532155
1128.188202
126.773311
1549.128529
1132.263575
564.966797
743.626663
1485.784393
772.594136
744.002629
661.471535
1457.771379
1203.606879
352.510603
416.663412
1127.310653
1268.104227
1366.824574
1496.271445
1350.600804
664.730779
739.586331
641.800831
2064.832819
1222.000374
1004.577046
1202.717855
1090.751461
310.989938
1781.212504
744.149259
770.718187
1829.715737
1043.371583
702.564299
655.626216
1164.740934
327.255579
359.897474
1239.472054
1127.517740
1209.682029
1614.462751
1606.006086
1263.930004
1093.198577
1323.120851
308.275737
322.005993
1285.112744
720.381978
531.889855
418.433680
982.035960
1151.386899
1278.237944
1569.549835
1494.045054
961.242701
1829.534362
726.486668
1158.038743
1050.941065
1375.233273
1326.927274
786.946792
1493.278662
1419.959965
575.152908
1311.797529
1146.846387
1043.729082
1250.781930
629.493637
1723.598370
1294.166446
1239.058250
877.704922
1221.077694
1341.317270
1278.286448
299.288911
1231.637158
1304.777743
612.593856
1351.394476
572.995180
631.159658
580.973280
1293.560798
828.038685
591.976233
1514.958015
1336.447708
1205.253845
813.644945
1261.758269
1824.271368
1245.145208
600.879964
1135.380905
385.194855
955.302416
338.847382
614.614707
1141.243125
59.583579
415.554415
879.882868
867.076057
1327.919381
1077.199410
1689.544618
1170.366855
1447.554410
874.842665
1444.974660
602.328852
471.370644
894.824503
1261.969841
1264.452767
1810.885068
1645.817213
1387.287800
782.007189
1559.436084
919.856153
648.331604
2121.683493
953.101228
1154.795134
966.091816
1658.100634
505.857350
777.117403
963.491483
400.393860
793.341478
1468.851877
753.663696
872.742871
1285.575166
1240.887284
1094.328206
1028.392761
537.917243
740.507970
886.902828
736.781430
870.076873
566.876340
620.020881
1345.479945
664.940367
1509.506736
1040.930616
1489.552525
1083.123284
667.820423
1440.582741
693.113516
1313.346105
542.539244
1326.935830
1577.315430
1336.048135
1554.429809
1525.571302
763.759499
1391.600919
1676.517991
1381.709823
685.815488
758.139629
489.647648
1150.500443
1269.011295
1187.305139
1326.520078
1020.177073
1189.056795
829.031987
918.042831
1256.284035
203.088824
1502.214480
300.176406
1108.589340
1671.469499
569.205976
811.844790
981.436537
1089.734869
-87.384270
880.669632
1194.625254
727.550827
470.323030
563.781445
1106.148100
1090.492765
1369.732330
1180.044177
528.700546
-447.288342
991.137614
538.845184
776.112847
1015.041588
323.110633
1207.953956
1131.754040
466.069818
1541.808856
1531.560291
1261.589857
1347.764518
862.844507
1055.062791
823.908309
-419.326276
1237.074214
1020.270331
881.436713
1553.100025
606.012211
842.502903
1241.903831
1512.500119
1484.225831
1044.953163
1043.139508
1102.236835
377.152990
1336.408077
683.623310
1318.526986
1092.738754
1396.299790
1224.540320
444.400440
814.439992
993.985086
970.973633
1115.132827
1485.262505
204.704716
726.858962
843.663548
1524.418337
1150.440644
1264.983082
1876.843462
1250.696513
1311.817960
1610.061254
446.030823
255.095956
1443.221447
1513.709054
727.807944
1116.968651
660.952605
1357.966758
1383.301003
855.275257
181.094573
329.008613
2182.439568
1275.023007
2606.004646
514.696038
388.684746
1318.690585
703.230196
411.271629
565.343088
1198.169969
1481.092410
545.489605
1928.901992
1195.149230
1010.068178
515.885172
839.569945
602.468965
1995.721141
622.102873
1171.820289
1045.830670
1880.009774
615.698095
1505.169332
1028.819254
1565.654443
1353.138944
1034.239670
1404.727757
374.069816
1013.348228
101.269215
992.931230
264.517921
585.316566
1410.690154
1174.372234
509.294549
884.525654
681.687745
1368.999827
1058.317317
1110.092049
1119.840258
1205.139730
256.480760
607.718051
346.855610
737.912532
274.094227
987.534522
1042.589357
892.429905
1412.315938
1548.029221
921.837856
1285.893416
1594.877392
411.251960
549.154756
1142.750955
585.878620
592.867607
1542.536180
1178.598499
1544.418449
987.339802
1042.320485
1309.598535
1444.106111
884.760014
959.536479
985.063259
1131.493846
1103.197855
1859.286086
1138.143375
1596.396803
2211.574032
263.755550
691.690391
1612.660287
899.600598
1327.810180
1407.521961
1012.669138
1139.471515
1362.221711
1625.236425
620.044786
962.474456
1054.330097
319.660047
998.197624
1467.103983
1459.039703
195.589008
1266.781792
1146.239470
1173.286152
751.018218
562.284978
836.469949
1600.924967
1367.333819
830.696093
679.188648
783.437492
1356.954105
479.693031
668.717991
501.587228
909.714939
1671.127497
584.731363
425.279684
1274.697506
1501.913646
802.033141
818.836322
912.655832
775.869361
728.280623
1137.681650
1229.489839
1287.574625
-385.867811
1174.175180
712.131307
774.415477
1096.341590
1269.513208
-293.879452
1035.324103
1085.863529
839.201519
1278.958385
1141.281360
1588.971616
1036.687504
1089.174851
1549.284977
708.392441
1047.753990
88.295931
965.021374
1222.686265
1497.122141
533.951962
1028.091764
453.877853
1247.841385
1161.809646
774.856045
1473.922985
217.897720
571.063045
494.790895
657.772251
998.826365
1271.677143
1139.542440
887.252697
1179.168360
668.718148
1335.786345
1552.054156
560.465906
1109.862524
349.962673
809.796211
301.303880
840.590972
857.138439
1623.666027
665.780316
1317.808323
1088.646311
1846.042984
568.174676
975.752291
628.037643
1219.404285
263.519013
898.084740
393.797936
1118.990386
2113.972644
1757.701950
759.749635