-237.901381
905.165319
1283.177744
958.972416
800.004311
853.725982
1097.014457
204.209567
1276.067893
1125.554788
762.430253
1066.889841
837.519087
1653.075320
509.710739
906.464241
941.785093
1278.639292
1311.086912
446.801592
874.962034
632.090741
577.706241
1257.761440
730.687561
1062.267782
1439.405820
571.541616
731.786995
914.530079
739.097829
1195.533306
1140.823635
1120.268914
851.415185
327.284994
998.000191
821.890203
803.328406
1452.709548
1220.839029
1403.475408
867.610707
1145.711228
497.501278
780.965942
1602.259415
713.245091
470.385427
1204.339762
757.854433
1475.654961
1163.770462
1459.825337
259.087911
1040.188751
517.907313
963.676977
846.050003
771.602999
973.767706
535.133229
1039.868958
1320.394352
868.784149
209.040961
775.743281
1469.130230
1486.590373
581.633069
1007.643924
695.480157
1394.162083
1619.958817
1727.888588
956.978181
742.643391
498.515896
1222.932450
996.508188
1271.820492
1290.639520
958.383598
1281.202611
1468.204651
1620.707801
1941.770433
613.528229
1190.180814
815.215046
992.593019
1116.633562
1429.140940
1138.210187
690.299142
932.284821
614.139767
1009.479973
1418.025326
865.734187
1204.984213
336.956012
1201.686483
235.118039
1102.565967
1397.618817
1093.696193
1123.265814
771.428689
247.056724
1645.050410
1714.714498
1205.051831
1609.540785
1366.096896
1173.180756
1204.120969
614.319090
1461.158367
1042.246595
971.598002
718.807462
935.845331
1174.325245
859.003557
1338.930046
1292.172160
320.836225
1007.059073
312.148858
1259.230079
1530.828043
770.478268
1538.087885
793.166356
1168.641662
779.853295
573.785429
1004.990739
1171.495985
1584.704386
391.198055
276.626507
1669.613927
1135.547101
570.937773
1123.730365
766.262574
663.976616
846.702572
929.707511
713.583090
1151.946980
726.594847
1581.977328
815.306199
608.386002
400.525210
549.188491
1827.856016
831.541832
712.789708
761.216169
917.932999
1248.670227
794.190104
1109.152760
508.204836
1194.714164
1370.766392
1323.175930
1006.941233
1026.080604
505.324434
1269.344706
684.396832
1171.459245
1180.631090
1487.348554
868.362031
566.862220
1292.186199
531.113899
908.318342
849.953099
893.886247
1529.359934
1154.870290
1338.393681
589.218571
1009.783525
697.357163
1077.243665
872.577115
615.415003
1069.974421
1794.480512
573.868027
719.182409
262.672987
1221.807027
1076.990287
337.800855
1536.980155
893.286528
861.327093
514.868404
810.600956
1249.440339
634.557517
496.233314
1112.423115
1144.603999
1289.232931
1223.538828
909.258603
1470.629915
1036.744254
1638.238256
1010.398277
718.886907
147.307840
1629.491193
560.867224
1134.891325
785.540488
1725.840814
503.268661
1090.072779
867.529487
1164.947619
1219.988708
1364.453000
1349.863067
737.209510
1307.444261
2211.208635
913.878061
941.860667
580.479266
1122.442711
213.288236
862.128840
1161.313863
1233.079735
1440.334709
1225.680714
1441.588279
800.283714
908.962132
599.701368
1287.163753
1073.734112
988.810295
524.200708
1078.016790
1193.202554
1373.858481
1089.024117
1312.266825
411.068797
820.908507
1111.919599
1300.883498
1066.605140
1728.036674
1167.163884
969.660372
927.980519
914.959173
1157.418021
501.743738
1979.088059
544.998301
1850.879484
492.095420
346.111486
963.020988
1506.458037
785.471973
585.183959
600.147594
838.345311
1246.853874
719.474568
1271.566509
627.798471
1424.946434
1222.686212
1124.289168
724.264418
1541.809764
1446.623194
1660.018248
1134.757545
797.935718
701.966732
1015.885795
1870.091707
1224.610905
817.784060
998.466846
1180.439450
1669.394056
797.667875
529.311905
1643.091498
1566.517083
1358.068215
985.294964
1087.282259
476.014768
1671.434257
1288.450904
801.568945
768.041764
993.103443
961.658020
1053.394457
1246.134033
710.041089
610.356453
305.357765
814.040709
586.461109
861.334468
903.521536
445.853030
1057.606303
1255.799972
194.030920
639.766840
1530.772156
1720.464262
1107.141007
1331.707232
1173.566433
1620.963346
1057.561408
1687.101730
1357.171709
1511.347458
1140.129167
1136.072024
1455.309406
1349.787774
543.948146
813.764481
869.425392
1324.721557
950.785594
778.269776
653.921014
1380.860224
1420.273625
1835.849676
1472.435278
620.900258
994.014457
1304.417963
1718.752925
1030.864904
1185.338860
1540.510886
950.743413
958.564414
1415.921354
1284.355769
656.809496
1157.119481
1621.798329
1307.280516
1046.874290
603.038064
813.210558
397.157726
630.295716
1410.018168
622.776722
729.795427
1495.270026
1629.335282
1856.934031
1137.406879
1120.723456
987.244527
881.870016
1008.731831
1675.771733
703.008623
1238.101227
1054.864005
1320.178424
1225.700177
1080.663470
1277.719141
1706.895662
1522.469301
1553.695202
674.150285
875.461741
511.995443
720.180080
932.063067
1144.690948
1775.115947
1385.391283
863.011262
506.226470
1226.494820
1379.466435
1992.269597
989.986322
1157.066928
965.501692
1279.722632
906.666863
970.949326
991.204925
1328.607378
965.688226
1033.952187
1306.331725
941.399156
968.451666
1046.345819
1263.077476
1448.913288
661.013297
785.563400
894.676928
930.509737
1020.767780
689.126049
756.562218
1213.620544
1945.749039
1377.757758
1647.303105
1168.202897
796.486609
269.610798
462.251981
817.649748
944.015008
1196.490972
1349.950910
761.130227
1392.645407
792.996847
1395.269344
365.498572
974.362179
1089.148988
1695.031975
901.139638
564.673128
1114.450913
1251.887997
815.809209
891.411945
1472.018225
1724.411291
1359.511035
1200.533851
913.759933
600.336446
932.444038
304.008283
1046.579651
1418.115057
947.030495
1436.483447
1470.323529
986.936824
941.449056
1470.772626
771.433608
950.537602
1401.966736
1216.729587
1371.109637
1126.727729
986.527375
639.799547
842.890292
876.705949
1810.193260
396.284715
867.307319
-143.881506
594.577958
1093.127295
1078.913934
599.169051
982.256739
1657.720495
886.141343
1304.852679
1896.963980
344.082472
991.721612
1101.699592
1030.872915
1076.257742
590.724186
1116.337939
1359.864087
1451.248399
407.476840
1868.024912
956.273092
1845.837089
775.648793
927.713462
738.834309
547.420697
743.510584
823.942401
1258.194734
1773.426070
1264.165093
1512.699943
1334.724872
1198.042772
514.936786
1069.977867
710.456422
958.524349
1328.794995
1337.752966
446.150877
600.845557
1583.414316
1055.669996
811.355414
1243.306923
836.957533
589.965099
694.168819
1049.873315
442.163916
1438.502669
1133.364824
776.494006
688.447155
1263.309488
892.350880
971.177298
728.795123
907.473785
1412.549682
1131.066118
1483.627391
859.295981
1438.938653
711.367385
683.366818
389.694938
1548.050778
1339.186224
507.665266
1950.205454
1386.016823
1047.795553
1079.112766
836.494481
1206.301004
1060.988668
1230.964599
1020.512731
1550.086068
1232.950790
984.883677
1143.426548
1032.728048
1139.721236
519.127020
1232.238778
1243.601484
422.896524
911.960415
944.007351
1267.588052
1290.436778
2014.291232
973.076864
930.244790
1194.742649
1520.635942
640.188712
867.490603
652.364262
1218.618625
836.088269
678.323033
964.153232
709.513292
1364.983018
1124.233107
631.243205
522.305892
729.367855
1346.977037
993.634745
492.603213
810.211884
690.547461
808.078834
1382.701822
876.279023
616.338818
898.283528
1329.189358
1071.982253
1084.515018
202.050530
1826.807133
606.024302
1260.664016
448.931722
1270.856319
1115.535262
1017.233814
1628.402564
464.679359
1000.361639
1166.494008
1468.194089
1245.093463
733.842432
1043.085197
1321.079217
534.650301
1091.382204
565.934832
1686.617492
792.055987
111.562984
1030.412303
455.677081
747.189766
1298.733850
1547.544964
505.266140
736.431277
1122.281275
1303.268997
821.681340
648.777572
1362.098192
1757.825141
1010.292996
1518.113256
765.499488
1251.996710
861.023275
370.419639
941.171099
1856.195141
377.309762
872.731839
1207.482598
1198.128062
1471.465562
805.600413
556.443117
841.606480
669.836641
1356.123669
1093.864859
763.693405
547.830063
1385.339271
1084.533437
1375.580362
1020.611029
897.502951
1427.818545
1450.967114
1197.448388
827.516939
464.192094
840.514861
961.681262
1086.650584
1447.360384
1531.339720
1091.195254
1350.720966
980.890313
812.293488
596.275920
595.666129
1509.901027
860.631333
1672.175909
1340.698992
1181.893323
1292.079217
740.683193
1082.567948
1128.848068
1065.316381
1117.936977
1300.865360
1538.655532
1210.952003
858.892110
1243.895086
684.919958
497.399307
1484.011262
697.125116
879.796739
1310.620634
1278.895131
239.078695
429.244618
1246.316487
505.055461
913.004620
685.722095
851.770991
1332.236862
1554.589959
712.892073
1257.646770
1421.310624
1176.167117
495.400693
13.857295
2029.714234
1182.785547
989.505476
729.618950
1349.323009
688.604639
1128.024004
869.219180
1051.481847
719.129980
881.060610
633.174414
1232.819249
1549.738599
880.150402
818.897414
441.488391
1393.249763
1080.654646
1242.091163
827.505428
1231.091692
1270.177975
963.435800
1017.994904
924.862793
656.589796
861.822097
884.922124
559.362162
767.025779
1489.292846
1491.855658
898.062845
829.872656
1170.098776
848.502685
935.131920
633.943164
1123.835574
1025.229024
1560.125876
1109.279202
1044.623333
544.651894
543.303398
491.459023
485.667695
1327.389846
1256.710448
560.175150
1085.230432
936.396444
1267.164492
571.371711
981.283680
748.701132
927.352634
1019.666565
814.609469
1224.764704
1059.610096
677.808336
432.919916
1046.211288
951.142463
884.124587
1728.002511
920.922513
697.930320
1015.620721
1294.587437
1355.841683
763.845900
1277.389795
514.318609
580.808534
915.799969
556.525660
1888.210097
1720.698420
1352.631340
854.960963
1104.382131
895.104795
926.876700
1004.482292
1455.898371
1734.458749
648.517613
1246.051029
1003.403274
1596.977006
1777.706589
1162.870508
876.417315
968.096240
1447.418133
1011.374323
1594.679642
1600.301957
469.165320
1424.072725
593.281062
1007.065314
1090.277328
490.486288
1309.296064
1313.087347
1692.893133
1411.525326
669.555062
1290.041763
687.314926
1096.154273
1338.373656
475.302936
970.592607
947.818295
1632.147544
1925.882772
823.351069
663.444695
328.843823
1598.140007
400.632379
1368.769552
714.830933
2000.808963
1457.284318
997.288409
1366.477543
941.516930
951.917601
814.784608
1314.937715
1791.784377
1538.467383
1369.464499
1119.879043
1238.574293
544.898112
1711.385862
1206.940379
1145.394392
1489.829848
360.593686
1253.900768
679.278753
1163.186669
1263.283064
748.502786
1087.979367
1028.313368
641.248453
1425.203492
206.566641
620.002691
916.614927
1255.084722
1755.920790
1355.946621
671.223843
608.587397
1041.653547
926.626606
1186.200335
816.673875
1394.800461
993.274779
1414.382841
1299.145446
612.486142
1383.551435
1415.796861
939.832292
721.116339
1037.319741
1153.203570
313.912034
1700.618753
307.348534
703.182030
46.343410
1136.180713
1421.424561
1070.158710
1227.676040
1530.446875
488.356571
861.473006
1159.116325
738.518120
927.663014
637.524841
1728.737737
1115.816437
855.749458
1165.926861
918.549790
238.529313
695.642901
1208.992616
1785.855171
334.697084
1346.330125
723.044235
1016.337313
1226.352435
802.763863
938.461174
558.223949
604.759336
1241.312306
619.667620
1174.122273
1044.101479
1233.623216
1259.744773
995.218798
1089.362779
732.677821
1148.877448
852.941223
39.561324
863.239316
922.453539
970.628394
1377.548170
990.371180
1291.501554
530.319481
954.604893
1205.160980
547.911631
1685.948033
596.880627
699.886206
1005.380937
643.091489
1095.017720
1336.795982
1011.754992
470.172637
884.166605
1181.550623
1432.882256
1265.562100
1886.046077
1294.078426
412.285736
1183.777245
1347.980093
652.551276
566.260322
1424.876951
1504.159669
763.415440
1501.478240
1417.520195
1424.554053
641.819003
535.722843
1282.907843
1360.436976
732.080412
957.399459
933.933058