865.070375
1151.697714
1531.513796
1323.152359
392.850058
582.913546
-422.245022
900.298206
1870.418563
1385.014051
1339.397765
1611.147457
1974.779697
1046.826527
1262.704492
1365.588215
773.463563
901.599896
1587.049365
1353.680895
845.796449
321.830376
116.420814
1387.761214
924.797350
1238.974504
822.732146
868.896059
741.217337
1133.273023
1593.101856
876.640996
1143.313838
824.022621
584.026918
1396.231107
1418.430754
1458.342834
551.291877
1071.890584
659.198963
550.314410
901.403672
956.968091
-209.906396
1415.861113
1452.774627
256.776534
785.989168
943.629352
1751.972182
1253.830876
743.405570
1116.930934
959.731872
1930.015142
992.819403
1744.945939
1557.910899
761.334898
717.588652
498.833531
141.478452
1185.022385
686.846210
1079.819995
735.316382
1133.517826
1191.979915
1027.500654
884.963560
1345.780554
1155.166996
1003.319090
1257.790641
610.485519
1010.815537
643.336296
1080.765017
1064.461700
726.813293
1473.099378
1136.514578
611.740129
1947.189307
199.321756
292.107238
844.656195
1614.748640
390.996878
1331.860165
1075.141026
1468.905130
1145.085722
1081.108711
790.840894
146.136416
892.442000
608.600587
869.844153
1203.328328
933.529166
1171.476068
750.878889
240.595834
973.749375
1248.859077
865.649273
991.230892
1031.492670
1051.496369
961.615843
1261.638205
807.795346
1260.157081
1688.997275
1653.485594
998.314953
-91.520782
667.115529
1905.749111
1145.531477
1011.798510
1459.240366
635.803449
1180.443137
1351.683903
787.271765
1846.904574
1106.103698
1217.957922
1011.328871
846.730476
918.372714
818.168144
311.624062
694.219497
1818.972992
893.741798
791.577163
939.681219
608.288621
636.251221
622.456597
652.280423
1317.308150
1230.162184
456.146188
1885.480511
1373.385887
1519.542630
784.572522
1386.908118
1.367520
916.883755
110.615180
809.814864
825.125969
615.150738
1042.379818
1015.550345
1029.379466
1075.124226
15.385351
826.714288
1511.527876
1407.518757
1582.972541
1321.012480
1402.198816
1497.658906
1387.134437
963.072991
1179.306604
735.736133
765.485483
707.207726
1529.794502
763.888230
752.108217
1284.809496
899.919738
682.356600
1078.120994
759.114133
891.769190
891.971957
1329.258680
1644.415164
879.460946
1286.552427
1085.401623
913.886061
1032.359377
1595.158364
1048.207561
980.468443
1313.054150
970.756588
1188.794798
1095.805625
758.602032
441.270611
1625.293948
1010.956250
842.706061
1209.443228
1554.054774
1550.532648
641.621116
543.882250
940.434383
1383.577222
1091.437268
1914.313212
594.483412
1094.651925
1604.004308
734.007937
1282.762733
752.898946
1235.289187
1001.333941
904.190111
1418.528471
911.477974
1850.549697
1216.949405
1333.738253
1204.786036
324.355642
1163.124059
1026.982959
1850.033474
642.884995
1230.769081
930.666442
709.391271
898.933094
1019.634133
1207.304031
832.680648
457.826475
1489.982759
1191.960488
1211.644701
1270.296480
563.367207
298.766495
1054.486809
785.338686
604.392817
664.384838
961.216276
933.223183
1289.752907
1387.530810
1049.565887
1064.547991
1241.369528
978.630329
1130.142977
1243.633211
496.241479
1480.298806
1084.482516
1101.892087
1130.968234
1428.452993
435.817765
824.313260
667.896574
857.003727
1163.225911
874.201306
447.557863
1356.936228
1258.982305
1409.048625
1533.920989
769.836977
1511.973908
1043.490075
1110.433956
1884.803170
796.523967
772.605332
957.738630
710.106557
980.449747
1101.603295
1156.425575
1587.733755
936.036995
1183.099043
767.759860
460.000021
709.539083
1181.458602
1014.902534
497.950595
1272.946973
951.413697
1273.575099
1272.219411
1657.408009
1330.143014
1263.142210
1290.677563
1281.536284
1310.899817
794.757363
738.013569
848.348143
997.226717
1074.071175
851.703041
1142.530495
1238.532825
820.789678
1148.521009
508.826458
1870.454289
1211.507175
624.901075
924.034185
534.578230
1069.362723
475.451983
1738.425830
619.514655
1215.631755
1713.196630
995.536926
1617.706994
1661.282982
605.492192
582.915771
454.326950
1026.291686
886.095243
476.301712
814.181734
750.312004
1255.728649
956.620667
134.299102
1691.011657
1165.127472
804.922540
925.430694
818.626316
1520.170639
1706.845027
662.405996
753.643408
979.692968
456.787723
664.458683
1531.579861
273.476730
731.594874
1397.380461
412.206468
1248.415605
1156.779633
217.524214
360.608977
1200.757110
1172.986133
913.954990
930.991713
1511.322053
1493.958900
875.213452
487.974247
1475.253798
1592.131593
441.481705
949.815723
1472.106141
1120.289376
1803.255590
383.985949
1422.336972
1034.190978
1354.530921
732.508627
986.366165
1068.421284
746.979515
1251.128234
1695.109444
1143.761856
1044.157739
-511.917858
1310.199968
567.990777
693.957929
1385.231254
726.925464
1028.818191
1081.443210
796.476443
1507.805044
806.320660
684.502670
345.543377
1084.309720
1412.928715
887.209820
1196.151380
1007.004922
1426.324577
484.851010
1281.272999
1086.432353
1255.408895
513.259152
491.105438
1280.213751
1068.665007
1137.421666
1467.161806
844.054401
1519.128805
1168.026202
923.617816
995.021174
1207.089824
1659.846217
1050.443004
1146.568335
837.570841
1003.159113
1429.185296
1476.160736
1239.830655
726.713878
1586.740377
1513.670241
1052.124737
963.619633
1346.506819
1529.388029
695.601227
563.237132
1704.330235
716.218938
303.680369
1320.572179
896.601348
1083.390786
1114.215454
1019.472520
260.206938
1100.319702
593.993571
678.936927
718.027648
1150.659728
729.183809
1360.188624
961.168196
935.876905
1398.263414
913.966070
847.967263
545.274245
810.276990
850.421660
840.823124
1614.757839
926.311331
273.585860
869.250553
1788.215570
1185.226982
919.927290
1064.750861
1223.454528
1085.062904
1280.843023
943.351472
1615.027243
587.031271
1243.617424
968.513551
1125.056268
985.497222
820.989531
992.765762
843.334418
831.974245
678.787678
1382.813464
664.105276
318.507356
1091.820276
1052.111865
877.212086
558.714768
615.597184
1107.218741
1264.653308
38.675706
1386.035664
930.638536
415.363301
507.310526
995.336379
572.885749
1477.921341
1210.708113
1340.742648
1622.791047
1525.514961
421.573504
1077.945996
714.673503
1000.352974
1079.506130
1279.866420
991.853936
950.254869
564.262316
901.024754
1106.561827
1068.369111
627.707830
1086.182482
1336.846639
1236.267387
647.939205
-106.767032
1234.932059
1312.882492
802.067377
755.040979
673.997180
941.486340
520.282613
426.667421
699.587636
1284.979626
981.449646
362.036484
724.578620
1534.204687
922.506089
576.235983
584.150879
999.563117
259.223429
1038.125263
616.062749
918.977585
1791.184299
1221.715928
1439.561648
1359.713793
1550.049737
1253.056023
771.543545
398.016230
1705.793112
973.426466
893.560409
1184.456280
1081.164011
1388.098600
704.660993
441.447815
-31.039416
786.391274
574.939988
979.725014
1088.594561
882.945306
1002.216701
691.111334
636.261004
599.895069
1529.702977
965.751681
1278.440446
1041.262256
815.035047
476.077331
817.353821
1134.992783
1174.356858
827.883403
1018.176087
491.748084
405.019493
446.996220
992.194705
900.186901
1046.475886
1767.297449
1127.779004
760.364079
491.622119
1134.375599
1149.596500
1470.739159
1176.928708
1137.202483
1541.258311
962.735409
1081.213405
1609.793466
824.795646
862.874141
296.429014
663.165426
1185.592572
923.904830
342.945902
590.693377
864.875913
1092.199606
985.748483
1154.945401
1297.877220
929.823115
373.454479
923.998359
1125.573525
763.501411
1333.881473
1006.936016
535.686928
1112.658465
186.938237
1256.096515
1254.235918
1095.020193
1082.776064
1374.434789
656.353142
1181.812183
1333.972406
1288.547897
1102.789325
1319.224291
446.809226
998.790876
758.577977
416.867847
1040.606087
1054.030924
979.110216
966.379269
905.528763
1095.165907
1029.564323
723.551279
785.735804
852.174268
140.951886
860.440314
1539.907444
1539.528897
1026.633981
1341.389503
1829.659944
1141.210650
808.037967
1186.169362
832.610076
1286.579044
412.416647
304.616160
1091.710740
964.605471
1370.675482
1128.555900
1020.698632
516.760175
778.619483
1752.355290
871.110979
891.684459
543.436074
1502.706988
581.619783
1114.823879
1634.733787
380.794962
1188.303027
878.688333
1520.084674
280.842568
1489.056003
1433.596499
1567.576305
435.068314
1436.603159
1053.640517
1364.236139
537.112817
1463.239496
1359.948200
1121.111629
1857.532302
1571.023107
813.916346
1103.899081
1366.064324
1083.275422
604.072137
1319.945279
1038.742225
417.603025
814.004906
1235.798702
793.057696
1001.610607
1396.638432
570.124346
1616.094307
833.014308
807.085697
-277.796341
1259.460091
720.922317
211.347224
1250.241011
536.927815
944.832735
1143.787806
932.458932
1386.208024
987.547702
367.730939
795.218054
1535.265765
1305.104450
905.416249
414.698168
1015.660429
1613.648458
1138.795938
863.613879
1033.511944
1125.058881
1776.383314
540.312750
1109.280044
1848.519672
802.917164
720.954183
963.117369
352.681287
1216.432751
855.577925
1274.305871
443.841082
653.061095
1139.870705
1617.210231
300.468090
1345.778154
403.292333
1216.382732
602.938576
790.153639
845.212326
520.638491
1096.648497
2115.575581
201.684521
693.248102
417.399732
1176.313909
762.109488
691.036375
890.554564
868.718883
1152.850256
702.459507
-38.066534
1606.080309
1566.897238
692.861037
979.703577
633.612296
1316.827204
723.249231
998.005501
1258.274071
801.638985
1046.531498
1977.362177
350.255370
1281.730075
1094.173749
1005.036462
588.879507
1128.331420
721.267233
1398.443803
748.112673
714.927816
1444.192636
706.165564
1094.424878
1631.453571
902.586074
828.064398
1731.333849
517.833026
923.510816
1190.135375
976.005426
978.484204
1126.783012
1208.539184
1248.849463
1104.844069
1154.485450
763.794565
1185.411049
1202.534320
1262.459999
586.306953
1053.365961
1013.697953
655.187769
871.866125
970.727143
896.037908
754.738546
945.010951
1435.595047
-252.166123
1203.363150
226.835152
1125.304621
797.138252
707.761121
781.041672
1243.377331
815.759307
919.278736
651.129328
1109.409935
1187.337545
727.003233
678.437125
876.266973
595.550382
1252.358229
1191.517529
2049.692708
1101.927111
1263.777318
739.766216
1162.737433
720.566621
1052.161178
544.226851
1289.175273
1509.036999
837.711516
342.359321
1471.152717
1306.510734
1138.339414
9.276551
952.375743
769.031419
714.449421
762.172478
1041.972634
1181.017702
946.638765
999.066410
504.343089
977.447621
1072.093097
2234.534191
910.249428
1797.880640
527.348027
1019.257571
1576.336635
988.636379
1094.633080
1853.175450
628.695436
780.540268
1234.512441
1640.710139
1164.588528
1206.581304
1242.387457
970.686827
736.897687
748.966755
865.577325
1190.615606
1421.344956
1209.029988
1421.455728
1221.248207
1126.725663
918.649827
1039.781506
865.771955
1521.970327
646.074698
1365.750643
646.031425
1480.383579
1022.592583
597.744743
1342.376452
832.025090
1820.445156
1318.660785
1319.436280
1576.719761
852.990296
786.852853
576.566421
997.100718
1146.042603
966.873236
1134.861393
845.949689
1487.747261
1719.384624
1540.832325
1402.351690
1092.195374
1819.987294
1393.822929
683.234493
471.290149
853.590000
594.179510
1645.236158
967.098273
1195.060737
117.177269
1339.868373
963.278199
1128.697649
965.348035
800.262970
1121.252194
253.437745
1135.835116
137.981239
1817.208690
935.527633
750.936537
1555.239844
1136.684229
1473.385388
1797.637369
1527.067200
756.783424
817.756290
1064.750773
1144.299412
1219.650049
759.428703
1045.511576
128.235527
1034.954443
1043.901827
672.395493
668.195972
1453.596300
1076.966505
936.321238
779.299947
849.465203
397.758037
1128.869954
532.528570
1166.830594
701.185609
950.482754
1024.100605
562.749122
1339.581412
2229.500434
1058.556216
412.333737
1143.092500
1464.876884
1526.617706
1152.599349
646.127892
1010.116940