509.754172
742.942149
1014.625502
1621.312624
1398.839969
1188.724721
998.516086
966.020328
812.861798
684.317381
1194.060274
1369.895120
381.428181
778.759708
846.771332
749.243031
890.397398
1396.679425
855.497337
1234.868965
465.962837
889.800975
1134.544542
1074.532623
823.812861
929.760725
1058.243406
1389.813383
1213.263573
820.770249
684.798171
1125.746680
1393.754616
1509.755403
951.157087
1260.898869
943.530022
802.379094
618.078532
1183.633638
887.439968
299.838242
841.316136
574.203852
422.484142
826.706227
768.319765
818.472457
853.007708
967.020672
784.145606
1081.438229
953.601145
977.035629
734.311683
1206.725122
1208.165093
983.880232
1122.432766
1264.357809
887.976312
1349.228633
1079.583291
773.691528
1610.943020
1115.421063
975.051882
1027.470738
1389.601689
1182.394369
620.063186
1478.663988
710.707096
1256.534384
998.938164
793.769485
1475.243559
1276.316200
829.963017
366.133314
988.852659
507.568872
684.159305
978.997733
1178.613231
1254.862269
1067.727688
770.458568
1271.066709
1213.554223
1020.632878
1123.925411
1117.459895
1140.612228
840.314404
991.984678
1190.355163
708.974199
1239.086056
1427.265302
1194.011864
995.161367
1054.270914
359.374591
776.980695
1071.620950
754.843031
1370.624389
1193.783913
1033.772324
1169.525526
771.655204
463.989401
626.822262
732.120509
1163.929329
737.317442
1142.728297
1010.642041
987.502885
967.075837
1114.113187
1175.894246
802.007995
653.143644
356.295576
779.027046
817.564393
940.992798
922.207520
1085.331978
903.946698
702.476351
513.454426
1179.289845
682.408589
741.396557
927.827058
939.305128
657.282879
955.606681
1085.534103
1015.707736
1186.791749
939.974250
1324.779546
1215.253152
1311.119811
1081.173106
1449.015062
955.850996
1089.592670
1018.914317
1173.072098
1336.494184
1158.684645
857.497842
698.985318
1182.314626
940.716061
894.717649
1389.822237
791.257792
749.174674
730.503916
532.509723
1049.943994
1393.665614
719.134820
899.402650
1093.759237
1496.103392
746.235629
879.763698
1333.008700
789.748817
1066.262222
1349.698195
1208.482138
863.437039
888.130350
1592.858692
686.189313
442.809000
852.179151
860.724562
903.105358
734.976722
753.918104
805.820410
279.318586
816.660999
1193.977682
982.663250
693.268184
1275.905130
1003.491872
847.449828
1187.751086
1164.905058
1094.430104
1489.418711
747.783860
855.803918
1595.285991
1539.134650
904.697363
1086.226677
1076.291700
666.617209
877.087219
1444.932461
811.627492
861.665197
826.047611
990.260545
1291.808532
834.813620
1125.081668
1015.922039
900.119549
1059.283476
841.236575
1062.488937
1017.401367
1194.645966
1215.826334
985.082456
1251.563416
1094.274514
980.006840
896.548904
766.273320
1308.566857
1036.681176
937.906327
1333.893756
899.148471
1123.527965
1069.448836
776.607118
992.222866
372.740004
1075.616646
1681.267928
1151.704565
1102.337873
1183.832137
748.016772
1254.260593
1029.102563
992.901076
1191.426615
891.253540
1072.778591
854.702159
1155.391140
853.627802
1428.018590
1239.086984
840.164592
1618.238931
778.270512
1266.360964
1092.194135
976.340731
840.598457
1181.675717
1041.027108
554.534173
1039.482748
689.660106
1221.826084
1030.134311
645.883819
988.923935
993.257759
783.396067
1430.035327
1428.631672
913.661393
1484.482650
1271.104682
829.930765
816.528841
786.655713
932.776325
857.852911
843.220704
874.914460
1236.288879
1229.286737
1068.241294
1118.546024
1045.757670
467.724091
850.163640
598.437042
1135.307253
1082.911374
1171.631383
1261.552236
705.127464
1172.161163
654.758568
1183.559529
508.088429
1226.149267
892.816134
1269.243763
1203.079078
917.246220
1362.051883
1089.142371
823.746524
1240.709071
1101.305057
1274.362433
761.188741
684.646982
717.806791
1039.450337
1039.215837
979.593196
1755.696069
1087.284406
968.326031
1514.592476
788.606803
981.529884
1135.780241
731.877738
987.866360
1003.184920
1272.086545
485.459110
1023.126928
904.937485
705.654119
1413.319240
599.390305
997.362898
1318.660723
791.325367
924.046755
998.341266
1140.426691
863.508968
1121.335961
1341.235894
586.779765
1010.125166
1217.701586
980.649398
1395.277934
628.252558
938.128381
1090.845663
734.840278
687.760229
1358.842329
746.943511
850.309643
1055.285465
929.021545
539.746673
1290.776675
1341.761058
995.939070
1206.425377
984.557949
948.244550
1159.633510
1031.364304
463.814178
1181.963159
997.977548
806.928754
837.375644
1147.038435
1021.211031
917.416381
1080.834387
1217.992508
939.931161
571.477392
541.931206
895.809957
649.604810
596.224961
562.055283
1559.502076
1001.228523
1050.620312
1124.458408
999.682166
1010.747585
1059.012376
638.815343
964.007144
1239.810357
888.962236
877.142454
818.710549
1240.658885
612.468025
1286.819463
1243.686716
777.138757
1018.206493
973.624940
994.692438
589.208433
877.764722
754.344788
1249.457217
648.616455
834.849289
1081.568685
949.897669
748.205685
1080.515013
1087.001140
682.027754
293.634499
802.104545
969.031482
1238.321440
1412.299151
1209.727638
1064.862946
613.326137
928.889537
664.795992
1048.534126
983.495144
1539.025352
1075.970585
896.330162
1024.109548
1327.862119
749.638161
595.463376
1354.248372
1330.120388
962.310480
800.130645
546.282173
784.389905
812.858572
796.661358
858.866117
725.232043
1348.978892
1283.178521
1353.397103
551.024440
1164.833791
1101.540884
913.168430
1299.864298
1212.926635
1097.450696
478.056013
1119.332301
1409.931516
1226.270569
1043.867039
1285.625188
706.916741
941.580829
1103.923339
853.024642
1163.550883
1210.370665
935.461949
1285.691366
654.862874
998.436324
1056.078782
1185.129081
769.441149
693.427300
1184.654288
938.017816
865.431229
1163.010109
1421.219783
638.000085
1011.329797
1209.089917
579.752711
1036.966870
674.510178
864.134581
1401.533775
1069.035559
568.215383
1512.579407
1013.286970
896.509094
1285.474526
1181.711157
671.627979
1038.090334
1208.148974
899.380546
726.201487
1002.022453
1308.982642
953.349157
1167.905457
1215.471566
1011.234665
721.003046
1003.231968
856.041271
1731.938238
910.903801
1172.549340
1675.628936
735.371103
1312.481029
457.390156
580.434480
865.866373
659.439832
1255.035279
740.452251
1053.538983
796.503374
1139.662531
1151.367365
566.029405
1073.979249
1497.332358
937.852773
1234.957446
497.522741
720.054121
855.573198
1245.136682
1096.972960
772.138362
1354.540845
1129.671996
685.182238
1381.214530
1109.987285
560.510443
1490.813069
802.072732
1261.518745
1224.410750
1032.510385
1006.104248
417.530947
717.202017
676.052335
835.616803
1044.398626
550.322043
730.717463
693.530564
1074.592481
1100.293296
938.356338
1022.376177
1173.695358
806.856359
1334.127000
1112.194492
952.052069
1077.976390
921.090546
1104.385565
1367.857720
1350.333755
1315.674964
818.930554
827.560383
1006.786811
907.632483
664.794522
1020.966427
946.087138
831.252008
789.639832
445.461551
1572.721245
919.094210
1107.254737
1214.903790
350.958403
1200.642744
1297.736112
1283.260353
922.911701
1076.197483
1256.836517
778.514176
754.036412
886.434702
1202.971794
853.085485
697.177464
1315.966039
862.691977
868.996836
615.540054
727.371011
836.338444
1109.556926
1010.630384
826.037546
1118.421257
1211.974047
902.444275
530.497215
1183.625212
954.485544
1000.436907
1060.799310
1143.107206
578.863851
974.546641
1402.783284
673.742660
1439.237736
672.591967
703.487164
1228.324017
787.234086
889.128703
1145.755751
1032.301805
715.921981
862.279465
1276.446011
1153.260154
1250.427511
1349.205270
1304.427307
1300.648723
740.033587
803.587178
1238.345422
312.119674
458.542622
838.297723
1390.483524
733.685563
1394.610207
1017.916775
1157.693513
740.697727
858.066547
1455.911251
1056.871661
1195.801458
835.419471
1061.122168
1143.407039
1045.421065
1252.024469
541.222417
1206.358555
928.433527
1306.788436
981.522062
893.587836
1085.249308
1119.642098
841.209618
1201.232170
519.620643
804.318790
842.242281
927.172227
1031.140716
1092.593229
1059.741713
1337.336533
1123.115399
669.486310
797.363400
1115.639406
911.437566
655.421915
1076.335644
845.869743
918.799686
724.471645
779.676728
1145.200003
694.918946
704.054640
1094.329472
1371.500246
976.413927
1534.887894
1851.472224
1132.397924
1327.768398
922.098533
729.513404
1291.831779
1125.753576
1048.689889
1004.221192
1037.032145
745.476439
882.932350
1232.035355
842.924741
1050.379942
1061.997566
1000.913155
997.911994
1002.792639
1185.851500
1542.359266
1098.502256
975.340579
275.660700
1311.765240
1142.986060
1397.384459
1449.987027
1050.899830
1094.410137
882.955646
976.624673
977.940670
838.730149
1457.957367
1081.989041
1298.264359
610.720758
723.450490
1162.201662
858.771034
1265.871993
544.202937
1636.942179
798.990142
920.835166
931.428336
1013.540062
1185.344844
942.170550
472.115942
856.869929
1032.075779
1030.798567
462.894699
1167.656616
619.872966
1019.881586
1012.699938
1047.518042
825.390796
972.920959
881.307873
725.217591
789.639846
1336.365724
660.281510
1068.955378
1146.809201
868.211450
920.417040
899.405602
807.050869
1079.489662
509.353922
966.155750
358.913124
1088.353455
1034.046023
982.119121
994.581186
1254.914149
834.742166
1074.950247
1182.311096
1090.130377
830.455013
853.069046
622.983148
1143.732914
1107.675939
1156.671813
1042.517397
1391.553071
893.436899
971.455445
1320.996668
807.293090
1200.012305
854.451544
550.201726
1416.002259
776.707384
1447.904454
761.390635
1570.718466
941.358457
1143.572026
893.752290
695.873382
739.120862
1137.855400
1336.082918
829.180967
1089.278712
866.381592
896.699141
1116.072433
672.657935
984.547202
1164.481957
1059.014160
1000.135255
1004.999081
1291.759360
1050.264355
1199.435881
711.331520
940.567844
1152.200012
1055.754514
1066.195425
836.746430
1132.187648
1261.320942
1298.273368
569.017551
1129.496497
564.236620
1090.086302
1047.471861
968.192164
714.815666
1251.723167
945.892701
979.689111
879.071426
1044.681642
558.906291
1292.592843
1374.774633
1265.470592
982.752118
1239.153137
1311.077892
792.109919
1097.124392
1136.407340
1140.392543
1357.291226
845.969507
816.449189
623.458394
1290.733584
1013.517426
1135.179037
1118.311009
925.875534
556.077435
1031.885832
832.062147
1204.906355
1035.340898
912.450992
1130.558277
1341.597964
813.110233
876.965765
909.749404
1393.822398
779.493298
1040.438250
1271.134179
950.767522
1615.730575
1433.530256
972.957715
1134.654768
912.886959
748.315430
1357.340976
985.881216
854.583494
1104.944846
919.732642
804.638627
1010.462602
706.761228
1368.350760
701.357767
846.723678
1386.024105
876.551214
608.454414
1012.442416
669.573614
1247.516159
931.902305
888.189683
1190.760592
1174.438885
356.943541
1089.087763
1432.429797
810.642445
962.000696
372.763373
901.128377
972.880361
1509.196912
920.197368
717.325794
719.786311
600.860307
612.543872
1711.404306
963.940308
931.312061
867.174813
567.218447
770.601904
902.010491
794.136045
1178.374784
1111.281363
1050.695260
1300.415611
1115.725386
1458.701303
1122.415570
758.716996
529.946901
1254.143586
670.254313
1061.838998
1191.724184
1052.102097
1318.547011
892.775622
835.465301
1168.398316
694.234722
981.785052
1319.536156
1192.584880
1076.395414
997.322146
1223.522072
1171.949657
1026.453354
879.893511
1347.038686
1108.233726
1320.652056
518.839938
967.943830
724.838126
1549.834751
1304.103599
1115.529045
1011.826469
535.217560
703.044571
945.979104
743.797100
818.566256
773.456640
1246.643865
1333.859136
694.829105
1031.976168
722.840336
1256.201593
1060.120897
1070.577608
428.024895
879.833634
1274.939117
1572.551388
555.733571
1123.546060
873.407500
1060.666965
1255.542933
527.246496
800.100392
429.644278
850.707032
1025.162952