448.025396
1022.527378
951.548259
1360.981217
1475.365206
997.650726
996.466993
1237.049002
828.457856
816.134147
1708.055178
1125.203648
1035.348483
1491.924884
1246.511061
1062.625960
1318.386856
1001.311246
1085.573362
1144.651624
1705.841395
1515.322741
690.620510
1428.898669
1348.836399
874.763073
724.558997
945.166552
360.473355
1275.839819
1466.281220
1024.425619
926.600383
1288.952718
972.162485
1786.961524
293.752415
546.280195
1191.970211
984.801842
854.926474
1016.764100
793.126564
900.310452
1079.552485
1339.002219
1050.555990
1245.129907
814.128080
1043.374605
1370.625926
851.254059
989.011163
1353.845507
800.613430
1857.603290
838.757517
923.083873
787.831745
360.791042
747.674120
135.928420
1400.652829
723.548513
542.349709
524.337964
773.831377
1364.402182
331.232650
499.304884
1636.112036
1088.052616
1439.821404
433.691859
957.227774
1309.376075
663.984352
539.793067
1043.477814
1273.619185
1207.202595
558.784090
1022.702586
1122.658513
571.122136
1267.423599
535.435974
654.208484
1225.976137
571.828160
1186.908783
1643.074402
382.582822
268.163018
1089.499016
1704.111529
752.809894
513.494541
1124.584092
702.829537
420.509382
849.828752
858.198994
1230.111732
1022.060272
943.788421
971.460250
1880.846465
580.675644
1204.043727
630.765370
1345.158313
1731.756202
799.003221
1019.853506
1087.655691
882.982659
1068.930364
1140.605878
834.172017
233.714366
1732.773107
1096.739872
1642.196972
463.259740
1403.495690
872.005469
1733.672958
611.318769
878.227804
843.943244
770.532718
973.754730
1322.000631
855.861556
785.760850
515.220848
1119.721982
1361.691219
1378.720047
639.558315
1709.600716
787.468844
1543.425055
552.161999
829.158968
1374.346604
1026.188312
1016.035537
538.825402
785.920289
1168.104050
1059.422743
1083.973960
1056.742747
850.449542
1124.387977
971.778551
1538.956057
1183.068783
873.550481
715.459153
222.764227
461.478527
1218.942901
871.022478
367.463694
1146.279416
1600.552269
1515.132431
1261.387971
685.180721
876.226717
1580.214828
822.589131
1136.638259
1087.936123
935.839960
1460.792366
1111.419346
725.651760
1059.575545
1155.698998
1706.326244
773.442293
1768.543572
983.015131
679.490609
721.269818
1411.890016
1051.246968
1246.582222
1111.689343
969.143764
1158.856178
949.624394
717.969069
1022.452115
933.975379
800.402622
1599.179987
528.537396
529.692769
1452.357309
1686.693746
1907.277252
1267.297334
881.654227
1307.906990
2154.743819
812.104152
1275.408408
371.311820
1242.569393
1091.919276
322.271436
1161.101255
490.379213
1268.286736
820.587648
386.317494
875.271727
460.059297
892.651432
716.507612
1348.318739
1057.819438
841.260831
618.369386
1369.635846
985.335214
663.710895
1160.085076
1299.341958
602.908227
1069.657901
736.199314
1415.260124
528.420046
1216.411612
1354.376983
1064.278433
1206.358709
786.551088
1075.264059
887.822566
548.942085
395.482509
1707.740144
1069.107062
1098.638860
1063.446663
1197.167995
1473.626963
1179.009807
1103.071626
1045.256989
637.796816
421.677236
1023.959870
1130.645212
918.160222
982.867431
1219.058829
1360.641805
791.631271
1094.165715
358.066812
1286.249978
1774.843575
763.569326
1058.855213
1258.958719
1344.119385
1383.101082
1294.431732
922.294864
1077.642347
1460.076244
646.002067
1726.099598
1188.663876
625.339828
932.630765
1383.486850
1366.022600
936.777760
1376.384471
1417.082533
1007.377750
1023.884848
972.763645
1275.412794
896.098966
847.008319
734.163987
1104.383943
1247.795977
792.091332
901.289271
387.271918
1273.896530
198.654279
525.406597
762.317350
440.412041
689.540024
1126.428371
1164.841725
671.151333
1140.330515
913.618949
700.973723
1465.438232
747.788704
1165.557118
357.708682
942.231462
974.646569
694.946684
1375.404985
811.580656
1618.290806
1728.888086
955.415078
1328.021794
540.344572
753.827620
1001.745515
711.832307
1007.361369
680.391277
591.053268
627.466979
1276.904657
1244.538483
760.267834
573.009473
1177.602133
1434.867342
1469.872174
825.750271
682.502262
833.794038
892.926736
401.231642
1692.496951
1041.138051
1090.837065
976.762443
1070.865112
1178.248635
1135.691684
1418.506719
760.166879
1091.438902
777.459002
902.459820
1239.100610
1377.720416
1425.572645
1645.171730
1266.135169
1010.019148
601.591742
862.528308
1271.765105
1482.994548
399.257423
1271.638340
956.862721
1248.409010
941.570059
1483.013541
1137.717355
1212.787003
1448.590922
871.057206
731.890147
1489.779811
469.717190
1502.751467
935.287462
933.075140
1206.495924
1022.406566
1300.188643
927.907865
1087.647756
1072.846671
844.580998
307.630289
1159.755077
646.240588
1001.160629
576.129512
982.928890
1211.293043
1446.164700
1306.772111
1042.447302
1409.959705
1420.343801
918.486596
548.160715
1256.071992
603.693637
615.941504
1846.958469
1615.211405
1507.946545
1545.537991
1607.115952
956.558673
1009.600933
549.156288
1463.281995
1230.390681
230.803754
1204.170155
642.187410
467.219079
304.609671
707.821907
792.083244
811.180189
892.910696
532.866973
512.788907
1581.909507
1460.938650
1684.431638
879.534496
711.790159
1344.961888
1341.862847
1753.943815
1083.349073
779.101927
387.285227
1243.758381
1322.376672
1021.132455
1306.053730
1191.106090
1216.479151
746.957646
563.398643
1408.094496
1108.270236
1134.791379
818.345237
743.014186
795.309532
689.890097
739.577119
805.993588
940.818270
465.913932
1068.940931
584.687228
1332.490600
993.721251
873.207035
727.995644
1221.702901
1154.671098
1149.536982
1489.470715
868.517413
917.379703
1210.434628
1404.232147
1028.721319
986.238372
896.728211
475.483522
538.278492
1436.565710
526.365749
640.395048
1204.569565
1236.547297
1066.304498
186.631311
1340.227722
845.086564
875.103267
659.668470
779.592231
1072.492676
937.935977
1129.733814
652.605701
1383.559035
987.026777
533.328515
539.688085
1294.544069
1260.919249
822.553071
984.276229
397.100244
1016.491441
1238.865470
701.860105
791.414598
1005.758628
735.372696
1234.855405
966.987309
311.025153
889.552602
1670.742079
716.099290
1169.670008
368.390364
472.249086
2103.406052
780.767062
755.348960
629.314984
1491.141286
1509.638352
192.468370
1024.314956
1025.058308
1013.618442
1368.612020
1110.305167
918.329696
469.504543
972.739308
742.813352
837.376950
1259.566196
1527.760046
490.107018
1030.598752
1119.995679
1271.564692
1305.191581
1022.413745
1100.588535
865.416212
1840.720640
616.429819
366.498960
1139.131316
639.599089
500.840375
1340.259777
1414.590069
1931.921869
757.463414
862.449358
1464.453852
788.627448
453.161948
1075.388849
683.166988
1334.158894
56.123377
538.401129
397.158178
756.638698
1881.802882
1047.464481
1014.805444
1566.561712
1313.021301
971.978436
807.423041
597.583516
1394.581206
858.322041
895.085183
1154.611157
860.917173
1377.499043
1092.219901
1159.853146
1335.870508
836.198944
1231.725971
1938.268513
1391.622048
1445.114257
1162.901025
1552.697516
550.780930
902.578514
1427.035915
571.615112
1435.502582
384.653664
868.637684
1166.187318
686.543219
1503.236400
1045.396730
313.884130
1489.850683
1276.254025
879.694603
690.696070
563.053655
842.537447
1152.854904
1054.003803
1262.716967
1163.610278
572.067072
997.763059
864.668903
649.719711
1353.075888
1826.075840
1568.748965
706.920061
1348.952587
1145.658159
479.583276
1042.805028
533.415545
972.214374
802.305756
1766.957838
961.726793
1303.719178
590.491545
1102.276078
1472.108424
518.164227
788.575091
1729.330984
991.474234
687.594709
1271.317288
1100.191040
1323.938445
664.968193
1015.953557
713.056553
758.146926
1749.089265
1123.011472
1640.000675
841.951326
1211.206456
1242.262120
1123.222734
1469.784944
1292.334093
1111.049717
1604.452875
1197.824006
1231.390081
457.202418
662.098188
218.879427
1640.868248
1164.051277
840.147141
756.959902
747.645045
1337.241371
1808.342281
880.412687
1241.326659
1254.710690
1445.684095
905.880337
1035.907581
1411.777674
1288.984570
906.013236
631.639195
1077.809955
896.380679
827.534353
706.119008
931.581989
962.722939
635.478713
1868.261862
1181.515651
1117.913567
704.803583
1301.368966
1117.572198
846.063694
761.194043
460.097235
1447.514349
1686.024731
584.587695
1289.149980
693.707992
658.818207
165.461803
800.442674
952.093858
1046.055910
1140.721829
1070.686561
1330.014837
619.872106
874.705596
851.699272
519.876791
1199.916446
862.567952
634.902535
1557.220315
1420.103308
1030.915969
1093.518739
1519.198555
917.283523
678.984019
936.909034
863.797126
480.533514
477.821737
1022.797707
1001.786048
343.532513
1303.315088
1272.938114
859.666134
1071.338927
1080.948495
731.485654
1497.219215
1571.468876
1067.832851
1148.911870
812.353012
1136.420825
617.860768
999.986601
1263.884102
1243.213476
1290.552715
510.149944
734.913222
1019.141588
1016.996629
1054.775889
1576.689080
410.752110
671.184551
1132.788645
1078.112597
1122.400209
1531.868841
1358.302378
696.857972
1159.309567
947.860719
1284.190367
1196.521263
1035.967755
774.971098
1451.082796
89.315054
1275.915019
536.763814
545.083269
1424.823473
1356.379704
1048.814730
735.881608
990.894133
760.179936
815.669877
1022.821747
737.185090
656.563662
1280.147153
1346.437306
1056.326036
1664.798216
737.673563
1290.290522
938.513808
1368.092721
1154.723763
1068.469302
1537.112498
1000.658666
1545.963540
710.115922
706.413365
890.795868
1511.744142
1162.555196
1089.300957
608.836233
883.906927
1075.637488
923.363191
343.553183
1206.869602
668.555063
673.320235
484.747648
1328.757927
696.356390
1327.606555
661.870273
1492.763587
1005.284448
1318.211887
782.251122
550.374064
1339.287246
1208.682966
1849.208910
933.532523
854.638373
875.394026
386.595884
954.729862
1038.640524
1666.191883
1147.773663
1087.868976
1666.602268
916.441239
1143.249570
1164.740492
1003.684343
1032.454129
1081.692400
955.034297
1135.399096
740.151408
902.021965
922.225576
213.727415
1563.611502
889.863452
1098.834289
1267.436953
1874.735402
1020.073730
1328.911621
757.879364
971.942447
1821.413028
1010.189861
1055.124474
461.937254
1089.439589
1353.715511
1048.908460
1404.559282
536.455887
1181.370713
1415.746253
1030.824539
1312.065674
587.029363
1023.612286
894.881145
931.116633
1270.965339
259.770011
1270.282953
976.122751
767.199381
1425.302856
1072.470642
704.633874
766.809930
1876.701277
828.290939
864.880935
687.418880
1968.094952
682.879732
1246.937362
1138.782464
1010.628777
782.902284
1345.028539
786.054917
374.555022
969.286744
989.975467
1343.589029
914.451126
487.321804
1162.790321
895.846217
842.305714
1177.292708
695.299733
1234.848122
1651.991356
374.319605
-151.537815
1442.072567
1158.430187
1538.807699
1266.890991
1093.308282
1163.990834
491.393592
991.060912
2005.765439
748.672785
429.185667
536.717761
1746.484356
1010.237811
777.647702
683.219411
883.239691
1937.217643
2198.549839
854.391719
1167.144763
560.179940
1570.450100
1081.210828
1527.280786
1441.251132
975.221514
738.404153
491.483108
910.012241
1485.028086
643.294793
950.795174
934.622215
1508.439188
906.122081
319.346482
1323.066363
394.516575
1468.803288
671.797805
566.738132
403.581843
919.043650
1181.861131
913.649663
1086.633734
862.569928
288.436815
791.568823
1126.172585
895.525628
700.817540
1862.237975
1362.528885
930.821787
1261.387432
729.178334
677.490194
1307.759003
1204.116900
1543.764442
1112.887536
1161.330495
44.241854
339.418559
1026.753357
831.698341
542.087952
753.823060
1792.128758
725.096833
1486.153576
1622.527463
1180.947046
1219.212176
962.323145
1375.492669
566.933373
1587.740197
963.060370
698.974678
719.777253
939.860668
730.436296
1051.120362
948.286433
1170.963528
1181.323214
1078.322076
461.729845
748.562542
1484.952028
626.406619
1288.970271
1223.229131