474.546474
423.890954
1144.999172
1170.282997
478.471046
1101.914605
1131.989556
760.219244
290.270308
617.204018
730.857463
861.319661
993.533541
1427.991576
1089.386369
911.049521
1758.670424
1389.208783
954.455724
1329.072403
1011.116882
830.033488
1111.852068
298.090234
936.754670
1451.514753
1032.807292
501.625812
-93.087579
907.413375
933.929077
632.758069
948.543733
908.146376
1315.813774
798.169793
416.652273
551.037399
1232.621830
1856.379161
603.731290
411.067673
1154.504105
378.204836
1391.125382
464.307783
560.657467
858.100033
838.746616
688.127051
1090.389320
912.896517
1274.856143
854.233212
1992.401664
1080.273242
1238.318556
712.394125
1259.780520
1228.205238
1222.258155
1219.422029
1223.699243
667.751988
1387.230205
675.785264
1171.879783
710.220381
1560.610369
1390.279853
426.648538
684.128442
983.326949
1553.381687
1105.930010
1202.424583
1031.482169
976.947609
717.000018
1186.379580
1171.323312
585.699504
1242.832612
997.670926
1169.445373
991.022005
1201.531490
1160.924757
690.952837
959.317762
725.384920
373.229467
1013.323203
1047.289425
782.212269
1656.033746
473.493926
1324.438475
1441.769687
1435.376333
1191.089298
1405.620808
1219.616701
862.163690
1416.810533
1035.920958
1061.958730
588.350572
445.264475
1247.080862
1239.034474
903.571031
1329.409862
720.677260
500.744997
1001.170394
622.880803
608.481301
1342.849010
1612.649217
942.497050
705.495863
1430.798155
1586.205458
1578.321890
863.873032
1519.550936
156.139137
953.340835
391.113094
1006.309246
1068.764486
1010.766052
1140.654248
732.821308
1429.273945
945.724586
979.055068
1271.241124
829.568803
814.168280
1517.883891
1914.407660
1389.403137
1154.267058
408.419181
407.244969
1263.166578
1390.179812
1061.801009
827.223159
923.520570
493.839606
590.759975
1242.132785
1040.792425
970.457222
945.487269
553.655934
1414.645394
1191.363033
370.998320
710.683577
1305.976653
992.573099
1021.846412
1534.453505
1016.123817
649.042014
962.166312
1000.759718
1103.049282
590.783407
1607.896707
1216.118867
977.290770
1120.489999
1165.534058
1834.625411
831.784558
1155.952042
1153.009204
941.162083
1392.828580
996.085187
1049.539515
828.708247
843.751369
1208.668570
387.105238
1354.079907
929.931430
1176.649442
1150.487488
492.744927
790.363013
809.433381
1005.279551
1222.054656
1389.516212
881.862558
1552.311848
1448.638982
1440.729984
810.982481
1266.669140
1154.927801
844.664029
330.347706
490.942260
923.502372
1574.086520
978.785070
547.059279
990.334835
642.244940
1381.594181
1010.366012
1678.661746
586.002511
1283.569617
794.739127
1344.461616
1672.563257
831.167900
1136.877086
776.074136
1511.903809
1107.994026
1204.668409
841.818259
1222.633674
775.905684
856.985716
842.843767
998.665605
1389.935707
365.962681
652.262040
887.479581
768.892418
792.580143
1451.894945
1370.781694
295.552519
957.979040
1069.937593
530.697722
563.232555
1172.909774
953.612063
571.813351
57.438929
1076.292739
1304.575007
1326.705686
1080.270665
717.714599
850.901366
940.395960
1337.011486
864.721648
482.084338
1300.386817
1028.754537
1771.510206
1676.550161
1666.357167
1021.450685
865.108776
1234.956372
1108.124571
1156.314394
353.793315
525.476551
1474.376460
1303.687250
1043.612369
1047.880563
1506.517406
1205.139388
1315.470002
617.925901
655.335579
269.390831
824.451932
905.435867
711.360358
1026.457247
408.910628
369.381954
1270.961253
1020.345954
605.505054
1542.318731
433.306181
1414.717492
918.881816
1195.232328
848.388111
1217.018284
786.080627
1115.892709
-39.095830
1259.262134
1232.318192
671.371950
1114.469248
1171.350010
672.422817
1331.890619
1152.572059
1005.361419
1123.075318
1505.535629
1180.536780
775.672863
1491.573270
929.989155
813.019756
1024.312580
1479.680179
860.410384
1765.779503
580.170038
634.191147
689.266541
707.457374
392.203153
1130.358046
1789.258988
354.215702
1077.323255
1012.013548
703.886408
1350.966452
1240.928467
911.093082
1237.123179
625.227112
1059.368816
1158.178625
1428.628955
625.720713
1025.239079
1102.290064
1175.759962
828.243058
846.013778
709.288483
1235.472750
985.714533
953.557301
687.285761
1234.176125
1437.827576
1052.781673
564.830707
1513.234552
872.275401
1096.593599
668.636497
921.788690
1549.097670
1619.157265
792.570808
1138.544934
539.568441
1045.049922
459.907990
553.093840
1160.411412
1336.938439
1018.411047
1089.610004
822.126058
1258.710884
1209.421896
1485.356590
1540.739007
1132.704753
1102.163576
1037.262219
564.815890
1173.187319
1413.363267
1031.154249
530.880824
642.147857
936.689440
883.057427
655.661668
1307.146893
1336.170525
1237.761285
1037.036292
214.138894
1504.974524
1290.483500
917.274810
697.016910
1675.380207
632.833092
1441.483698
1239.101398
1194.750853
975.464627
1330.206735
777.268714
1217.356721
788.184679
1167.398845
1220.226315
988.415687
1279.954887
974.474559
1306.526608
422.459865
1100.710713
666.318090
964.269850
1008.186119
1452.682916
762.869242
1308.513242
1234.782076
983.315743
832.590824
814.473458
1541.083256
1169.512975
1126.898451
1195.313631
1267.649740
932.191599
442.752528
1287.404494
601.442554
446.075763
750.470967
1104.988143
1469.724120
836.302050
1620.074462
765.898089
1264.725201
600.303428
487.346283
845.373579
413.199313
1400.447061
1212.695396
471.998707
711.723860
852.828613
1145.234200
1347.290072
1203.651495
783.232651
989.960692
1462.314680
1500.092814
1378.327033
1060.086967
1188.153609
1350.120885
855.707789
1141.139839
1218.560833
1124.180168
1232.281100
965.575933
1275.657565
872.923953
1359.747784
981.699975
1358.994544
839.085525
1219.266894
841.821151
1262.619089
-46.311804
1518.559375
901.919695
1042.687048
798.832183
401.742481
944.546001
685.877643
1071.952423
1763.698620
1303.593660
1335.368740
809.360767
797.004972
1050.912682
1295.970295
1163.096133
1153.562230
1025.983930
681.573937
1501.106714
930.155479
658.279939
1059.641310
1388.886116
981.458282
945.679990
957.599920
1334.967971
279.477213
1870.058034
928.835327
1150.955693
1171.568446
1247.229684
1229.294824
918.072546
771.837905
640.793005
1419.586140
1341.662873
842.962122
1263.590661
446.635637
1173.376770
920.771460
1268.467896
1190.674155
1135.610824
416.521929
803.691178
1075.294331
813.803099
764.364299
855.058983
717.174225
360.707393
578.999754
1358.012022
1712.427192
685.589611
827.569274
734.232413
757.849607
1618.841052
1361.793419
1667.022899
886.857348
548.517131
831.243338
897.436514
932.553169
368.402367
289.164408
1982.692820
772.168647
329.894066
992.761803
1251.164230
1266.291797
829.250591
1166.792069
1292.870603
98.700981
1086.305431
1092.421750
1063.692764
302.853161
549.326735
652.722855
1587.610540
1332.743912
1235.084639
949.598505
658.261795
817.975838
1215.204482
510.752152
1385.385809
934.825110
1233.929930
1066.534790
1502.556934
777.146445
1157.467599
1053.417800
1121.375762
929.560403
615.879354
1190.151289
392.227006
732.672215
562.717026
1115.325261
601.273169
1249.626426
1651.510641
651.696947
284.673875
1768.549062
672.458685
1386.096101
831.161428
1226.378078
806.833389
794.629386
573.902148
1374.926388
1087.204521
1270.341538
595.382927
362.387877
985.065908
950.239162
1228.546488
471.105400
1347.876821
945.957789
1438.643971
949.795172
1367.630460
1378.806364
364.320336
1112.318596
1191.666797
1040.919327
1740.474890
1578.443637
744.376523
505.709996
1118.925507
778.695823
1568.813187
872.205162
1410.043684
1174.095777
1325.502788
1540.668462
706.021731
366.806745
854.921903
1095.810959
910.823656
962.917066
840.192766
637.152883
1294.778368
1382.867887
190.258374
1292.149382
1149.379213
818.239844
1543.936964
1319.054618
530.527417
795.573747
1084.559497
736.423443
587.617365
778.356312
384.731652
1261.511765
1210.941861
1233.405182
926.686136
1033.085588
782.486110
996.339871
1422.307584
644.519284
664.382288
709.384602
699.120054
1150.340802
1404.909441
466.702979
942.293693
873.017330
861.286471
1238.848979
523.170796
1619.712280
549.956565
1437.518682
1353.057217
618.566127
253.374963
492.414929
1299.845117
1532.042888
1808.500830
1534.603844
1161.327757
1169.163970
1017.090109
1641.648270
1564.232293
1497.292356
1423.955055
664.240078
1213.916172
884.466744
784.140978
785.881036
981.073152
1537.777077
446.592272
631.623207
634.271570
551.077629
348.463459
1119.652260
622.679278
941.974467
921.624449
926.184392
1240.071988
750.746812
1010.001736
1267.073160
1075.182419
668.365943
1217.966095
1130.369511
1310.482724
1145.120087
1070.215783
1045.405899
985.139186
1168.885782
742.309893
876.125721
402.501520
890.998196
1010.496328
1395.323124
1321.425159
1154.285272
1047.298076
1126.511135
745.212238
1695.277617
1711.846343
717.761014
1225.228337
684.314090
1540.681453
1708.310037
763.010080
884.325095
1000.304113
3.654097
1219.660792
907.426455
1117.210139
1435.998764
1101.155772
685.207417
1511.309958
1371.846356
703.037743
1557.097403
654.069491
1410.814639
857.642034
1590.592528
1403.023265
814.217497
1336.923665
1201.315952
1221.747128
1520.857988
1613.481353
554.985128
972.564125
1084.300966
595.049871
1992.772603
1169.959650
962.128740
1216.473853
1007.749471
522.629672
909.087165
523.970075
1044.806644
501.846785
629.608255
780.012661
1376.390287
1121.069892
1090.771668
729.711345
923.300807
921.216804
959.058693
590.135803
295.525403
796.907455
1267.612755
351.012746
896.891496
958.313457
784.348225
1295.959525
1568.615177
1219.099295
1215.632434
1424.513991
662.353458
1337.607617
1796.330311
949.612962
681.478227
1307.544798
350.042490
960.686296
1544.231917
1070.199609
642.757163
1346.327846
1487.026038
927.076752
640.310081
1208.580991
1029.812952
625.198111
676.858642
1568.364431
1586.051571
1550.651953
655.874537
315.057835
1543.983214
65.830015
812.181656
1123.004425
1434.464163
481.821306
843.187105
954.121537
1005.412348
1605.339966
941.434941
901.683695
901.821920
793.460948
848.530905
137.188878
1148.442226
915.429301
1113.388876
850.694005
840.088995
1166.092818
730.195199
1364.861621
1322.541210
743.106512
1088.523242
1287.171924
790.923416
976.562078
470.123037
1520.416733
530.280276
663.737458
488.807564
760.353930
581.764211
1374.745097
1277.413929
1157.328959
1265.593428
999.783719
954.325555
461.660921
1457.441451
795.541132
536.931205
1057.193695
987.936087
712.984739
1223.284553
1395.256109
1147.680233
791.774263
851.909434
954.936021
886.896453
520.913539
799.667983
906.015496
1010.444219
1701.709002
755.429476
1608.665278
877.665855
820.311338
1298.581191
788.194201
1646.995417
1168.850149
302.778052
782.232748
1159.081632
1237.298675
1587.380999
1013.510697
913.842856
1394.841867
1056.698419
297.642430
1354.918267
593.577976
1038.340451
710.118452
318.483162
768.914508
1249.337119
1796.863433
1498.591907
723.699305
1126.867794
605.545385
958.181939
735.078086
218.461890
910.836087
1276.815571
1022.015267
1438.301803
1289.925756
1585.217905
1134.105178
1556.674334
1082.663642
733.141301
-129.589397
1216.012496
1279.217751
28.142345
1449.001475
1083.226918
1002.040635
818.529667
563.848904
890.406341
554.025649
655.425895
1174.902759
452.108236
963.032252
1400.015070
1004.068139
612.334324
526.100818
961.619557
577.749911
886.503874
1056.104835
1651.121366
957.515535
1330.146466
984.597372
1360.123873
1229.209310
833.225353
694.886181
1205.164921
1074.343296
1227.675979
1305.436401
1274.812843
979.332780
1350.268431
1594.954075
1296.793267
1133.126979
1494.457666
1245.447775
715.627401
1407.655190
455.674778
1353.327062
1362.178314
1121.403627
1146.139967
420.995789
1010.785312
1092.196303
1044.230627
1032.042594
980.690506
1016.685852
1455.045583
804.775072
538.213246
1248.321868