1532.192077
1065.505664
1430.345385
1027.023549
1026.480750
949.030851
973.280981
584.213232
1215.670691
818.774780
580.093713
1282.335382
1137.831914
627.327064
962.808755
1384.586493
429.434012
1398.432214
769.937072
1623.499713
1741.565658
909.717094
842.279883
1272.353459
737.505203
821.059639
1245.997884
735.839924
967.334339
886.456424
1045.888362
977.016708
1164.217322
807.451024
873.338334
1198.799726
934.999247
1325.058048
677.588150
1185.421418
889.853303
701.816477
1135.173672
956.278818
1316.296472
741.825530
1365.581351
1041.403439
798.865794
1069.392363
1042.618001
685.335860
1099.824404
1225.210491
1205.957151
697.258867
567.280518
1146.066041
1322.153271
1153.954334
1335.810075
872.280736
1081.465198
1119.347787
1601.612327
589.466755
976.303541
1317.644881
1186.483849
1277.648329
1371.843362
861.589114
686.764487
1321.994576
1124.598551
1682.439749
626.148914
1147.694386
908.833242
1349.400130
1232.213722
1317.812562
1272.717666
1415.704225
1051.996166
1061.591185
523.517569
714.836527
1115.332695
1030.305221
968.224256
625.062637
594.749007
958.661990
960.527219
1189.333172
1145.867705
1078.595407
1158.501699
1110.037175
757.504964
1293.952169
647.913943
890.911540
825.177044
1164.604659
1039.777265
826.794918
599.541261
1187.119995
1170.101683
1079.748632
1312.817965
1345.185529
956.627172
555.967522
935.574205
872.160872
993.133785
1064.640557
889.316615
1532.235407
535.976439
1100.837946
1029.511985
752.910617
1058.387525
1024.902823
1271.447063
1299.264509
1615.358579
884.847574
1124.751231
1111.234784
769.173256
996.767529
757.309920
1394.366094
824.738960
1332.088617
1327.725063
718.648486
602.883954
903.499704
1119.017019
657.774446
1191.902608
571.666803
1241.444275
1181.006242
942.475440
1288.727551
1517.795405
1159.510395
872.066421
1075.965335
1294.222434
1038.704881
950.175366
763.298751
1248.575120
675.558124
623.576718
1242.875513
1047.371932
720.925510
875.217626
1140.943476
754.711780
875.468018
1122.757331
1213.832347
1384.531356
825.185739
900.289183
951.174461
1021.590344
1501.932184
1542.881987
967.963403
921.453424
1047.974577
684.345774
876.103562
503.642786
844.136443
960.629448
1079.734394
1308.003073
647.511141
1065.363032
1222.523485
774.393438
1357.665660
936.544015
794.360947
969.444682
1094.495446
1110.777450
1098.454405
872.281483
613.860373
1289.703414
651.147506
921.578273
1125.207493
732.866982
1019.360307
1140.621654
693.504298
984.095086
1023.487088
834.163782
1085.500252
1113.671135
995.614884
1232.007987
827.173212
1183.034025
896.872930
878.234237
532.914232
1245.819266
1076.978071
951.928396
835.272516
1259.853257
922.467847
640.137321
1527.120678
682.237318
1272.467321
742.216365
1108.554797
1069.415908
1316.600590
847.178238
428.356559
1126.635832
1008.391260
1321.473281
1037.872236
1023.306532
1084.015918
756.902339
960.168838
685.505852
784.687737
1447.328805
1248.319350
1070.476506
555.939675
450.227610
1056.044589
1319.395082
1038.843881
1350.821399
1221.842926
1182.790806
778.375355
899.156944
1115.936983
447.273007
1210.875521
679.961454
798.309629
944.651866
921.768252
803.915264
1326.718194
1046.318584
1029.212713
895.971236
906.065517
989.193120
1206.693825
1055.957231
1514.569649
1129.047447
1357.092781
1005.038163
655.120283
963.437111
1130.934403
977.511082
1029.267693
1462.635652
1404.894275
985.694455
1168.367961
1685.946922
1164.743287
947.667584
946.960929
1399.566812
982.511878
950.330022
479.242066
1136.973176
1017.458351
807.315739
1322.945503
1374.058351
821.681651
1041.350253
717.893153
1119.413774
984.774635
866.118159
1149.267646
559.099536
910.625989
1092.782257
1053.155437
1345.865714
1103.900417
1082.491689
1166.137400
1376.150403
1047.538140
1157.709148
1027.533527
813.626214
718.935174
1070.189219
767.913896
1301.735593
1071.996843
923.611750
861.401078
1274.658573
987.919005
965.278843
786.538191
1141.080779
980.554077
1087.507837
1054.091026
937.136196
506.621125
832.891746
1040.310589
732.825077
583.756246
1007.509257
1135.621563
1214.675630
958.393170
711.800823
1497.889192
1132.383692
806.801414
941.428987
1131.711521
996.148088
1097.590998
1284.714333
455.367939
1121.165884
657.376810
703.981989
767.511860
755.598906
978.891053
1094.234056
534.017949
1060.950485
558.567575
807.991527
709.020096
1274.943867
1036.812045
975.261416
695.131954
1753.019394
1153.797245
1278.958171
936.474893
1314.893885
910.138089
785.944610
1015.421902
1184.798126
1450.270093
1122.406283
647.886900
898.784451
1074.106945
733.566948
714.689300
255.200378
1320.841894
1044.490414
1141.310175
748.607500
1465.506665
1752.236526
1487.033293
930.379575
1193.873997
1117.585906
1163.122159
944.151745
1121.718483
974.935040
840.920408
1423.181329
242.416168
1032.085960
1465.062639
753.348939
666.599534
957.367720
1474.334641
915.943608
1172.760738
695.888082
658.971301
872.474555
1467.128909
1215.999536
1097.689705
836.957913
744.467359
1213.348226
647.497490
901.925988
770.154600
1301.142312
824.404453
856.452216
935.591424
605.715212
1176.669990
1137.768301
803.613951
369.866393
559.561550
577.768138
1195.396563
1010.589101
672.981678
963.194305
1079.038726
458.112523
613.545535
683.823340
1148.649080
1035.224088
702.787066
149.909185
613.758907
1070.173595
1289.316472
994.520582
698.553349
930.319638
1142.647906
929.557037
934.106778
783.891996
877.239493
559.747357
844.794756
1138.575722
1096.183494
1237.227076
1086.094053
1341.733496
896.339900
868.048594
727.430489
928.300095
1008.819048
664.341974
971.981818
642.520429
1050.780760
780.413523
866.032634
1250.789104
729.385441
750.988480
789.309188
1580.782249
1147.297445
1141.585744
551.943605
1079.896974
1462.314066
977.973895
975.703842
1021.927402
935.361243
765.113425
451.727534
1402.286752
700.366937
854.159456
719.059100
1273.748768
795.344821
765.643470
1309.613273
641.249668
723.890600
963.701404
685.030125
785.350546
971.377796
948.300369
1089.073740
995.367981
1053.402840
1216.447194
883.928144
1546.148625
853.413802
1054.380768
952.290601
824.748338
816.659390
1061.493738
645.428599
877.440399
760.533883
730.164100
716.958482
750.950696
916.552784
1275.761568
1047.049106
964.347379
1169.978670
1249.088661
759.201779
1351.786937
724.271920
960.182948
896.779495
763.521188
1176.688180
844.796356
1353.678827
236.062699
1379.833290
960.380622
1251.586732
1224.446497
588.324932
1444.806761
562.055679
1244.289031
762.235925
946.307311
489.466495
1206.509286
557.483454
1122.085635
1082.607850
608.381240
1188.636280
1450.323990
1048.064712
1364.469657
1111.163795
1535.927365
1022.602769
1119.030070
994.884074
1216.921254
390.219558
1252.952009
1102.667419
1274.124362
1215.335641
1281.272240
1308.488158
1138.834772
720.168685
511.563192
773.041541
1210.190942
316.520948
698.296044
1074.113167
1022.077268
1210.155365
1106.636692
1168.291954
804.669521
368.183291
1005.542213
710.565572
1314.167767
928.689961
984.391817
1269.053141
1082.732722
751.997105
1084.112147
1284.596994
1089.664072
1095.223176
968.454161
1241.038608
1007.884977
1146.752524
736.881096
982.579096
816.298898
1261.841206
1457.400872
730.246916
1072.411653
789.443199
1206.619831
196.205296
624.506911
1119.546765
432.196297
948.335613
533.791624
1155.684536
929.213243
1244.928863
810.883290
1177.645331
705.244673
1495.135287
1172.602528
1351.130173
1260.026668
1210.079875
881.146022
1310.610140
1342.749107
874.185416
473.708391
771.123124
881.050466
1344.366492
1020.440335
788.315393
727.087178
731.316234
1012.526918
798.251874
1129.346199
746.440026
932.227600
322.171594
707.999653
854.042439
1016.524085
1181.966885
669.722791
609.629215
1343.840026
871.067189
789.507622
1214.321141
935.876157
945.227227
520.479496
1092.557950
1208.892368
350.162040
804.522271
1498.977640
1538.803660
1254.312869
1290.242790
1089.670195
1231.137701
1202.721703
1086.950417
965.099339
658.446794
1225.758680
1435.285420
1278.581873
1038.196062
973.711964
1011.834435
1141.947703
839.990005
871.548688
1293.110829
1423.898707
1249.177670
1297.795266
549.139692
1363.010656
988.253540
1041.157958
912.509486
1511.221519
1201.107617
1257.957807
1022.669388
1229.522183
1578.977534
876.516294
1093.095353
1114.085794
1289.890778
1074.240031
989.565964
1351.894236
563.882085
941.292047
1158.145449
647.470403
1125.869019
1075.571423
915.440027
818.479650
1337.379702
1058.304715
933.853903
1324.171317
629.335397
953.892695
1027.052126
1188.866053
1258.485839
1241.412837
865.578446
1161.378357
676.900833
802.486909
933.028805
852.105756
746.210602
718.058063
743.141634
1155.201986
835.123873
1020.704414
884.425621
729.400566
976.590516
1159.701641
544.237535
518.845645
952.339830
956.675708
1142.652819
909.091020
803.217782
964.736037
640.177592
268.312229
1216.829820
702.505279
1118.138975
985.712941
1138.655535
945.301669
680.972231
1057.485825
1250.016549
601.814935
1028.279245
564.788166
1041.110984
875.724099
1131.351273
1107.639951
922.221914
1037.685113
774.429483
1022.111604
929.957221
670.462144
981.901997
1002.296346
1151.343060
966.763335
1517.971190
1138.810604
838.361008
990.043062
1101.062021
1374.436429
1238.701207
1010.988930
1892.924371
971.103987
1082.570041
1521.909676
1089.414188
1416.418316
961.755205
611.512943
1131.159113
879.475051
424.679412
1146.701402
1755.779550
815.144279
1106.228810
703.202970
990.169147
923.640008
795.690278
937.550395
724.880630
1151.333908
1319.584878
1221.057834
1149.193688
800.007109
931.142893
756.127230
1311.126432
707.889130
610.909149
1002.090644
1171.164410
1041.972244
1004.986162
1348.030531
645.271080
1485.993607
1269.384970
515.626501
1204.783238
849.301012
1067.087131
1263.177828
1096.996909
733.215964
943.295634
1220.383679
707.756728
1005.009192
564.880660
1362.654322
1077.047654
1068.281871
1321.486221
1189.403040
826.497951
779.845486
1126.964249
604.483104
1319.267068
920.367892
956.657690
928.382262
1405.991234
532.648642
843.755772
868.785554
1068.667085
1427.808528
1108.055620
1056.195553
1242.159231
949.546301
415.582713
1304.564648
874.001115
1278.611611
1474.685584
933.133609
329.366565
999.300650
401.201487
1125.321927
1013.124020
1277.224992
1404.310858
1089.570882
848.550317
750.329123
942.768868
946.519576
896.472560
845.951706
1260.317333
748.367981
1089.152372
1258.877815
1026.991909
1163.430543
1120.842986
960.764291
1234.329557
933.933683
1103.791160
1536.500285
1239.111456
939.011130
1474.381511
1010.104612
944.275502
453.917630
1307.578431
531.298286
592.243477
1153.742541
1161.702773
918.908378
1233.452116
1304.178133
774.616516
959.351536
1171.480166
1237.761196
689.331269
1135.894698
931.075622
1029.097843
1612.667054
1136.978083
849.375241
1429.821632
678.479139
960.654727
794.167581
480.112704
812.360896
922.955477
895.858729
847.340679
1020.095704
716.465315
923.242473
933.424941
312.878828
1025.636768
467.088195
933.375538
1286.792832
852.518283
977.744142
1342.643983
1043.429085
1159.137544
1176.633888
659.912849
999.827448
1707.078450
606.842164
532.942108
1112.797786
1517.959821
724.854812
934.246791
1115.537466
861.706185
894.537491
2022.879181
1188.437522
957.219403
1058.349927
676.542337
473.566261
744.485784
747.549580
1189.778428
525.703158
1042.681717
780.634755
938.123644
1216.011733
847.489115
1441.850966
1061.281902
1779.424454
1299.493068
935.755001
993.975006
384.713735
1150.738061
1079.842744
1605.933814
1039.695479
565.519940
1110.785424
1559.281528
940.656970
949.723153
1672.799611
963.478144
605.915683
660.571520
1235.667747
1313.379468
851.578095
784.373566
1469.755500
662.778433
1184.557319
834.459245
957.765163
840.543072