1507.388455
849.576310
1068.307891
537.118127
1100.588691
955.218421
1465.170438
535.044600
1143.165612
828.650355
1116.642456
839.014618
1029.707477
817.322091
1084.250776
658.650414
1259.245173
1112.260999
665.262648
949.938628
1193.081775
860.611159
1259.897424
680.464980
1235.215732
1060.461371
1054.285715
835.952274
1152.690096
795.022474
1190.224676
993.502966
911.065462
586.202477
789.889460
927.645960
1168.972897
1386.210690
960.251162
575.565258
727.032593
994.970851
1417.676264
836.896329
1178.181804
1090.780164
1175.784319
1152.979244
1208.189911
489.849076
1147.546989
1376.683877
1202.967625
1248.788381
327.278612
1092.108941
1130.171848
853.307616
1292.782052
86.902971
909.841990
888.005591
1331.296311
830.924167
1036.129416
948.409445
745.311474
514.304161
784.288402
1050.825372
400.148250
643.636674
1688.557768
1014.335660
914.630092
896.301037
608.431829
955.398306
1466.140906
547.210501
1025.920979
989.090755
967.094814
529.070348
1377.568681
1003.734483
783.682203
1031.346969
1307.915669
1114.622546
643.064612
808.133292
1552.919727
1391.966307
1096.902890
833.602991
825.499954
1157.155752
632.098483
1063.986818
694.766215
1339.223846
1267.007828
1502.792445
1288.964037
1190.634972
916.711083
531.328509
889.553558
787.238397
609.490639
642.516899
1178.823801
1179.768303
1122.485327
1572.573253
1109.785009
758.363639
1392.101979
1090.101796
944.932256
1067.730831
598.531881
727.026972
1467.922162
665.030087
1420.202201
1454.801582
906.305486
792.714867
1059.612929
1282.931361
1255.333931
961.298179
649.135780
1245.830412
354.149052
1166.723666
949.516203
894.033490
1317.490017
555.895934
811.938430
653.996169
1200.894700
569.055973
1269.605301
1750.039651
1198.259222
692.533017
836.397815
887.521843
977.198625
1152.563342
1216.979693
1477.009100
857.976035
1164.695022
859.699602
1016.648606
163.501713
978.026425
834.912636
1220.430016
860.871880
947.945484
1082.081730
1235.982048
1103.890398
1306.815759
1060.661751
1075.446439
500.229530
821.578590
251.922137
1647.515571
907.903550
1360.688118
1690.702347
1112.800859
846.741135
741.515647
1048.930262
810.457010
778.118019
779.100633
1126.894536
852.146334
834.697386
709.202421
1128.897974
535.075017
773.955148
728.236975
1147.655717
993.188970
1133.584956
809.069158
506.371838
985.438414
1038.324867
793.962627
1312.920148
866.940234
1144.073146
1195.718319
559.957524
890.413463
1840.331251
727.320547
950.535763
705.072904
827.698200
810.426727
973.528963
939.862291
1307.736685
626.421707
1644.891053
1220.813958
1267.237237
874.754952
1498.434258
987.675097
937.667159
839.215312
981.126125
1172.780548
1306.592338
653.591528
1326.855826
1083.422798
1166.121160
622.426268
1046.473701
1043.933816
1614.552290
1068.490038
1184.667285
719.798101
904.362174
996.726670
823.439474
655.810397
1054.420504
651.429007
1248.620117
879.103569
1560.757060
842.308168
1038.231088
782.487706
1024.062141
633.948543
802.819729
983.074266
754.298477
957.818508
1399.245677
1176.064717
952.261508
991.019712
269.120979
828.055271
918.142724
1475.526186
1017.064255
1077.973037
1019.684286
1263.388864
1134.528274
905.491537
1161.468090
1259.123326
1348.734920
1130.244720
1245.545768
1259.249993
1709.420533
643.813039
1140.149035
1216.269484
1424.264548
1010.431174
677.852920
1061.086428
1101.803899
631.192612
975.659419
1308.472407
824.244085
1075.728292
434.744089
1136.365999
1167.833200
1235.499379
1124.141303
732.499634
1214.717306
1056.515084
1058.487526
703.296741
1565.155907
686.130645
1393.467468
794.529179
944.199513
882.458672
1350.096040
548.891310
587.401819
582.332839
869.748868
757.024723
900.067667
1330.211759
1498.324207
1478.481980
1169.599715
1021.052695
874.316816
882.343573
897.172808
942.684821
661.194439
1410.790491
472.984333
1021.229469
1098.888261
1380.762391
1321.219940
836.664741
1023.950880
905.636057
321.052697
590.503204
1263.175480
1186.897604
1413.695522
1169.177172
863.861055
1214.188009
477.434301
825.086446
1112.018198
940.157037
815.107673
838.263550
941.957361
1287.722082
953.064099
710.987288
1223.937124
847.161307
734.543565
960.847761
730.516484
1472.630591
866.032632
1089.625118
923.981884
1096.643597
1134.714823
667.589774
793.299510
975.541340
1253.025107
1233.810994
501.508408
596.879302
1846.546602
315.882712
964.347663
675.353785
837.904100
1128.143012
1139.689718
432.988130
1049.079261
986.605277
1176.464922
1023.286623
1194.684618
1153.956030
745.197742
1142.953689
770.397115
795.270482
1331.160364
1227.438036
903.730439
743.683084
1051.194883
1342.959330
1390.200749
797.828000
746.119218
611.326442
1136.596273
698.791759
1255.693108
1252.134252
1211.357383
666.660179
1405.121803
733.895392
850.416645
1023.628294
898.875964
696.723584
1147.678068
507.477450
876.767580
976.629513
860.442157
695.900198
1073.180341
839.742052
1222.620983
453.305693
1180.599693
1371.930988
1251.916075
716.671876
817.641929
829.729800
1181.829671
1061.937920
1089.434943
609.864170
1510.109529
1170.940234
695.836291
1044.460992
1362.239607
970.545340
671.154422
1071.468197
943.919933
1319.403841
1118.540222
611.053734
1052.170036
661.160655
1391.712333
1101.977119
1165.151584
1099.829498
1198.761883
987.380350
768.018448
1687.536646
888.651859
974.305570
987.632424
1262.693032
995.059029
807.307285
1103.165200
1292.880629
940.123281
577.365167
558.383955
941.883452
533.188731
625.227759
952.307750
855.113531
601.930411
1160.229647
1260.519322
835.077499
1346.681137
1248.472476
1063.612682
1290.880636
1517.810779
842.430567
682.132608
826.567982
661.265245
287.263905
807.819885
733.068337
986.814781
938.649693
613.115424
1048.929698
1394.130033
1400.855872
851.423485
707.476795
1282.987936
962.220241
1291.887483
910.411426
870.299906
810.270448
1320.377725
1044.864736
1242.785239
1221.948275
1217.591848
1224.363563
1299.955335
988.369319
982.078918
-104.175883
843.571044
833.135581
1432.204197
323.440258
447.603096
651.511404
1090.992413
1227.433838
1132.226532
1288.664487
589.747439
944.832482
418.032850
655.552352
728.721935
921.674050
875.042467
1177.594096
614.837385
922.116212
615.608018
1193.986628
789.971270
1041.464649
774.459309
719.380692
703.410748
992.321406
1124.886003
886.077852
801.455902
919.720789
972.104289
1001.068510
573.566962
887.011017
1267.375257
614.562491
1226.950550
929.607920
937.020444
1162.805532
813.614390
746.185933
954.751943
748.019716
1038.867309
1241.865930
1001.999575
1086.180847
724.523915
1119.187440
589.349397
645.147095
1155.720087
1117.159901
842.927203
1121.344719
808.485193
698.903250
1118.945656
746.363698
918.343206
495.980957
1103.979287
1161.570199
910.733719
1503.767944
1115.792258
1201.525718
1116.163211
1040.885029
1166.953858
884.257501
846.446180
1228.527705
798.809073
821.198339
584.209439
1024.303976
1124.986888
1066.390337
647.923929
1409.638896
1032.388279
1116.855259
886.428588
900.213206
1034.678700
525.021015
794.152713
1071.268513
1026.046384
773.662774
891.433167
551.703383
1010.983720
1040.599120
1134.893612
1508.453605
778.207632
1074.946969
1160.890311
1033.954927
1193.718645
1743.409859
854.456664
779.147152
1073.276246
777.046017
1200.918106
1100.890589
807.616792
827.113513
577.717962
724.695936
883.147480
795.978027
634.898450
683.706114
791.559228
1019.345625
1080.908454
552.898431
1264.349066
993.741844
997.898764
1141.210169
1112.775749
771.822944
860.775091
811.441042
1154.373636
848.621682
699.483254
1070.837180
1241.760872
750.936828
1539.746892
667.397477
1029.459385
993.353280
539.322343
1154.509890
705.470953
923.073482
1283.119906
1105.623836
672.257644
1420.308895
1031.756703
993.896593
681.423973
1062.832716
663.228041
1307.584174
876.898572
1386.844230
597.028904
989.139632
1359.498880
1369.498133
689.195906
1121.495376
793.809029
1077.342471
1282.406430
1249.899131
786.682671
1068.850331
608.056488
676.760236
893.299767
946.960506
1062.275555
944.637038
1211.184148
754.379210
591.984153
1370.471696
217.352840
995.087552
565.821424
944.701332
938.565615
1264.626572
831.098023
897.231260
1131.743633
1076.051379
845.882832
640.825286
717.888511
968.825907
874.546467
1163.163030
647.587982
983.715196
1187.930955
753.382264
174.765058
507.536574
936.332784
761.376108
1365.051476
837.697838
669.537416
926.556468
731.300704
980.459618
125.751939
1103.493276
1421.115045
1129.480972
880.579196
1497.650645
799.996318
806.312965
1155.530228
866.333896
591.945025
774.055765
1472.443974
1137.255451
618.498533
1483.614342
1096.805826
672.699699
1269.658776
1158.749829
1326.816605
810.251327
1300.455157
839.521872
1514.887167
1463.273206
1070.425543
903.783161
770.242929
1211.631883
935.378169
779.005725
846.625890
785.357586
1156.088998
1018.409717
982.265461
857.615913
832.062746
760.331049
1022.174636
754.478883
954.101975
1339.474224
1216.333313
1173.773461
1497.181106
599.648849
1125.298583
1253.805251
659.493870
889.503207
891.817071
1020.370828
751.749638
1145.384429
1016.298651
1904.492111
810.849371
1350.580394
1094.040882
1182.081920
733.061384
537.032021
801.663167
1230.002131
1159.230046
1294.536992
1029.933336
936.712756
657.528581
898.907351
1279.353904
397.156595
277.343464
1310.420045
1095.569802
1054.254937
1013.641960
834.435096
934.256359
639.704811
788.890803
752.120847
700.285146
958.489932
828.935471
889.420840
1005.900322
1280.122516
764.059830
1007.470998
1170.618813
939.283966
1002.057558
985.232471
951.642500
1070.911043
1141.855099
1229.260614
1057.555085
1288.821411
929.512686
753.244430
707.765251
785.218588
926.403064
1361.482122
1161.065424
1480.589904
1281.372331
910.573085
534.218105
716.923170
1012.661809
646.771361
1192.309051
701.011134
792.368824
718.186399
1246.213666
1055.368034
1026.920055
1287.793035
926.352950
1139.888153
983.563300
1124.454640
883.458881
922.787851
1234.328757
959.682102
1208.498528
844.203872
765.454207
893.317253
1204.006815
788.554359
838.904395
1279.519280
811.215506
809.036103
705.661508
875.287375
1249.446274
1410.140406
1438.811343
785.820831
1170.660811
1071.205052
770.443729
1418.527632
728.270503
1191.361558
1145.423900
1284.762031
1286.020209
748.208087
926.231524
960.866131
687.742390
755.351082
1569.535042
750.328953
721.365929
1018.296208
1222.041033
329.681151
473.461967
1374.782121
1534.532193
1157.592971
1147.138314
1077.985853
707.076101
1274.849728
1100.669055
737.634759
1220.506158
1169.646756
381.696283
1018.162296
1014.615044
1394.898642
1031.915181
873.603228
1238.976469
817.173705
1034.423846
1023.432870
784.057224
995.178692
1017.025396
973.172135
1678.188046
930.221021
772.983296
863.239743
382.488438
1589.307036
1047.861477
1355.689434
1218.288756
1187.519864
821.113761
1226.746927
687.950029
537.327748
942.256452
1185.725806
1026.603783
457.041507
905.511873
1400.279847
1344.975709
953.425398
667.187278
1151.386639
987.231991
1268.691781
722.681674
1116.972520
605.520621
1044.971888
967.619355
1620.602129
814.231878
1076.295251
902.377224
804.387092
735.159935
958.631823
916.060181
797.177795
1270.280910
838.555279
872.430771
802.854910
1194.600171
1284.674949
1049.700974
1122.531382
984.068473
887.552981
925.289324
980.955992
637.694456
979.277833
612.959432
411.313485
840.079879
1080.999432
1150.874022
1221.823383
808.185353
1572.532249
1320.739085
751.185739
1534.634531
831.419842
501.765482
929.852576
1247.152248
1624.781165
680.351351
1443.562689
758.389657
1210.771729
719.081381
843.525881
962.635776
1088.305981
1147.500191
1205.890944
858.504374
1344.863853
1232.067357
1256.297269
1208.185526
944.787073
1200.987995
1485.957223