1006.163044
1104.395141
1053.391648
1136.391016
880.527525
651.055247
926.358578
1258.595718
985.886221
1297.834222
1021.937396
819.372352
1292.160012
857.270496
1071.987585
1539.271399
1158.620081
1238.249678
1352.562320
792.187992
1142.433740
888.704203
1095.393569
1143.722629
1274.937727
988.240157
693.200965
1251.628156
1261.568181
968.492787
933.732728
829.194772
536.481010
1098.788271
730.852986
805.502136
921.276965
767.536758
1466.383089
983.188107
1170.789134
1066.899429
877.745723
1100.895287
853.238486
1027.420684
916.143143
1088.765049
1279.655740
1088.798938
905.621789
1316.248681
863.563235
871.773166
1138.958695
1233.859639
1233.852472
1009.972466
810.599246
836.266526
793.213258
985.383294
1362.014687
829.419163
1160.101900
963.648332
941.186689
757.513178
727.357539
821.604993
1313.948154
1065.687270
1055.004398
695.826822
874.467619
998.675291
955.168908
1001.614167
998.062320
1288.601838
932.668083
1047.965039
1053.187838
1316.902849
867.650548
1163.800390
727.419230
634.886053
548.738240
1150.757287
1019.689784
818.235348
938.249486
762.486179
729.137447
798.809457
976.374902
1033.642468
675.764221
679.914261
768.890830
940.428217
870.264271
724.031465
983.952789
895.565175
980.834939
1097.908656
778.469307
728.744326
1074.711111
828.731352
1155.918427
767.617472
912.350109
870.166926
1095.178088
861.603339
782.065325
1067.634965
871.131544
887.659195
981.587189
1055.003890
1347.439564
1041.053467
1157.707539
1150.485016
1005.998396
1034.153973
1097.295316
841.526661
942.376789
1090.565154
819.647409
586.738637
963.671447
966.716654
930.663254
1011.890626
1046.858813
928.930420
1101.526836
1255.109603
1412.944157
979.308223
1142.649949
1284.111318
1137.262892
1222.745705
971.712372
1286.665925
1019.964317
952.457764
1015.607445
917.764491
584.633124
1049.839898
1046.107981
1198.717655
741.123039
1053.336655
1300.776565
906.304891
1331.593481
797.806700
802.948620
956.503061
735.583406
777.110120
1068.425085
592.055014
764.999937
1222.963090
975.649093
1049.845269
820.812804
804.197153
893.234114
744.609443
948.262544
1449.462316
645.080372
1080.416333
941.572400
1351.481679
986.050764
1058.284792
981.619687
828.962854
838.000151
837.130648
763.177739
999.501037
1302.825064
699.490890
1228.391583
1047.233263
1176.230148
1303.117580
952.407381
1458.216766
1209.093397
1153.338873
537.057350
1048.302523
806.427513
1340.040840
987.680197
964.844994
618.491955
607.004635
1089.545501
800.996236
1066.050962
1313.092862
1354.590827
722.910223
898.092135
1660.337425
1185.600147
1182.483174
957.072507
1144.713121
1292.330050
1346.326856
1022.339558
953.527525
1050.367956
798.248226
794.608930
1028.521281
829.163004
1187.880444
1213.161282
1097.616066
1385.151412
880.095409
742.436814
1025.435793
429.876167
1164.448614
1064.582153
952.762969
982.762745
722.573843
1232.678403
1254.657795
974.015257
958.581147
655.769363
805.146634
1136.385919
826.981781
781.367798
763.265172
994.265270
980.257848
1106.594140
1168.787179
1176.291125
845.595235
1071.466162
949.709273
934.699232
763.485294
1100.816560
1116.702700
549.060838
1019.143990
858.572573
1066.323761
949.236979
1024.500013
1041.746687
847.612274
966.740000
880.317795
1038.471346
1218.203024
1082.306144
1044.827603
1359.576879
1224.164913
919.172517
826.721815
1128.393138
1142.696685
1094.619275
1088.240417
1036.500442
1371.520358
721.597226
1198.371857
1315.457711
867.861899
904.308934
954.083605
1026.299199
876.720203
1242.554202
810.589558
1014.783356
1298.387988
1053.387660
891.799399
905.771026
918.092077
972.877093
1287.125759
1086.440002
946.231786
893.881294
804.641598
549.354502
987.576299
876.381276
1269.807540
1188.638520
1095.123970
634.489517
684.427471
1170.775632
961.386646
1001.957280
1039.767234
956.073883
1184.903932
973.556379
631.044280
1068.142240
920.433318
1338.047397
1268.418604
1341.921877
1047.262465
1246.711773
1198.561547
830.026465
1022.110994
1110.382354
969.168690
1025.158654
959.614523
1263.095080
838.347404
1031.508218
873.993573
1062.245288
1190.195476
947.518619
997.604565
1080.884458
963.646946
1059.729381
852.865533
1023.745054
1186.452661
1044.069434
613.204131
1108.487834
949.853183
966.694011
987.530969
1104.737026
678.641608
1168.687171
1070.988841
984.350897
1222.865217
524.374852
1229.531489
1147.859130
692.318624
1267.758467
1365.890561
735.207236
1174.322308
1138.927304
758.522622
1235.319379
940.487415
690.727452
1166.408205
1237.106917
1001.250482
1103.309892
1243.067495
1127.482681
830.273729
960.615491
867.131198
1043.110785
1131.325390
1618.826467
870.361769
1139.822324
1115.694531
809.450677
1288.761392
863.401997
923.899665
730.542182
1184.694874
933.502838
940.300724
1282.008487
989.346156
775.765290
1017.992894
876.439915
1367.491277
1297.200608
796.106574
1336.715014
975.630847
948.878929
793.529990
823.565632
989.800705
1064.936781
1095.745348
1244.897829
617.028522
983.152213
1029.992022
848.545881
985.842192
901.260161
700.744641
887.301702
939.830069
1178.870054
1104.056723
998.592099
1063.705129
779.484958
1101.098814
1079.994913
1291.690363
973.407015
785.872813
881.301723
1001.407511
902.205257
1379.173938
1238.181096
1013.420269
777.330650
887.747224
1092.573508
870.170267
1214.876233
1233.498825
1027.939106
986.009865
923.607036
1069.046672
919.062259
1136.000254
912.979938
1202.881233
687.041041
1183.959074
1574.699223
841.721730
1280.233495
907.570491
876.451696
676.985919
1132.672412
1229.243951
661.899913
947.372768
649.632491
1078.155070
754.791846
1176.027438
914.997833
996.473528
1116.214363
1092.752329
780.711236
975.747339
1229.851391
556.946519
1237.421380
976.265772
1180.340401
1551.733192
971.235206
1140.722686
917.819807
1210.047928
853.348216
1156.557384
1099.410844
990.688984
716.697762
1198.524103
565.894702
1016.012507
1114.010428
581.467150
1262.461581
1037.161130
894.919820
1084.516105
728.213608
909.957171
963.257597
692.338975
1186.655951
897.455231
895.749586
901.049461
971.227112
991.312140
1321.562373
1022.547688
784.230838
869.101669
971.500284
769.202796
1068.566728
897.939846
795.951891
566.446106
588.095746
701.287082
770.396831
1284.258909
1057.707273
906.619633
938.523370
1147.202462
1137.825667
1179.402587
1410.975883
615.949749
1149.307557
1052.013623
758.432814
774.181588
1267.550447
566.449636
1382.289216
786.522040
1023.197609
677.896154
1456.058382
1030.532757
759.595763
746.764956
891.734794
889.361575
890.219754
1129.327715
1146.131599
1154.847511
1009.416472
827.936498
1142.783271
1214.010137
1327.387494
757.858151
943.292931
1321.251205
932.663404
909.398909
799.713266
1096.187876
853.743080
1087.224621
740.381112
1290.864225
831.015363
1407.717588
734.163151
897.393310
1018.240419
902.878979
959.487134
1107.810395
1130.519812
1107.732147
923.502603
799.758140
1114.561932
923.096079
1119.929001
1025.173912
747.586321
1086.009743
866.963081
1393.142238
702.842955
772.188343
1103.462243
1064.427567
897.197879
923.462245
916.923024
658.817897
836.312532
814.081154
1352.899337
767.651928
706.067266
980.920206
1209.619299
866.628002
638.031399
1012.321668
892.742674
572.973729
719.423914
917.044734
1291.778008
1063.302255
396.131287
1124.504961
1047.873773
856.405533
1300.065004
1166.844978
1331.071908
1177.479099
712.074614
746.977635
829.713790
1105.625677
1249.872471
1111.287615
1021.902938
751.292879
771.852730
1091.759717
1112.767689
1125.977899
885.265264
779.904644
920.395856
1199.118013
865.656417
1152.101361
757.699192
1314.154809
1067.210175
991.038717
660.208575
1013.692405
1373.656361
909.932679
1080.871610
895.633021
1486.610070
1192.662935
1306.743659
1089.307905
717.039922
1098.504222
1273.559572
1057.692437
722.673509
1088.133135
1206.962976
640.252881
1075.566847
786.940065
862.020846
1392.673278
1142.750732
815.861725
1151.058508
1029.201846
1178.117270
760.614968
813.078826
1062.690873
942.156713
1513.556897
1040.840360
1224.004710
1007.090447
912.091768
1007.002038
793.970302
782.744396
873.444061
1129.650513
1142.457352
1063.432427
1041.368338
926.852193
1244.595536
1063.621356
1408.587432
825.224169
1269.739032
1029.980345
878.781958
1134.896878
760.629627
1049.343151
318.041753
769.443782
1116.861561
713.206634
1555.561229
996.479916
1229.971146
905.612207
1098.191161
1037.034816
1032.933332
1206.695316
1051.884603
1283.362021
1142.977923
1248.861424
811.065787
631.478619
980.561903
842.163411
740.262162
1215.644797
461.234342
680.047829
937.896264
867.872581
833.665684
778.851729
849.773729
760.312575
680.876778
779.579392
1024.718207
879.073703
1080.942591
907.522601
1050.693162
1220.058480
820.869505
844.921979
975.553239
718.476860
1051.180113
838.704425
606.947492
939.221909
760.044691
712.371309
1039.414095
715.879435
1304.916661
1012.743286
882.487949
651.575131
1149.356961
1144.643469
1011.427238
1148.119373
1164.311960
1086.163356
1245.325229
1085.460615
1070.924606
842.629095
1199.834514
962.188497
876.574589
875.355386
1236.996730
1151.465358
999.728172
1114.207419
1301.041675
1146.153120
1184.503341
1121.948880
1257.878961
921.274533
1375.086451
1019.867348
775.658796
1155.464376
1290.966560
1088.597374
805.856478
1492.421930
1013.978494
1177.582042
924.255041
1035.407080
824.010177
1186.489857
1102.421405
867.630378
1187.451469
1267.748091
826.999983
1234.163865
1118.034914
1133.852453
969.717104
1127.814876
1000.494147
402.548056
1001.462773
1082.864655
968.227857
956.017614
535.298587
987.860458
793.272800
978.572743
1469.271983
1122.592093
1056.134122
1176.428594
1028.601582
917.670627
1202.261418
813.866654
1345.959173
819.541805
1214.965811
1079.772888
901.560624
1368.533885
1102.492641
1041.430294
1045.110944
938.900885
1276.106722
1163.116430
1133.207963
1267.657015
1134.807575
1000.001464
471.894909
852.546003
1071.100980
784.361297
1112.113180
1064.226661
1037.706146
1142.570020
991.358423
1015.419246
1198.735751
1075.592837
1070.609139
686.976157
1051.380458
996.590204
1178.614790
1080.995233
982.823616
683.566544
979.626926
1150.562592
758.378189
1184.665534
1065.848167
776.488582
1306.536899
1135.233533
1058.075207
1146.800379
996.966441
977.428486
997.473581
996.245306
1048.051187
832.231652
1137.584816
969.305864
1081.698424
754.493400
1268.177782
791.199544
759.165348
759.137556
955.609362
599.050218
1064.623069
780.575116
1451.938201
1063.139640
1032.522412
1108.279847
1068.716558
920.916602
992.442087
783.822447
1103.689584
958.293529
918.996547
625.012620
1058.765907
988.383799
1251.350021
822.203648
1257.747097
820.421154
1544.356776
1081.078518
998.762884
1016.213359
1206.311016
1046.700576
1290.056834
944.893069
958.613832
849.735050
1153.410824
1131.443234
906.765154
1028.570723
1074.700221
951.837159
979.349119
1072.339840
1127.041646
758.279797
915.097245
856.610220
995.297980
945.929328
935.817504
1022.386030
1096.021065
669.044061
1090.298643
863.122511
1372.984094
892.529720
1025.195094
998.394331
726.405113
1014.443256
1349.819076
948.622654
772.694765
1158.943668
334.348474
999.647306
950.791361
923.916048
796.201735
610.413945
1174.385619
977.353160
982.554981
1111.160727
1271.030511
927.936813
1170.430785
1028.501643
964.944556
960.634293
748.996198
1006.128067
665.606460
540.913663
745.993500
789.117929
1043.145654
1389.947189
862.251719
1283.566155
1111.636028
890.376620
873.403988
707.943160
1131.178213
673.538056
938.726419
1010.473325
1154.696502
1319.734223
1208.164488
685.616227
1260.098642
966.806553
874.654431
943.575893
606.332760
1011.278724
988.503468
1032.517546
799.829001
1017.098004
787.188875
1086.413687
941.430642
1119.966610
1072.517189