669.893434
918.730429
724.441726
1767.632590
407.368172
765.204969
882.751342
1032.232283
1416.534298
830.848437
1115.769653
628.292439
1055.992200
994.378874
1247.380983
1487.869096
1448.259145
1064.640863
1037.557198
389.818789
1111.757453
1349.341747
549.404290
533.890031
1409.233176
1277.423710
1368.854020
1154.753278
1252.222339
1121.045811
703.658748
1065.193437
476.407484
810.628992
1326.242151
251.714471
1947.792650
208.586472
1182.836730
841.103146
741.152244
1098.392716
479.549880
456.504296
1715.756298
1728.207878
882.648065
1090.372134
980.387074
953.470962
554.952317
76.702947
1402.216805
808.155124
1218.583658
857.249911
627.722802
1411.936197
1501.301528
125.589455
1064.809494
137.373744
1146.802267
1247.617734
-1.481410
562.566883
1724.767919
1282.818884
952.986621
323.125269
1074.319715
1422.705183
972.697160
1246.066601
1132.209781
1284.840920
1720.831373
999.768047
1286.268609
579.992097
463.713506
695.235798
656.715998
1611.331640
434.728550
1566.319563
1000.769086
939.391797
602.549808
1240.907849
996.123994
617.918431
711.632765
158.683524
1460.200579
1155.564699
712.231029
1260.271709
834.276574
984.178472
481.628284
927.730743
1203.146740
1181.797082
736.703361
627.982453
1077.887875
595.815479
1556.075240
747.661694
944.743911
1515.741028
217.450208
155.532154
130.055667
585.130836
1776.756078
1630.738008
550.531867
1078.007275
1097.801964
961.332485
491.902868
937.921439
1944.170940
690.870600
-69.431744
1216.950824
749.408908
1470.389505
1312.839792
1521.637873
1082.140940
1394.048073
938.878542
241.226602
949.454103
656.462549
1482.300200
878.764638
146.696568
890.304665
893.294950
1150.384928
1042.137140
700.604619
1739.989769
629.728241
820.851733
1366.635190
1576.548459
1622.058944
1209.164867
1468.936857
1056.593495
1351.985460
821.665518
819.535746
281.957512
1268.863900
1253.421707
1550.886935
1318.656209
1790.539048
684.298716
1312.329346
800.577096
1216.972041
1311.289929
776.895212
1296.163844
1181.524487
782.822427
908.512030
1712.975257
774.398986
402.581161
809.511761
998.087003
658.142463
910.600232
1328.280462
838.635620
839.935096
999.191948
393.391499
1370.335416
960.570726
1316.372241
958.047791
927.796266
1311.056657
408.034834
1077.525755
1374.285474
669.054375
719.542417
1200.480033
980.299975
846.738505
1221.697187
1219.605674
763.323979
654.350255
1157.450900
1075.910906
844.976767
439.486867
857.108089
1156.718099
1227.215064
351.561150
1033.545431
1213.055135
1011.280228
867.707787
1504.800296
891.672311
1873.641281
741.353703
1468.826782
72.006432
620.686957
1249.027852
1137.976283
1641.805290
1225.982357
1132.400314
1119.008097
1228.630631
1687.144360
838.401008
1640.846195
973.765628
1096.147218
1178.597491
265.024239
664.328186
529.408664
897.268710
1160.288966
815.588526
773.291984
705.357610
920.090049
-811.322083
1328.411808
2052.647891
1070.002344
649.969480
1041.065278
867.357313
1512.411496
1473.261021
1318.648318
1591.672013
1466.899832
1213.069306
525.894623
495.235170
1041.472088
775.345025
591.585645
871.294753
997.111436
595.092876
284.635386
1347.385535
1952.156615
240.180869
845.790560
650.737679
1527.927900
1221.291933
1268.943875
843.531656
674.589185
538.817705
1055.243280
316.064810
1080.340928
1099.333458
429.948914
1367.273787
1679.703175
-65.558210
1276.969748
1173.887791
1463.814626
624.101111
607.501556
233.840899
1483.699684
1178.500868
1406.353753
1180.489836
1713.588406
1465.357698
284.040865
676.271313
1518.286613
770.675866
1455.236839
1020.297894
1171.251169
1101.701137
1136.333488
636.935463
278.972470
1123.544230
751.050143
972.012717
930.103144
1325.964627
17.612188
786.932678
838.856139
1026.308724
1599.441313
1230.950790
1521.533890
1224.249071
450.788229
1353.038268
935.251982
1031.759191
895.174839
1736.804278
1104.027197
1011.934677
720.222118
1089.278787
1133.211527
1500.086996
748.526875
1379.331167
198.932837
490.917957
681.488152
560.178519
778.696139
1385.824736
985.217891
1269.281933
944.558551
1053.112499
671.834547
661.764075
876.877582
742.768147
817.044584
775.096856
733.029541
684.059615
1585.000728
946.913670
593.922060
1319.589287
682.830991
933.107136
1052.969747
1174.132108
1783.489648
1055.834489
1373.083946
839.433138
707.315395
410.461204
665.214072
1115.153635
1467.495682
1209.582285
939.213260
863.859660
601.810951
965.924648
1259.154281
1129.154876
1199.030088
1612.228553
1529.216345
1283.120169
849.079293
1080.099903
1017.615786
611.197764
712.415672
1198.525550
363.579195
591.651252
1168.087065
1475.517012
30.137995
824.539223
599.014469
797.212921
1258.207660
979.988987
1236.462621
1256.368066
494.950921
525.488734
1165.801829
506.760787
1075.672064
1173.227162
1235.132349
689.956094
-90.894673
660.308710
926.993779
1203.872793
669.810416
183.768181
851.458231
1218.534836
1203.398398
408.499995
981.374456
1590.625579
1798.212355
1487.520018
638.100285
1060.117438
593.725508
1853.319124
699.298841
750.542903
1073.042649
832.655275
1253.928182
1336.649318
1082.113915
917.385240
1504.135521
1335.597160
1620.949294
736.841134
1502.622715
864.826290
1270.481113
1158.535622
683.168756
1299.567256
178.689117
260.755645
1741.144262
914.704276
1276.723097
856.171251
375.844922
1035.022979
1066.173574
1630.073061
956.048636
1307.993474
812.807958
469.855415
660.418144
168.486019
850.472934
909.628762
643.125978
1367.743324
2032.955770
826.363030
1062.758124
267.077968
744.680586
776.892244
1241.226944
444.440351
717.336554
1779.678481
1168.298605
1564.681797
551.255072
743.919267
610.746179
1095.200365
518.037052
1800.146542
1067.994982
950.191711
1219.376402
1227.932469
1454.554526
1151.860710
1473.483033
1427.298620
284.367272
598.849243
810.643076
320.142293
1161.550109
1407.339445
1378.715071
1158.334392
1157.899438
658.486384
1501.376475
81.478491
191.276905
118.867062
698.468907
1080.973758
396.898691
580.394580
1362.102758
1054.891946
1745.813902
542.391753
218.498335
1433.244436
1496.691944
1291.060523
375.102104
1075.311027
1768.638179
812.051588
409.970423
1104.972168
537.478498
1092.467151
564.685514
1606.461823
1039.089132
695.507185
1468.381303
788.826713
1280.144388
916.019831
-73.963208
797.487341
1497.303773
1494.300244
1173.339449
988.606722
321.397892
1221.423784
990.225372
972.912079
1812.054150
1100.379102
658.563976
456.803890
670.863560
1066.778983
283.856834
823.593708
1689.278498
812.671589
702.878685
936.013061
938.049133
1391.382877
921.735530
1339.290105
1615.787343
1193.788383
1174.889729
1640.751859
872.746395
965.815285
454.114927
1266.736159
460.741915
850.639843
968.002028
1554.317819
1207.306826
354.321765
1162.362559
1022.728345
1486.210818
474.887256
1017.128763
1431.328988
1035.188176
1247.216461
-98.720229
1214.691915
982.535669
1058.982918
941.184307
845.054497
908.842120
1040.591837
571.091933
1454.946365
1233.564947
1658.762749
725.631492
761.867081
1341.657015
375.745531
1565.614197
1575.572357
650.949582
1155.451759
1199.512069
1094.294210
1743.322510
978.869082
1769.308799
632.265980
1069.902539
-131.567791
834.100673
1371.700241
789.097180
1054.921994
879.499016
1485.642277
707.487315
353.686914
1614.256649
1403.637150
988.640798
285.500142
855.533275
1109.212480
1530.175392
1259.325921
817.333740
1076.052646
727.802156
974.398584
1014.176588
890.888562
401.009165
1045.894071
722.398219
432.324512
1194.235540
498.032025
613.851309
1565.855194
1159.656469
539.022847
1127.797421
902.826932
725.361277
1091.121121
1142.857296
763.219853
1437.688662
1333.321839
1316.167934
1395.131755
1620.449375
1147.665716
1254.222630
1372.519636
1382.485260
895.798737
58.467661
1249.851670
1105.184945
1890.777328
850.612984
1076.224789
1252.386844
272.269984
1753.526208
334.751944
969.277559
402.548107
775.179308
879.196199
844.456755
488.205516
112.075883
1360.247248
1311.290219
479.450890
954.781821
1424.024086
1223.401881
288.330329
937.628642
666.857045
875.622884
387.459757
1183.077099
160.334058
983.503581
454.053973
1583.894201
765.493017
887.291961
715.528479
1083.364256
314.501395
1638.716551
811.333649
-164.121469
985.058173
455.022693
577.312570
275.969731
1284.406908
719.645957
1100.729580
887.647302
601.861471
1203.534582
316.979171
978.025676
1512.081180
688.853270
332.700127
766.688077
1416.268599
1017.096398
372.574933
1701.385869
656.288753
1194.485490
979.101377
-305.583360
1535.269592
1163.566985
616.220610
973.831008
646.594598
1589.036689
674.850465
941.081313
860.887897
855.119534
1257.005734
1260.995004
1049.110766
-206.854638
897.390408
966.780633
-103.599581
1747.347231
970.149649
1559.795988
483.419349
957.625952
420.405289
1759.708602
882.977855
896.538851
1503.775832
582.106003
1055.063552
1313.666929
1275.615329
793.338421
254.720375
937.001781
452.918003
555.463155
191.413200
491.077223
999.773025
1454.821041
1128.913093
1700.410744
964.281581
465.789740
1050.327329
1433.706285
974.083367
180.273313
1452.201593
1155.763900
919.049222
1163.136384
634.229678
1039.639767
1292.893479
1558.870919
815.056492
982.880141
799.475407
1198.435761
1855.005535
975.499569
916.186748
959.737187
1876.935579
1129.847940
918.294263
862.972224
427.215003
1440.324257
549.691594
1095.253103
1071.568651
543.397023
1375.360969
1091.787296
459.739392
859.648413
792.132072
280.029074
945.147297
787.306866
812.089057
1151.402211
899.448265
887.470826
962.325370
1403.436562
859.195051
366.170097
1053.805393
923.813592
1545.825890
1015.763771
1280.079232
1009.896100
1224.369113
1621.938832
1021.534727
1308.983712
720.595692
622.177593
791.255408
1118.880328
1140.914855
1017.370494
610.083021
1304.387359
1037.024754
1599.996221
896.893689
1028.488861
1540.528056
1387.448214
154.879506
714.889022
1323.076416
1067.361325
70.502473
712.597945
1308.354212
1339.155450
613.618410
323.262976
763.873372
491.913865
1398.355889
1238.071656
694.008639
966.372119
1227.419902
1209.474631
760.845245
1382.369908
380.854813
1372.695207
673.795538
941.778341
659.945581
1258.873115
1460.612147
1253.018482
613.343054
1384.615741
1235.546820
852.934713
1353.410606
1385.465377
796.390605
424.075547
1368.640344
1094.981709
1342.190174
1215.568373
1003.099866
1147.889663
469.741414
979.374329
1473.972410
570.909590
1491.607245
795.522725
1562.131588
846.287426
1896.545397
1242.970708
1162.357003
1013.921249
892.808811
805.800792
831.519250
628.420634
1526.532626
615.196607
1315.614349
757.047290
1699.689577
1208.717289
1262.150803
1472.287219
922.908539
714.835956
773.764451
591.224891
1464.116722
1083.774070
971.876555
1229.691003
1102.733319
1597.919913
238.096125
1284.279198
1575.504897
1374.938768
1444.525703
639.117402
697.985905
921.212163
761.177255
414.904760
743.386037
699.593590
1022.720925
570.952603
2118.632848
1182.415529
214.829716
1326.207812
426.074782
1180.703337
1218.162592
553.962792
1046.683774
984.251722
1206.456879
459.822749
368.656271
906.652398
1021.781410
507.950934
1659.305956
862.771586
400.635174
1625.911141
1549.809180
652.889725
348.241760
1136.306427
554.873819
630.887655
382.114322
552.901081
539.239974
1412.738532
1427.553384
1767.214932
1334.290169
871.805880
825.196677
633.994571
752.252061
209.401187
402.992276
782.350646
834.412727
963.791541
834.982776
876.221110
921.593727
1443.401405
1118.130892
622.656851
1223.389580
1193.612889
1241.725925
1130.297576
1311.989240
1059.347833
1444.316880
1547.367307
1053.849674
308.914117
1504.990539
843.290883
875.370123
1333.645754
818.819067
681.289567
1504.020634
793.268024
1238.474202
1395.933597
1356.637513
649.463944
1326.417375
1746.192010
602.431747
1168.273071
1245.619898