1139.914042
1066.889253
891.176468
1015.728626
801.797335
1155.447592
646.474036
744.504334
699.224259
1002.197365
1428.016189
1265.843466
1554.669339
869.216186
1013.105205
742.669250
1106.256266
1448.548008
1102.680257
1029.559923
1450.166481
806.218860
675.687424
1275.049857
988.923102
1085.336878
713.240312
1135.808935
906.256650
1052.904634
1177.405906
1163.387136
1437.857152
816.752620
1063.041453
1215.926140
1301.528787
837.870580
1052.871604
762.528903
1062.912468
1129.908906
810.127956
1115.177979
979.747406
950.323703
1131.127055
1151.741138
658.829733
856.459996
377.105270
838.399374
1067.117905
1302.584797
931.960016
1001.518387
1188.073330
1120.252991
780.046943
1100.465725
1064.100874
797.007921
1306.098474
1183.888012
1142.788907
740.406787
1035.117470
1188.203193
981.006146
666.444473
1002.652372
1041.866460
640.387199
981.597061
1103.472893
1141.517898
1146.670662
801.740251
852.025471
885.961245
364.333591
1473.169639
1674.756958
727.953300
661.073476
810.733264
943.276063
883.439117
995.862120
1049.348634
990.841074
637.717151
587.703959
775.337206
1113.294966
1270.734121
799.204831
1172.334667
1285.237610
1340.542846
1468.848312
759.130558
848.687912
1069.564634
1244.542281
1357.709547
1169.450923
876.064527
961.656013
927.327424
868.848879
740.830561
723.281593
1166.506741
1399.468861
1190.686791
968.747273
1077.579438
951.367184
1154.823987
1185.781053
667.444571
940.603283
987.665323
719.382073
797.785204
974.525678
1129.352526
1023.142670
1137.196077
734.667445
1184.434420
1456.063490
798.030535
1223.281757
821.930336
505.708722
1067.099455
919.558591
1034.388297
1111.774648
608.076087
1430.928089
1667.083659
866.989120
1271.943589
994.687727
868.797876
1118.933662
822.532815
1048.993471
1051.400097
1087.483730
903.261552
690.132627
716.119175
816.785473
1273.923430
922.031757
1149.198215
535.035596
931.251206
741.050310
1111.981794
1304.842424
1389.790806
1338.516110
1135.221603
1208.409011
766.102074
878.064526
1049.868624
1222.956102
539.834576
1032.807712
1123.392679
1065.980926
707.937227
976.037494
884.991956
785.631868
1283.152118
1220.910447
606.162205
821.339510
934.005242
981.682317
769.023767
1056.566572
639.222293
1154.360160
889.620362
993.646907
1227.308091
1106.171238
1046.486211
837.212053
1028.182199
1094.668089
1007.057782
802.885659
1157.725906
957.246418
1172.807967
1143.620294
777.914200
1126.671786
1056.029312
870.982597
1271.154736
839.624318
1125.117358
1042.225379
866.509739
993.381381
1197.881461
1105.263592
805.403193
1366.697169
1082.794124
1141.815643
763.663913
1315.613927
1028.340772
805.233831
1141.376436
1219.175503
656.661322
1274.088696
1079.805521
1044.504197
742.720112
772.455766
1170.847106
1271.673385
1380.196534
589.177724
800.546896
1164.496139
960.282335
694.838904
1044.638288
874.663255
1100.455322
907.987519
975.382886
541.274151
1225.149901
1165.975796
972.876221
1376.484793
867.177381
1218.047247
1062.285886
827.992504
721.867913
960.700716
1118.051998
1017.702447
1266.041470
807.661510
1229.005232
1004.064898
1073.817700
939.057625
552.876764
560.315380
753.330248
1286.308374
947.225047
727.812443
1040.451692
1010.098726
588.338268
1114.144527
1071.582486
929.822114
923.346591
1033.145367
879.318404
1155.263758
1296.386109
1329.077536
1212.196465
738.458639
1053.953899
1272.136188
1365.789428
1062.184907
1175.528458
980.811848
1103.777062
952.591434
960.809627
889.168144
804.572181
1094.025712
787.508860
615.859206
846.854219
1027.365632
935.048729
1124.918563
1201.730533
616.884421
679.075268
1109.859755
674.388619
1027.288200
777.065289
804.573540
1237.212307
1212.081737
952.868337
934.801360
1285.611033
949.102528
803.968193
1112.824055
1193.995428
1273.864888
921.331382
1320.063668
798.041658
849.183403
1109.114071
598.182294
1060.213644
998.852346
1035.822300
706.555052
1166.116321
743.834248
1184.983568
1262.413360
1022.372066
604.576751
1097.995445
981.947198
1251.007376
708.764730
935.549074
1200.415009
1008.990699
1070.136954
1312.116898
1009.599924
1013.150933
1164.043284
1197.038514
607.060381
1226.885138
652.592503
1003.430803
943.473813
916.776545
1229.363672
813.489199
1186.989178
1292.697151
1433.421353
1092.942413
733.703148
1024.259436
972.672079
1462.123539
797.790540
651.485990
526.969634
1380.049269
832.577732
1157.085846
1061.124731
1046.364055
926.442177
1403.315074
819.249804
550.695916
1117.398301
1244.569640
620.187027
856.111883
1038.230033
1233.755633
1324.000716
1150.212015
1092.822607
998.943335
678.140487
1031.735857
1108.059394
1164.118172
1204.103644
1243.564437
1067.960779
1003.225806
1022.941003
1430.451265
1122.468339
1065.596073
1101.016841
1298.853126
1089.519462
1214.909946
719.717390
1206.275881
1099.151682
800.400802
928.044070
1255.192859
1032.203742
825.830231
859.784555
1116.133847
909.607529
523.897498
951.732700
849.906391
829.184819
1060.233878
823.257876
909.315253
1086.352152
971.553528
1017.737595
1103.696708
1280.032859
741.900273
870.663672
1315.713261
988.286590
1174.116820
1164.402024
955.166977
970.504760
1160.312274
846.221269
787.827228
935.909447
969.140910
991.063272
831.728387
1168.739096
1112.084091
989.165543
1378.359072
850.713373
1136.121959
1173.990746
1108.329083
777.520129
1187.159762
1195.822302
823.142458
1295.051068
694.499715
808.736272
847.998520
1024.151143
906.347824
1139.898939
954.968527
978.053558
847.781372
1396.517237
860.203442
850.104259
589.558136
846.841189
1187.752934
860.622572
835.816929
1067.161559
1000.491308
1277.667872
1141.073655
849.673646
602.078790
1208.401755
1035.094174
1026.448082
1010.739058
1315.218222
861.234341
1102.731625
1154.373549
1022.792153
804.208785
880.734225
1316.001060
665.402953
904.898237
1256.153502
1136.393802
1060.313194
810.322784
1061.372747
927.548440
958.938850
1000.546866
1018.155740
791.083231
1226.203853
1372.087880
919.764002
1033.101621
1150.014299
1171.604655
845.507638
1195.128587
885.193290
1289.493356
1041.220577
1145.893735
1042.484258
754.579840
1196.989726
1273.094213
771.021264
1025.320445
1195.609941
1334.401739
1274.571323
721.328923
985.213610
807.486627
1114.318158
682.578878
791.742809
1136.637560
1017.587517
843.800120
805.888752
566.594941
1166.787738
873.275729
878.265898
910.041233
822.814507
1240.742279
923.608846
988.083575
1108.389036
1065.418644
1181.908915
1055.144724
854.580236
1048.500800
1252.089900
983.922968
1094.730145
1142.692358
891.125521
614.230558
684.947541
1325.301230
765.760796
1016.269960
1015.933288
1111.151204
946.869377
669.657262
1092.531749
1045.830240
1120.889905
628.762088
1023.959402
1149.885735
974.075474
1017.737383
892.796109
1089.106622
1007.947714
1401.706645
1029.185223
1187.611609
1085.403111
1129.697429
1439.505408
1162.182941
1209.986680
1023.943507
757.822750
382.246677
880.875085
943.559497
851.741851
1096.541596
1234.024214
1148.863621
1059.018938
1197.818299
838.160232
1238.933418
1053.894283
1379.841440
995.787798
1168.587494
966.663044
546.805265
1025.756647
1082.989756
1118.070981
687.116866
1369.199431
1191.692534
1286.201946
874.924966
1025.781420
943.851501
1114.126112
982.714059
1249.052485
730.243229
1165.500494
1245.346061
987.282054
1531.182231
1286.191086
1282.370163
1057.648730
1423.739021
665.296517
663.921569
1005.834165
1051.912921
971.470061
830.124149
1081.413267
1058.315119
902.222290
1574.584266
1156.711601
799.253067
1006.392156
854.884797
1025.150879
605.772590
915.109467
803.401172
1134.639772
858.703507
844.410419
995.178939
766.319998
1088.829690
1369.385678
856.405914
1045.810593
696.701366
1070.231674
1157.231249
1290.637697
856.444733
783.723901
1131.462388
1276.874142
957.489647
975.268523
1079.317029
893.912803
711.748212
1242.816972
1327.799008
1213.386771
999.331663
974.113240
1165.847834
902.900503
1225.363780
978.197939
781.195334
1031.181863
787.388174
812.780884
911.026440
1298.693796
1025.430299
1202.548110
1040.431205
808.711479
1259.181043
877.209826
776.738420
982.301545
807.462284
1182.293893
910.319066
1219.154418
1000.535369
1211.551200
582.155670
1283.353596
1284.170828
1032.125780
1120.141548
969.709841
1103.525790
763.908290
1190.942346
1264.381613
936.097851
1425.565408
1083.736329
1052.383301
967.002349
778.776984
1147.064342
855.821853
1304.878617
1360.398994
1194.266622
913.945102
1390.683394
1050.740274
962.558214
801.962685
738.581658
976.797881
1331.813760
916.218481
1218.138277
930.832030
746.136541
794.812298
1191.534292
1020.481489
1092.898275
700.318737
1028.345636
670.795926
1185.946910
1024.026912
1034.462202
774.200567
1207.732980
705.584560
949.953791
955.723016
894.108177
1079.668238
930.846184
1097.631937
1292.962830
721.905470
910.195917
620.550731
943.510189
875.579095
811.650785
455.486154
955.648870
832.305009
1218.615512
953.269279
534.945207
1348.671082
696.240008
1324.455961
738.966238
1444.208691
969.919307
1013.007388
737.276832
1094.208423
1065.337956
869.148443
952.514413
940.947217
1065.572935
1278.935221
1104.474692
1331.305966
961.391171
1048.620180
698.255261
1095.188434
911.694796
1234.314936
613.879790
1101.969426
935.450490
1247.451078
1191.933907
953.805068
783.893567
1567.565737
852.234240
697.847395
948.358751
1151.778376
946.653638
1096.457779
1015.152473
1233.848463
939.735035
1073.241956
1268.646242
914.078946
667.014528
1064.214959
1253.913740
1022.654654
898.296657
1021.896642
1052.195534
1159.969912
1143.279709
1295.159726
1204.443156
1223.471419
1116.678010
838.374939
743.104113
1139.672179
818.847771
964.756720
1027.103577
1167.201325
1201.174261
941.377791
1021.060301
812.726639
856.879600
667.803437
1130.751570
925.970691
880.836204
1000.985640
1029.187370
854.209845
879.998184
837.731514
1165.808985
1200.896473
758.245230
947.372235
985.236482
831.609038
750.191657
1252.785151
1145.695744
911.212496
984.316924
1138.682040
945.526700
942.465065
825.369039
761.045748
945.744153
1115.942257
1086.556951
1199.291110
1165.100257
757.164632
994.436541
860.539269
1087.717987
954.834918
799.845024
823.206566
816.523904
984.029937
819.382969
653.963059
835.856227
925.848526
1371.313868
1232.205403
939.044549
705.842457
979.038069
902.485506
1052.309682
526.237712
1018.914866
885.802358
904.400350
1073.595588
1112.237821
851.190934
1336.770337
1077.043720
977.929385
1461.471745
1247.195313
1209.029243
927.029452
666.302443
948.930197
644.988496
758.333278
1148.089336
840.283017
933.511709
1084.227274
800.090142
684.769104
1248.079597
1156.108625
888.179716
888.676826
1256.384237
1171.526141
1106.437330
590.795238
1108.621591
1226.138794
942.890812
1097.687773
982.619708
1076.058613
1187.021993
933.391603
1039.484485
948.347017
1163.919425
1159.240394
1052.497094
925.730936
1002.744460
1023.242917
1095.079182
1202.240692
833.218760
989.836791
455.720871
1172.001485
658.138424
1245.081233
1266.144156
1015.158186
1090.892220
886.894330
1141.813670
852.152434
1047.542163
931.149273
1044.637303
867.449958
855.620344
1250.595883
1218.251725
809.657078
856.866232
859.697831
719.570790
1250.041334
1159.155124
1129.917746
1204.282824
1116.534850
894.718368
1210.966303
906.269647
949.675503
948.871167
1090.349886
1220.745266
418.864979
733.547878
960.728828
799.054453
682.455869
828.401506
1456.617583
1101.295850
710.800300
1194.188490
953.030841
1313.163936
1309.016090
728.409999
1189.165365
1112.267697
1158.442935
969.361656
1203.394240
1060.864636
1155.319729
1142.595863
1162.250152
1079.720476
775.823138
930.966057
890.248964
893.466270
988.113429
1006.512353
874.995578
1208.131667
1124.184602
1162.311717
1379.117224
1246.414671
755.942217
919.817742
822.228410
958.094455
1158.191843