243.081225
1112.911071
463.712651
1287.661940
1333.939017
1077.143030
1015.266509
406.658668
1314.226921
1056.731599
451.475522
530.632522
386.564657
1373.472492
873.660069
1621.648109
1611.686075
973.872312
1040.892800
266.358997
725.257284
850.065629
1825.799589
618.572548
2303.556938
-321.110722
332.114661
464.180760
874.041684
402.641945
697.614392
674.976170
958.508088
1124.187936
1087.618269
1177.980819
1154.298851
1279.876334
424.327925
1959.411861
1305.143757
867.742645
1977.602006
-324.685354
357.027082
977.708291
570.018737
631.638117
406.436844
1093.260165
617.999749
1252.213035
1904.343800
1023.734027
868.303657
936.399140
929.557341
1365.968899
1380.852267
778.133130
10.924994
1571.004784
814.760166
1811.102679
1306.544104
829.013957
1539.165303
1806.572331
960.104862
1139.842454
1771.388385
1802.014595
-154.426593
914.053249
1862.700193
571.415486
594.504442
1455.999499
423.618054
1206.412907
1315.804690
2081.760132
-52.556612
828.720625
1424.051081
202.575608
666.169144
547.364038
331.275665
1257.905981
1108.063137
730.251521
1241.612841
996.023376
990.318950
710.089089
2111.599546
1057.359888
2099.450010
1565.256280
1106.633477
1070.293152
1215.291187
1272.875943
-38.473676
355.145023
1057.382370
1869.542559
37.982220
1206.262438
483.289471
1449.243524
128.210702
-226.207181
793.648705
2053.162892
1056.052201
-205.825563
1791.491108
1726.670667
699.528122
-250.403832
1461.293538
239.344608
993.782695
848.861400
1168.788578
797.058630
1729.304786
1618.821015
479.189228
1123.841991
917.496335
997.892581
954.547514
770.813801
1285.174016
914.531582
-30.350376
1226.920601
792.852768
1834.739950
462.826989
781.027183
1178.295135
1283.183885
695.979594
646.259588
257.440687
889.395437
925.040079
-237.985008
1441.878656
450.337039
882.868883
557.694270
1604.682466
399.676537
1384.713262
2032.491729
658.489042
432.822855
1233.699138
1014.711550
962.694149
294.556278
899.526703
211.855039
1052.617950
1301.833221
86.246221
221.460678
2154.460146
976.637890
1130.364635
906.321176
876.080639
1480.061740
1742.156313
829.767185
729.870208
998.377568
378.553950
642.555158
1524.056970
407.264486
-80.818629
1434.785326
1330.133650
1093.528181
217.240928
987.176874
1247.180417
1044.480776
744.339031
1203.006037
1775.783226
1071.656817
2090.028728
749.795082
1490.954295
1549.051937
1252.713342
1045.562487
255.246126
236.415854
1333.326101
-234.216369
858.360988
1209.602573
641.126161
443.098420
1146.604591
299.395347
1328.075175
563.122130
850.348096
538.926080
660.092561
703.195698
2059.744377
713.166789
502.474839
1404.756641
180.748542
1126.296240
1209.524341
1757.663954
763.793686
79.050122
1334.046718
359.601167
834.017946
1244.742828
1341.945238
1299.663757
575.966898
1346.310256
1129.641098
1644.315403
279.229301
854.684072
837.498873
1600.290361
1393.333456
2018.054822
1388.661208
1528.995532
785.664960
1200.827256
872.632661
1248.872895
102.587788
1481.268361
2022.534060
879.724429
452.054800
1298.224297
564.495604
70.759720
813.473540
1400.767145
1227.630542
1638.758812
178.642148
391.711935
514.443778
1125.740462
530.866942
990.533550
1342.764639
1363.968227
190.529648
676.391130
888.629677
1320.085050
712.284568
1120.132706
1166.206346
16.553856
1972.626759
1298.808799
1443.795865
390.216384
1187.411699
182.655497
190.499012
919.871012
1390.965023
1250.233294
909.813753
200.913859
366.389804
1160.638192
891.228830
658.635940
1203.004649
1791.432092
1170.201802
1507.604834
404.495319
415.015830
1731.956871
742.956937
1250.008617
920.392293
2043.514656
975.870737
486.968277
963.863998
688.426807
1119.339982
1193.289468
1283.311304
1267.552419
460.146660
115.467170
1090.525071
803.027966
1850.197602
398.174995
1608.620100
930.695684
1351.087395
877.537070
1229.368781
752.436487
863.435229
277.944796
97.819578
1245.588317
1634.232863
1958.659293
1629.917398
956.296904
1412.722693
878.356348
1125.061728
772.526836
849.882220
725.275372
1109.490395
1189.996253
757.084241
657.651647
1436.533751
949.577384
1115.529565
832.609870
739.986793
841.718191
810.558100
835.157816
1151.521977
1830.021221
297.558955
1163.571508
990.861554
1600.073817
1518.940061
1205.954759
780.807117
1256.516919
981.770818
787.635270
1269.907935
682.642084
1650.339624
438.027011
842.432815
1423.051959
1442.272817
988.715676
1606.227062
803.892400
500.476186
2753.820738
1006.968359
1793.881549
1266.948638
880.741389
1410.192283
255.353459
671.504865
712.687332
2990.667001
866.312230
475.913816
380.778460
2237.947450
598.756315
917.485035
1642.978006
1261.104380
675.301903
1599.004568
477.812779
207.917395
1041.212252
1027.712466
1404.153576
1742.697855
1103.338107
433.825313
640.804177
1823.489271
1075.027543
1556.978728
1201.513171
800.365376
2154.952011
807.108077
1859.697881
665.081416
719.341309
512.722561
1079.365707
360.092780
1799.869646
1892.771087
965.627274
784.355266
1510.645227
820.861252
648.023372
1206.257106
1076.329808
119.326593
814.583987
1491.828413
1332.569496
949.385840
484.147980
852.300041
-44.735853
1462.461066
-238.404963
1969.283859
1014.877049
996.381006
564.237148
1598.448338
1309.339713
1293.703067
884.062042
1091.816128
677.104740
1253.288488
690.810897
1508.460593
261.153539
1040.913463
672.088543
738.552178
-55.886028
1152.512562
475.385721
1121.048474
1116.683312
-119.486923
1640.467590
2454.113464
1417.773548
398.646666
376.742171
1709.124259
765.259785
435.486428
2020.459508
612.676427
1057.505083
816.597265
466.303916
1651.584666
1281.504415
771.068580
242.812593
227.922341
99.923465
1049.280437
1198.596664
194.908314
649.765603
2174.218859
1439.440368
1556.892579
1229.100269
411.990729
1207.738891
2359.228044
990.250018
1520.316983
1197.713502
205.122449
1115.161636
-180.247409
1737.243516
1011.396586
1413.788096
1207.692323
979.219537
1321.986013
-19.178698
-185.024792
165.479930
506.020637
249.132058
191.539328
1412.559135
152.019646
1338.437547
772.140462
658.156846
727.790153
1066.101732
1203.752689
1522.797560
1284.497302
1202.277697
314.241421
1429.774082
606.714115
1210.931442
1257.488140
1091.605736
-209.203887
749.650706
124.417983
878.392369
438.360961
1393.307791
697.119344
-111.010581
487.450294
579.588365
1113.664228
522.417196
249.215000
1687.606870
966.244805
352.387415
-242.089204
898.131466
355.249290
728.105964
1147.556645
792.244654
1727.886910
1381.019433
2.636611
925.909773
1371.457842
1316.699987
1569.766828
686.776570
1451.992081
1087.252438
841.013222
334.816015
1258.434360
-8.820715
2305.867003
1178.624357
361.215987
54.409180
1371.492267
1117.062420
1263.267599
197.268738
1347.794834
1762.348622
295.237937
140.552881
1204.638560
1362.166005
1128.147152
373.932036
-341.014464
880.362189
1591.993187
695.597247
1360.007604
1013.329610
1781.226892
1180.768275
654.934074
1359.057160
1453.742888
911.863178
429.333027
928.899655
-14.263566
1592.740666
2036.388546
-140.659419
437.998677
505.675547
634.742250
1095.629532
735.063768
1231.194748
681.877867
754.674641
640.148233
1592.966218
1227.661601
1489.358354
1463.689730
769.988231
1728.930595
1456.733130
1662.907027
697.637250
832.458944
-305.394298
339.312501
627.779896
211.189986
-69.907648
562.441036
976.844990
1507.029330
1162.012584
69.400134
768.111268
1261.469966
805.256390
1181.517572
466.739039
242.295551
530.840123
577.978350
472.693917
1461.109352
790.087006
896.559311
776.014163
691.419104
165.710390
1297.890098
2056.193745
265.001562
993.865102
1543.832001
1277.749782
491.614594
558.895713
1359.115224
580.626131
1579.769390
1361.590531
723.749645
1333.978286
-298.679410
335.722975
1558.837826
902.701511
1695.783709
730.263086
949.679707
116.519822
239.226590
371.553533
166.435348
539.462231
980.446267
1157.105600
1205.069481
938.249930
975.791441
1357.085271
2529.746968
1586.788407
642.633940
1883.244862
398.112979
1571.211585
870.682592
787.799560
419.622113
1168.533184
1390.520751
1226.842728
1435.429460
806.600656
1732.592119
7.615139
1648.063830
2133.847359
660.467805
1862.126205
1626.044271
470.366549
728.368717
753.639151
866.057973
2305.427312
1267.713468
2010.392110
972.536303
773.764866
1404.479256
1146.893718
837.756860
1629.923204
1286.524926
700.670729
745.236046
1284.610803
1051.802908
933.288249
436.458146
1267.512047
538.461940
1035.930900
573.908391
1072.063183
1175.969180
349.398783
2276.801738
1209.533680
705.589372
1283.970632
1695.482214
1834.204481
1521.655860
1053.307834
1544.845148
1372.198820
484.099668
1375.520192
1813.335169
144.979335
1562.962032
438.280030
160.305815
-1.390289
1016.284862
1124.452074
1094.876282
1228.470993
1523.705029
778.170726
1121.557327
1602.772141
156.803470
544.894822
2391.631925
536.696344
23.425843
1442.254396
553.548667
871.351216
625.247191
587.887835
620.735618
575.746894
157.322213
1092.721689
1145.967566
767.695439
593.298533
805.130402
-367.144648
1850.199134
1063.266882
2104.219039
1917.763368
-202.315057
1758.897555
1121.823356
178.161437
1397.980500
671.058196
545.918687
1196.932205
1156.341438
794.236459
1382.264964
828.990967
1133.952336
1065.371454
755.588931
1337.024329
267.002032
454.771837
1577.717234
-303.326909
-19.860067
794.289401
281.283220
-1112.680358
1843.352630
2188.158601
1703.699746
435.589028
1533.532002
938.633190
1664.319255
350.411298
1231.757222
576.536441
659.211242
910.273075
1084.440530
363.056424
1358.613632
-76.594305
1305.656529
513.606870
1506.483338
961.606194
1213.774216
996.574220
406.540789
1153.035351
1317.749312
1254.464267
1590.021027
996.893413
1253.749277
2047.547672
1885.287968
1902.810494
607.282423
1121.608004
930.569306
2332.329372
756.915590
2360.838982
1125.384288
183.314572
918.102433
289.645454
421.415073
921.854765
1126.142869
1272.928331
1638.384691
1706.707257
869.439556
119.151278
1300.349742
1152.823938
1338.308513
1285.672467
1410.685158
766.288271
2214.107205
1187.371231
918.812558
-1.216605
1483.650434
578.391333
375.853592
863.582925
77.621083
231.776581
724.773078
1654.117628
1997.329547
616.436725
573.312586
1421.330282
1296.415388
1534.235663
1370.517230
1644.201605
1075.450232
1328.391932
1891.471660
687.498668
1531.617601
1787.864759
1292.471061
1258.324387
1791.707636
1759.552294
684.827518
683.818872
1209.300731
1527.702506
1493.198445
1903.381351
519.940149
286.555107
1186.459315
328.115898
467.083125
341.886866
152.521013
669.456956
1335.650515
758.963657
608.890466
1657.089760
1468.175592
819.399960
1989.723986
802.679407
1265.516677
1859.739341
569.502053
1481.523222
222.976960
1330.186806
979.650021
707.777245
1777.602188
870.239409
1224.569159
1389.224650
1181.430226
244.789946
813.944516
885.862023
1931.429470
949.315332
570.079761
2035.855332
1476.332026
332.219902
1286.638691
1458.677180
811.658854
719.272716
418.680347
1716.627800
628.084935
89.232718
-391.183911
415.988427
601.050412
1287.295946
713.452685
871.050372
1527.945114
1789.387415
1249.565909
1277.739062
966.875515
1532.585217
301.404752
1006.980636
682.096671
1174.983467
611.079778
497.429530
628.174642
161.322728
635.872685
1606.437425
1737.213475
1241.825801
1534.140390
1480.182400
1457.620356
498.805650
945.301594
347.931963
1061.187906
200.558459
983.892598
1643.520486
1534.029038
1446.595768
1059.794517
479.498004
39.250095
1722.457413
1557.756766
998.553383
405.767894
370.941229
401.020965
1185.545473
1752.521585
1175.493283
645.251092
426.389032
865.429297
651.027105
825.129681
1330.506379
232.641490
776.085593
591.144368
1206.544610
826.842725
409.528982
383.760976
1382.897758
1501.199844
1203.280036
1159.263296
1175.859435
1267.987105
1525.139133
1357.162872
36.389269