1314.835129
523.921174
903.162601
963.685884
1212.585430
1365.355277
583.238824
1010.796176
1051.293467
556.073002
966.630304
973.277487
919.502121
1078.134850
1082.228230
1016.848312
1133.385926
767.766199
1039.805714
1342.030346
742.735465
1066.947770
1053.393479
1050.968467
1187.870007
770.811326
1013.607017
1377.859413
1293.440524
1104.104032
971.939448
1157.043495
1164.362559
847.918575
1337.777956
918.357166
1041.980710
1171.388759
1023.291788
1183.994089
1341.004024
744.286838
1315.743194
863.869186
890.042100
695.703287
1086.556588
1003.992342
1253.734706
937.864615
1077.795989
1194.668273
735.243683
602.341539
1174.366523
1049.304470
890.458456
1166.485116
645.059625
933.199469
731.870402
1217.853216
793.484232
1272.830299
806.807844
1455.351615
1137.899795
646.495654
768.478440
976.519184
815.659486
1237.412329
1184.315965
1114.736727
974.988663
1153.784541
789.812478
1292.094084
696.841070
1124.138742
869.802920
684.436839
932.422011
1360.388055
971.828383
946.334852
1066.459572
1022.106300
1156.967345
883.164151
902.419547
1169.365098
1002.941695
838.797346
884.167074
895.487454
887.793935
1379.726812
883.942173
710.925388
1117.231791
731.841852
664.368509
838.965989
647.154460
867.632506
961.439735
1099.648896
1284.528544
849.571227
1150.629831
852.736669
1107.752433
884.863505
913.277929
901.956122
794.226955
884.524828
1099.083103
1358.105371
1184.750978
663.782369
1119.405590
1410.082027
1197.948680
1043.899445
711.625912
843.617819
1090.906188
534.075202
695.816985
945.600998
1076.804081
757.189307
512.176513
970.069368
1082.826566
1134.064104
1116.863290
907.688906
801.351215
940.069529
892.240630
1209.124677
840.975145
1142.857598
985.689353
1151.141870
791.772502
725.460250
470.073806
984.080512
990.724937
1100.550150
784.912461
1184.442475
669.302368
1011.400295
1063.599389
826.901558
1156.960847
1037.412443
838.528209
1002.749332
1107.784273
1417.490250
909.178971
1068.478442
861.243128
1292.956509
995.518848
1164.487030
985.766861
1038.110705
811.581335
959.003985
1168.886421
1040.869681
864.886013
915.937215
722.249479
1276.866934
1256.677385
1122.062034
779.028465
1148.007848
878.604077
1277.624553
1289.380557
1323.996233
611.677359
889.918043
911.539556
1095.476630
859.671284
911.368732
937.732853
1335.940940
650.941682
878.459657
1228.900491
824.419478
856.175242
970.348628
1305.568195
1025.562486
939.788861
858.973313
1088.867832
1074.778481
880.092420
759.907931
1419.838156
992.263465
1011.720289
890.986738
912.376274
1103.658273
718.788731
918.117312
1229.193752
770.281554
793.918636
849.230545
1348.645010
1070.188794
808.975554
748.770765
1022.315103
836.098885
1064.296005
1085.048556
1106.650815
912.430310
981.831111
1014.310648
1162.893882
1009.513896
817.810960
958.922864
1079.226883
1117.231862
779.219753
1287.641843
959.846559
820.016741
798.782621
995.737492
1360.523038
1002.671323
877.166008
755.700535
848.651287
1324.310920
923.333349
1109.965596
977.805961
764.196588
1075.048933
1269.685021
941.616516
1146.174050
1294.886476
1149.612479
1111.238121
1606.834554
1044.116225
750.353919
926.239901
939.249581
1299.608195
945.503251
892.786184
1005.964438
1271.559302
978.853088
1094.541098
786.649363
1109.681954
845.196597
931.557146
945.754093
1192.143868
628.943372
1026.117435
1178.470693
1220.245738
929.558572
876.623999
918.213081
738.204903
1060.214297
1192.653856
1083.332247
1217.211493
1425.794837
961.041675
1104.750410
1102.734279
1334.412428
718.390586
967.963456
420.965313
673.222912
553.235029
649.584095
872.161351
475.194212
1030.221844
1157.427852
937.678357
995.025899
985.073388
1075.080995
981.774091
1138.167430
1263.292237
705.096705
877.773623
633.199018
1151.242893
1196.382035
1128.632549
616.414184
973.671652
1046.459350
730.194065
940.148434
1196.750415
1067.843846
762.772704
1225.899602
679.502051
957.803159
957.710407
902.393825
1340.502237
1285.593639
661.299656
1076.396590
981.031605
985.365646
1225.503076
659.834500
1074.586741
1110.909004
1120.267682
1308.460473
723.268613
1099.176352
860.769056
1089.355955
867.219492
844.218304
793.500851
577.177609
942.134719
1164.645960
827.134279
838.379317
1056.756456
1359.866457
1179.446242
811.397046
793.960212
637.797207
947.146192
744.848048
1146.130529
1006.928715
1196.889808
1086.603245
936.147221
1212.537087
758.647875
1000.317237
774.156690
831.368919
1106.609498
1480.776092
1120.440091
1154.812856
1234.474310
1010.550834
1229.704707
631.607673
966.048213
740.643300
704.612042
1526.068670
1385.717063
1000.246488
848.074505
961.805384
843.214376
974.810199
1208.668696
790.226101
1110.619916
1005.119722
909.020394
1134.958331
727.610801
1117.350869
826.277575
929.049883
1471.501852
797.607950
981.192637
1011.683621
1128.679870
1306.338619
838.867389
1069.519997
1020.792930
700.662513
957.653630
862.199449
839.756570
869.523004
811.445846
912.878466
1142.098843
1370.355378
1191.910602
932.878541
860.413873
1008.955383
1067.225209
1464.047270
872.846076
724.476742
913.616447
1118.019265
893.570769
840.016575
715.104272
916.548453
947.565407
1075.338371
1085.068728
768.893992
846.316098
1169.007730
786.735302
927.011590
1176.876807
1207.824175
755.846436
973.943011
713.679066
1106.459693
1205.240998
942.513943
1406.533093
1365.487634
1070.235057
1074.661448
968.421926
866.685584
996.023682
768.887100
1195.647368
764.174018
1055.907292
1298.358166
757.880622
1118.109176
788.071120
769.226286
845.699508
874.470309
1483.907089
1161.722678
679.292471
482.432430
954.018125
1127.512089
796.794263
901.622364
989.009490
695.985509
794.259405
874.454665
720.513300
853.974815
1242.389744
963.471600
1240.827906
690.164152
1210.133578
1183.199885
1032.835531
1070.714224
933.338299
927.232277
1297.266685
820.103369
1097.961611
858.654214
1338.750115
794.982344
1275.938884
807.761659
1353.032835
898.696634
1308.889119
959.142037
1014.191025
1227.647152
1185.102479
864.748279
851.203228
693.296729
1026.427695
870.696041
784.110016
955.221605
990.022788
901.496314
1087.778152
1545.298888
1030.648241
752.809066
1097.631479
553.463848
938.704498
914.713538
825.657107
722.707544
857.757589
777.092736
645.221065
1002.196713
1314.151434
1055.251888
744.252271
852.085973
1046.293546
1100.917271
988.737305
1103.087409
801.640725
725.165746
1249.956230
997.982553
484.752097
1120.185752
746.889401
917.521494
1108.308593
1174.602430
874.533283
1098.097259
1029.143521
1118.135337
887.283028
985.792338
740.967444
1046.026581
1251.302749
746.116649
1072.130524
952.786556
936.017586
1073.856664
1001.435989
1051.039683
951.401011
1100.548256
862.073271
814.635367
1043.593825
1363.954099
997.957175
829.799101
687.801128
1227.436876
970.140368
1126.551889
795.836324
1131.944767
1004.758829
999.051913
1238.573453
1235.468857
894.262720
900.974671
1025.114812
1250.449397
1005.421570
1232.504785
1300.859384
844.509847
816.433178
1129.529724
1085.695687
1099.315010
797.404366
1049.335591
695.621010
937.474506
964.751278
818.033189
799.844939
1036.924254
513.838071
700.852146
815.639324
1158.527257
843.397732
1154.016236
1044.867907
702.472886
908.592271
826.588092
740.947467
1198.442190
1025.638143
769.733863
888.658716
1126.479511
862.864579
1118.159190
1014.271883
1133.647928
897.196846
1198.016686
1278.981837
1221.514705
1138.004082
957.783968
811.880316
537.754105
928.586420
1163.733459
1078.727702
1020.363867
829.775116
715.576249
508.722179
1319.717354
756.664128
973.637889
932.039101
1078.827663
937.106307
1009.188311
1010.585885
1082.267230
657.835491
1047.309619
826.468652
935.388991
1208.464081
1485.164879
1218.302842
1242.457795
959.689475
845.316842
541.185453
1184.192881
1001.770428
1095.766015
1037.676533
1076.331748
1399.410743
1216.730004
915.781374
1072.857872
957.093811
811.255891
1057.352598
903.498799
1066.477137
945.656146
856.940813
1054.933198
830.170663
1189.924949
1200.092431
1013.188410
957.186278
1128.035555
969.226525
775.726755
697.340851
1106.274494
1118.569346
936.641028
1045.422174
688.460131
784.033307
687.903241
913.137293
1044.422840
849.246440
1066.920912
878.914615
1048.275992
1056.942907
1118.408229
866.907602
1181.485096
707.079284
998.698377
1090.189138
1166.599559
774.747862
1403.779187
1199.977115
745.410784
937.470011
974.436379
1048.205516
1063.784228
1013.461662
924.867029
1131.100355
1060.995962
1162.573301
1089.535963
1041.984240
797.547835
750.005631
806.416627
1103.228206
1208.395280
945.204882
901.656482
1353.369587
695.425736
963.996565
1040.069149
681.600824
1159.231559
810.238041
924.425083
1004.382469
1255.185091
1273.737722
1039.620003
1106.535841
726.347749
810.041452
944.853771
1103.676001
986.029745
624.403526
1206.965616
1129.613599
995.356213
1258.827051
1079.913719
744.560926
1058.122698
1145.622761
1108.436359
1275.214246
1268.899060
996.397201
968.183676
1171.807431
683.345706
972.096909
1228.042834
1099.067158
1042.632375
964.227848
781.437470
1032.929538
817.482673
977.835669
916.335183
931.529041
882.401889
1082.086949
1251.124673
945.545734
885.133102
1394.071568
1300.931588
1587.491012
1155.072595
940.823831
808.768370
942.784713
1063.999203
1245.683912
641.278041
1168.829342
1027.088371
777.549605
1195.848225
1150.260634
1024.648621
832.634356
681.171003
1157.262705
978.608015
538.852677
1018.312926
972.375691
1049.846239
1107.492554
860.622180
1152.708667
1289.357579
1088.319947
1462.960192
930.380347
1054.086196
990.180396
929.921499
1258.973258
1155.279153
852.394722
1017.951588
933.834453
620.326495
943.292905
764.734465
1289.017683
1422.758524
1122.414464
1151.890825
991.896580
1184.169506
1334.868382
1097.538331
1326.608381
994.683424
888.218230
1147.627282
906.171456
1249.955378
1021.962452
1065.268719
996.431322
1113.383946
1047.188039
1366.308661
1229.019673
683.308889
1148.779351
991.484841
914.621227
1247.867777
802.704978
1334.612821
864.610182
819.531991
1050.251059
1095.102851
899.574680
872.157885
1044.853554
857.174300
310.922790
792.117127
1143.259280
934.633942
515.538734
1091.808210
1489.117283
910.797322
1181.861164
896.063113
676.647825
1179.560143
1085.351419
1008.411473
922.034126
1114.892681
802.990015
1265.622104
1023.388231
761.498441
1101.899867
1140.010561
867.763409
1182.811214
1241.002256
617.372596
1172.935851
1124.176916
827.256328
969.362004
979.136011
903.273572
1202.695099
768.556359
900.610726
1220.928845
1136.978204
1109.944403
1177.552735
1058.303370
1191.701940
1000.151223
1286.615716
1250.619344
945.678447
797.283039
1319.589658
789.886429
1055.253302
1184.490923
1294.088888
1058.106263
1158.149438
1129.129934
1083.067964
602.789833
1119.153725
1117.813139
983.083945
665.948224
1371.654432
1150.223547
1018.760492
848.061621
1217.881252
1308.120592
1148.272164
1209.569583
863.223087
1076.126278
611.208673
940.037597
939.432686
1368.999921
1193.901186
1287.767209
723.278462
961.714327
784.476235
1107.075890
1148.740462
1350.327722
995.699338
901.983690
956.910454
881.202758
1173.477539
972.534821
811.087194
931.158666
711.808527
626.304973
912.811345
904.641394
1311.724262
1061.858840
786.841350
812.958583
810.927333
1100.305893
912.533678
1066.831361
940.814725
956.071217
986.758522
1312.879103
791.196677
938.779103
1105.411207
980.885981
1027.794234
872.424532
1026.020874
1012.283691
941.168419
912.847172
851.079682
1204.348750
1309.500444
1205.210080
1301.085416
1278.911093
921.959661
948.515453
777.555205
777.260443
1059.304570
1059.718408
1144.258744
1033.878928
749.440952
1085.672629
897.605800
1185.788928
768.776457
953.638182
1151.184560
1077.246291
989.765978
1011.773311
827.434708
951.990503