1371.406347
-383.960020
2496.671690
992.171463
1204.378043
1012.818038
1197.168247
908.485374
2088.714454
183.702213
351.311411
1018.710240
657.921580
714.465580
1298.087234
89.029195
543.907943
382.136464
394.025517
1527.506559
1927.516323
1279.072723
1507.906702
603.701473
769.650382
509.957787
310.443162
612.742670
1278.524711
290.775166
699.057150
2361.118498
2698.736242
1514.547159
1248.876711
787.616101
948.659149
407.609578
1239.302360
1650.153229
806.945856
968.382812
1498.824733
690.457183
1646.020534
775.929873
1172.084292
433.472820
1566.760743
733.546398
796.958218
1207.546213
1224.016862
2473.049675
71.831977
1183.149141
252.175481
119.681504
1811.476645
562.131092
582.999719
981.020082
717.579067
1382.188478
873.415073
842.182438
1669.810719
371.341952
1181.600257
-369.840405
1173.805095
241.784236
740.624498
748.270251
698.155204
1028.094593
1348.091531
841.641447
652.464312
471.562272
2434.519664
1095.202491
616.794679
1701.532439
222.796893
891.231153
900.802229
1310.205481
1047.759656
184.967735
107.604729
-357.363873
862.178064
764.631124
1144.492482
1222.274209
1575.653301
1601.887399
906.954105
1725.909569
1972.355074
842.626710
588.307772
904.732404
748.536158
1470.560872
1649.332894
305.321432
1250.794089
1132.938855
1738.984082
506.659844
310.629105
-138.717499
1753.141957
201.751924
714.851845
1198.713331
1328.641090
1127.876129
438.029723
853.717550
1375.077576
1114.517739
1061.802734
345.737878
291.451867
885.920637
1660.654902
1412.844888
835.906591
1573.976470
1232.788797
885.425289
192.189528
727.240072
893.412515
1766.466045
1294.359481
1418.135534
-382.041964
1032.410314
837.181391
991.639631
337.862041
1633.353498
-14.232324
37.230783
46.560544
1360.240799
420.142381
818.234967
1079.905179
1311.442170
1325.514456
997.308803
1492.323931
-683.024186
579.980849
1775.383651
833.657085
1127.055603
868.915426
178.344467
-919.639714
789.243785
1319.905379
1664.495759
312.657349
913.873864
-17.511908
1101.019898
1955.472413
703.052262
1481.958378
1254.646944
1066.507926
2208.438830
1065.488445
1550.483089
255.378011
1415.047509
1664.288540
710.226831
1293.013796
1360.336503
840.524213
998.171200
1141.308871
1831.567727
369.251851
478.229454
362.645327
1120.621663
1131.496663
619.436176
685.546253
1257.330692
1355.836440
1285.740357
1436.962613
141.197236
1427.499634
805.224040
366.435281
1359.053374
1951.573124
1217.914918
892.123679
1224.358204
1847.580450
809.275571
598.177830
1188.877403
749.102893
321.818071
915.629512
-317.846374
419.927478
180.239663
1573.445055
1831.970021
1305.209071
-62.750308
603.420084
457.224844
501.824668
897.799287
1496.849276
716.874937
1156.025405
848.581304
-439.271053
928.058035
217.673173
289.502384
568.927066
1332.673596
575.075609
1474.017346
1443.825404
1118.223280
352.612183
1306.736666
1347.756288
1244.747011
1718.601433
1673.549826
1222.178369
989.003876
56.039514
772.974335
538.366866
1638.830792
1203.744665
1342.254501
781.013923
886.425229
1323.306473
2285.627469
1099.117467
1368.406565
-94.516091
1369.759674
377.667938
704.119867
1799.583983
1300.067975
502.137646
428.304880
-172.085814
659.157436
1243.484489
1204.293222
1158.197775
981.120274
1387.344893
1491.693651
940.745118
1076.930330
1887.301245
1875.798876
1421.437798
468.116089
310.783167
815.181760
422.011474
959.710152
-570.522782
57.710601
1116.751467
931.837189
1516.910768
765.919113
1280.962775
1809.941153
-1067.367856
614.100943
1258.260689
1111.801435
556.449417
653.544471
1783.290635
1150.550073
173.286102
332.613638
547.520396
769.747414
1332.085611
180.605906
997.045530
621.323570
1337.078533
847.847286
1368.371310
1171.417333
1679.867505
1026.546670
1704.089693
1490.398207
1304.075200
1209.090924
1859.155668
1067.954451
240.968238
319.222583
981.724603
716.601055
778.092409
746.238745
1684.728165
1605.447040
269.628139
172.121952
979.077151
1602.077485
311.732721
-713.849583
673.561400
1479.734386
1827.359901
881.175619
1422.985307
1410.943648
1120.715464
841.503005
1518.502643
723.836109
259.233761
1623.707436
311.286525
542.175173
1192.233181
1081.134862
1558.603659
311.042006
1093.666387
1532.305700
834.410572
1386.226732
1530.156415
760.332381
858.588169
1183.528856
1157.017536
803.801572
820.965981
875.295115
1731.905945
934.047884
1971.333856
1532.614706
660.654152
694.453104
-134.193820
1770.836667
1698.856674
1038.704990
1240.883425
1334.922193
3.443366
1552.665274
1006.201511
1272.864435
-255.403910
-155.728186
1143.802547
375.150843
1212.063477
600.021717
1458.356880
1394.970768
1546.557369
427.492154
1226.289134
-790.748473
1909.933334
1458.657647
473.936817
1512.979452
796.769624
1841.687611
1352.942784
678.019100
369.804865
1263.455545
299.832023
1429.902238
1788.059549
1925.673801
991.325415
128.896574
1334.459608
1451.010293
1530.154010
1035.699149
807.423529
1644.092749
9.334165
1145.999031
2100.669730
617.117770
1220.746134
173.965998
1210.380699
375.168054
1880.831576
-84.868345
2111.197404
2296.144198
1453.986582
497.056065
195.792789
2064.896997
1212.318987
1478.262325
842.095335
954.461571
1767.515299
2262.293499
-435.393474
829.072972
1487.208415
764.658307
1924.810891
769.839680
1014.101822
635.234953
1186.771536
655.525895
236.879828
655.116081
321.926738
1215.067859
597.164223
877.175644
-122.601196
1187.928270
290.086018
1052.092813
637.627529
874.340791
462.020269
992.224130
521.785747
1651.586155
1928.269388
1267.438826
-187.902424
700.701943
1679.769503
661.490884
1513.455263
3.759157
1405.156542
469.618799
376.944288
1292.710523
1591.320948
1104.596271
577.976167
719.743928
169.701988
1553.055946
2227.233866
115.966242
1370.434807
1197.537406
1301.763508
885.415123
1100.754826
357.447893
1058.387735
1361.519033
189.562194
879.371468
667.688197
1004.679803
1310.107621
807.488993
1677.231507
393.927353
1136.452005
1287.960780
1933.844820
1784.724083
189.914071
582.450552
1097.599360
1565.177608
679.956436
1605.462274
411.215316
860.065958
2043.379330
737.414174
1507.303437
576.504195
573.946007
407.763323
169.664359
1164.320998
1182.558958
1596.986541
210.182423
326.321367
1324.517679
1259.011603
965.348255
1540.217715
1118.480966
1159.774249
551.184216
1584.014356
800.573341
947.545352
1179.253403
1428.466170
1391.052670
1123.912583
1281.729973
909.836807
1400.083173
1457.196667
18.511905
275.579822
1127.318219
1062.623335
503.790673
387.993876
-49.833847
1044.928690
1791.097548
-164.865846
1581.245136
-315.282978
886.324592
1547.237210
1124.145201
721.380819
617.923709
1297.251047
2311.678488
1133.485926
1668.000759
1073.546886
1998.384151
1278.233913
1574.547952
679.635197
795.259210
823.164176
-303.508129
-592.374436
1054.161189
347.928651
1911.762774
1071.333792
1589.077190
2212.455356
1809.002614
1629.351495
1119.023178
286.614725
100.574879
2176.983775
200.040133
1036.854693
737.649951
688.832766
1010.875918
1760.721917
1041.187821
870.215898
2300.316465
1406.420487
1887.879340
509.152117
2039.466722
823.887615
1132.686243
706.436312
1105.597899
434.806134
1248.595883
704.329202
793.012952
1297.515963
921.310072
1016.228874
1178.661469
1322.482992
1387.708090
1188.870152
1087.362394
1262.708969
1959.731677
1812.934504
1074.800540
1574.397139
1239.442326
1246.491350
715.112717
1865.657887
1862.902613
946.390548
1424.652168
403.582303
2582.995086
1238.934978
405.339545
1359.053491
1086.819573
1549.216644
728.897462
972.954240
772.849514
783.271903
1326.566124
1871.555934
-540.573870
491.352801
2592.481802
714.965209
654.396857
667.064900
963.096981
-398.206852
407.117804
1682.457255
1164.307859
1447.448928
974.305617
1739.965108
1933.271207
120.324836
919.207703
1062.263958
362.619785
268.144673
1566.187529
601.542234
739.103092
918.848992
1038.678880
165.913790
625.140083
1522.940488
1011.224381
143.237191
888.569754
232.417677
374.982810
584.738098
731.381013
509.314847
1571.190946
280.369057
1021.405951
768.107325
220.552321
1497.896372
1189.148990
1349.561497
798.931071
92.051684
1395.826847
1777.256360
2039.655815
723.168050
513.855386
1016.665784
1585.276827
351.297794
1457.238236
1044.149649
1735.012840
1270.418493
444.766336
1211.645372
1195.236898
2098.220091
1213.335691
2757.725083
197.348839
1274.675697
1154.504014
1314.608859
-57.599030
1138.725325
739.936264
1466.868036
743.262754
794.501694
1832.478259
970.489621
177.799310
894.750049
1329.936964
492.706904
1458.519158
968.997540
1679.812651
170.869697
1729.468924
-54.531932
1172.543795
862.977672
1376.654734
846.543769
-120.928646
476.756865
53.607233
927.118816
1183.379895
813.928643
971.250150
570.922602
893.372397
1537.059432
1425.471615
525.059161
1072.958299
2239.577309
284.097621
1849.252459
1091.483033
671.857377
-9.815149
697.167611
587.832243
1807.370858
1.977780
1556.844348
1146.201563
9.672610
687.591147
288.146192
262.782408
725.684553
702.147093
919.646312
369.611291
834.596023
908.663898
564.938333
1192.370600
1498.691681
1051.916685
767.133442
2554.286286
1598.519325
2302.582553
1338.151730
841.059926
-1087.016188
316.406840
889.925520
-178.905140
1063.371991
1950.336365
503.138348
249.285388
1439.666998
842.595437
99.926668
806.354371
996.986009
2996.114750
989.357643
971.947917
602.650436
1368.494332
878.219792
1524.973240
216.515739
2471.095916
1746.497573
1683.277926
311.878660
784.287752
465.366045
915.317595
612.857264
727.370371
-366.259829
431.311842
944.033778
1166.811201
934.319735
812.876059
1085.825736
380.207202
633.435249
1445.435537
835.726029
276.773483
2124.726204
1282.049065
444.383849
985.898884
992.539443
1000.838180
744.588531
619.620185
1409.441999
875.208894
506.721229
875.143537
1076.122243
1453.444841
1559.060600
292.443694
-405.923357
215.416736
1405.736419
520.160709
1499.719690
1853.695673
1176.158296
1538.567006
678.161945
522.449101
323.865093
867.833102
1068.115788
885.996238
185.501716
394.585276
1187.108405
1558.998244
1426.493777
805.169794
1604.100886
1404.853900
472.521977
781.730449
1493.375095
1327.397001
1650.311791
602.096943
1453.420197
909.028926
753.208835
181.833877
450.309249
772.661464
1837.359218
630.040971
297.218589
-278.753058
862.767281
1468.859160
1063.423433
2024.155815
1304.521508
1661.569753
1969.180003
1919.165145
236.641760
666.706480
696.576376
1348.214185
475.472336
157.721066
1323.292444
1700.367624
883.854492
779.962914
1619.056469
550.117672
1286.043780
1433.280818
1066.888921
1153.115058
948.585409
817.203916
1433.720369
-368.126906
-8.770676
349.535456
1457.082422
455.551730
1748.881885
1228.046475
1096.830110
626.426843
526.169623
1280.569831
334.667922
1563.560549
1427.271516
1623.616027
1277.626885
1121.669914
1008.636379
1360.043702
2052.030661
1766.389558
287.806446
1161.125386
792.594338
610.052807
1107.301944
1561.926256
647.224730
-104.683898
1776.414017
1976.751617
1161.206069
1532.724244
944.675168
1821.712797
2629.674835
1376.519231
1201.026200
907.459922
1387.095467
436.119967
321.499067
1597.892417
836.500475
1263.666242
1343.660059
1826.268037
1204.782472
585.006474
914.388615
1420.350670
703.541972
929.187996
967.197350
842.765079
1131.349545
1135.820704
1362.411536
660.231862
573.577870
1322.117261
790.563008
896.135775
-231.605341
865.734336
408.223708
778.609850
1285.808316
624.090431
976.700779
1550.645473
979.990614
722.298558
1103.562887
997.256785
718.640825
769.237764
1385.572879
1204.095174
10.449182
1562.934642
119.745862
536.109885
972.712000
1035.345334
443.055726
927.138936
21.946404
1541.034338
2225.603665
1359.269039
755.340765
1714.314062
1226.961265
375.256136
959.036467
731.864061
366.060492
791.332437
1233.203954
110.326389
1753.610905