1010.733980
1108.176533
925.598524
900.128416
1021.369130
979.927536
912.380672
1066.600053
872.158356
941.439518
1015.219809
891.240964
1148.316239
1145.604794
874.841809
1152.340896
1002.926225
1077.982374
935.374613
869.059944
942.885716
1021.923679
859.116145
996.716033
1039.753492
1002.677725
897.309859
1001.822372
1112.844355
907.555268
966.733838
921.130542
997.762938
1059.008373
972.850465
1007.593191
834.322682
1092.659223
998.670912
958.989149
1044.565027
979.807393
954.427572
902.177928
1026.517545
767.165841
1226.283836
1034.032430
941.766070
979.241615
1075.104546
1069.496367
1135.208351
1056.788761
1009.202813
907.004144
1033.903718
976.462098
1038.294065
1000.636891
1047.963718
956.744652
972.091459
894.604092
771.372262
1190.562165
947.030958
966.189357
916.408063
982.170792
1015.454206
1060.437152
1050.626412
872.850714
1036.728996
999.766675
916.676655
1083.069575
982.134422
1036.737017
949.554408
1146.589593
987.731725
926.327595
1057.405390
921.057133
1020.545034
949.258614
963.447150
953.185605
734.517265
1035.505065
951.915006
1030.190144
1028.471224
1043.575422
1017.760866
1136.475758
1091.448995
997.638851
1128.495526
778.760575
1233.770479
935.213903
824.390910
857.071060
1053.539641
978.780696
798.671280
927.379036
1055.777498
906.531298
1116.184055
1013.865931
923.344066
1130.112409
1014.207300
869.953780
1252.861178
1056.050422
968.787806
940.524635
997.320738
1037.389990
1112.819506
1122.264257
907.569697
881.546425
953.122845
1023.369879
808.841124
1011.580926
915.417890
1055.342680
1067.940224
1189.481586
1197.147519
990.027223
1036.736150
881.764958
781.673384
938.196932
917.641572
1055.003070
898.309592
1013.784130
989.588841
1204.198596
907.493703
1057.516624
1034.877851
1154.198140
1043.647477
960.554840
1036.502630
962.330945
1090.394204
931.992980
940.642836
932.014321
1115.307497
1088.705678
909.447236
974.011130
795.448117
1155.102795
828.163656
929.676603
1113.564159
1010.616276
866.747342
1136.115637
906.630900
990.074843
1118.148922
973.252896
1396.212266
979.259466
1124.191892
1125.673140
1119.548526
885.265505
816.784184
930.601124
928.350378
1152.604951
991.604319
1034.783224
1017.668436
984.241730
751.590087
996.710852
1196.241491
1094.432087
1051.657897
859.682989
1147.796203
856.853994
989.777139
896.534691
1009.515669
1080.425963
970.871859
973.985982
965.665780
822.427600
905.489084
1003.652597
1011.719173
1150.198182
988.294377
1089.215683
862.624323
906.923083
974.305506
1054.455296
1005.465318
822.110153
945.555463
973.352369
1038.903920
1044.683008
1046.234762
989.316990
1018.211754
1089.464765
1083.056659
1119.531848
1031.519906
778.049632
823.347229
1171.122828
939.274170
847.580413
954.895978
996.215919
1037.461271
1306.439379
978.821529
979.229253
1174.083602
804.650175
803.007964
1042.654996
890.821375
742.735746
1193.458327
881.239310
972.618557
1118.021012
982.999787
980.542118
1008.649640
1013.534521
1306.353856
1026.078334
1040.431418
885.273861
927.763091
959.423053
975.966157
900.843060
1070.941668
1074.430390
820.189556
1048.799016
1124.516712
1062.054579
898.530433
918.112895
954.334376
1066.436452
787.108525
1110.575399
986.725310
1169.776466
1035.575368
1154.052707
1018.249839
828.308434
928.383100
963.358991
908.490370
977.159788
1018.819924
1039.557039
941.973804
1168.675045
1069.112375
930.292755
1127.872331
1048.431742
1071.111046
1098.880180
724.025644
1003.157733
1234.002643
953.156003
898.419365
960.210106
830.186780
992.518281
863.369282
1065.193257
973.697846
886.473538
1063.594834
907.590639
957.499122
970.659790
977.902086
927.177359
835.445511
1313.168319
853.962130
1003.571643
789.091220
982.961868
1005.282803
965.058633
790.708981
853.623164
1053.227571
893.929379
993.310535
1138.237910
1088.304623
1008.804322
931.749483
998.069875
1124.285970
1167.986439
978.521273
782.997661
839.513985
1084.279223
1080.714557
1064.314824
1004.943173
1021.744705
877.002051
1028.544780
1131.052415
1125.179983
959.406674
1168.779322
1131.413817
869.614026
1042.982217
878.210992
940.916527
950.000589
893.290162
1054.733385
1116.378983
1008.329991
975.952068
1044.901658
800.201226
966.115254
821.219070
999.171678
1079.403110
960.318758
1041.683877
971.619102
1191.168255
830.065823
1036.825944
1173.395484
1027.991558
813.301393
809.924762
1005.985046
957.444197
1028.213922
798.338556
969.116272
997.393586
859.487022
1093.216652
792.292771
844.367870
998.355333
1066.052014
911.857387
1019.392829
1039.896379
1064.134541
1061.015645
1059.044633
1036.093878
1155.550451
973.700845
1110.944218
1015.319434
1069.272469
935.928603
974.599784
986.002615
1046.071962
1005.159433
1100.074737
1170.858232
875.965402
976.750860
1056.600248
918.087430
924.710979
826.524829
1046.987039
849.270388
908.116816
1138.082694
919.960720
1011.299489
946.918884
1223.164118
987.944455
1083.915442
877.391393
1084.148592
1017.629960
1016.045456
862.844999
920.772506
1116.262795
913.088584
812.415324
872.355494
937.124330
927.168723
968.616722
970.350586
979.902063
1014.813153
914.348146
996.506359
967.573029
1052.964669
1055.711903
904.012334
1201.228415
915.613809
1015.129107
1002.585681
821.869688
1121.289468
937.166847
874.379678
1013.526345
1110.307692
1020.476063
970.188475
1162.625401
1090.714572
1087.118216
904.733245
1154.187135
919.534904
855.192472
1185.376056
1058.413292
977.718126
925.346088
944.724507
1016.166433
932.881565
1135.186364
1047.616332
948.713311
1090.692307
1165.473302
990.139883
1077.244604
833.177400
1044.384180
977.730831
1023.801663
1043.010835
1050.101168
955.030516
1089.029099
833.056216
989.973014
931.529978
971.763260
1157.426486
1080.993026
885.181619
1005.213596
940.498541
907.880815
929.549447
915.770314
929.980946
1122.420723
1079.790720
859.068099
1124.886228
948.513668
735.515386
999.067511
944.883662
978.644229
969.666360
976.230866
1096.855628
1001.176290
987.236663
985.450385
847.205019
1029.138453
1059.513339
1004.821242
868.158077
1007.234114
820.815387
996.964183
1109.660221
863.653627
864.698124
982.625500
1037.879365
938.369253
1179.165468
951.342424
950.247534
1069.698704
1032.835695
911.396985
969.315016
1144.725465
784.664931
861.154255
876.541057
1168.321184
976.684110
972.023090
893.070630
1166.735127
847.446269
1055.208736
750.961201
1257.345129
833.944794
1001.640157
1044.749536
1049.725937
1016.994687
987.608463
1029.505068
999.542724
1072.347015
849.553192
945.970520
749.776291
1040.766614
1050.896368
950.349337
970.827350
918.743133
1117.065423
1190.368864
969.368914
1166.798109
1017.766419
1017.165301
1085.115178
1051.643426
1013.620678
947.999455
1079.858228
1153.529184
987.621183
1003.183456
896.290488
952.577187
1074.941609
1212.280033
933.898922
999.563174
847.607831
1065.455539
979.718613
1020.287601
891.129680
878.785469
858.108285
1022.821758
969.832735
1121.872552
934.950529
968.339679
1085.867091
995.603923
869.980069
993.674511
1085.705228
1003.874455
1132.443183
852.688372
1080.455362
968.635976
1135.114968
902.512018
1113.655402
1000.583187
1162.761350
1073.896921
1012.848735
1136.378817
887.097098
1085.736964
1137.285138
819.514038
1036.780587
1054.168530
908.383212
852.823004
1075.537241
1102.606220
1107.039583
1031.682828
883.553702
824.462157
781.057006
1069.295729
1011.664010
986.545793
842.068919
915.370408
1264.805126
975.999148
905.762119
915.458890
723.561680
918.612721
903.805266
1070.922927
975.137338
1132.821866
1012.825733
885.659507
1157.875718
1131.185378
1018.829925
1074.166125
1107.148051
1113.224072
1099.464612
919.961650
875.513888
895.156795
870.803033
935.082240
1004.527995
1067.264970
960.016712
1105.166307
1036.575927
1203.643660
1146.298366
936.435350
1008.769777
972.631745
960.702982
1023.563926
1004.096665
1078.383087
933.707957
935.772066
869.949320
964.161237
944.555447
1022.706508
1141.547815
835.611487
837.487199
966.273950
1224.741515
1003.263999
1124.154310
1107.998494
1070.205369
977.262502
1022.892377
1044.184506
946.243039
966.372120
1035.946945
1140.339595
993.567387
1035.910641
1128.281935
954.613910
798.499747
855.235732
950.239292
1014.461531
991.399068
1034.989158
920.746322
1012.119824
1053.141335
962.905592
977.386434
978.387391
1094.318566
914.509245
1095.534945
886.156848
1103.667602
1175.751786
998.293480
1058.089334
973.080514
929.261261
938.010265
985.200306
933.416286
1034.312298
1123.797008
1011.318600
876.832280
1036.241502
1112.649133
1231.511627
1205.953071
959.491947
1099.837488
970.882613
1076.820468
1083.535956
1104.668907
1153.452698
1133.090997
883.170651
1054.802174
916.343695
950.669267
1114.216940
995.658425
862.155586
951.430585
944.318342
1031.145647
1049.558597
828.411681
991.241662
1020.962671
1170.193509
870.132215
1127.396252
1208.019298
905.852245
887.058959
1002.537800
859.722006
825.827489
1156.172426
987.797839
968.276437
1129.754623
1163.631604
851.899987
924.858847
916.908410
933.651990
923.177135
850.201476
1126.650593
918.153076
968.925487
962.386663
1038.570673
905.943637
886.821250
788.343502
930.034021
1041.471414
1099.358783
1036.401497
1248.489584
896.016143
942.330037
876.126719
871.207876
972.486141
1003.463642
708.944749
1185.751938
974.714336
758.912649
808.656073
952.842299
1013.269438
986.659414
953.021263
999.016307
1078.424161
1001.340353
911.197577
978.783105
1159.056942
1046.903275
1027.443076
729.384107
1013.634153
930.726343
1060.405173
927.124456
1110.019469
1204.239107
1131.977687
1102.024113
1008.116345
923.155906
1192.027128
1169.009849
914.980514
915.415184
939.447312
980.360837
926.535215
1009.852562
1221.898340
1061.213218
1079.287374
903.042870
886.984518
983.211740
1117.043735
1014.273542
1196.230576
1163.879276
895.910033
1075.761347
876.159904
1025.328003
970.947316
1042.930175
950.824108
1054.657890
1098.646834
928.429627
835.825847
914.203017
948.810031
968.723088
916.685341
1123.164013
1013.511442
1016.040999
706.917385
1078.657881
922.538941
1145.290424
1025.040421
924.236708
1063.557102
1083.370935
1092.983655
936.803439
1001.963277
1090.395476
899.851129
965.365512
1005.613772
978.529117
1000.555955
961.897559
1130.370126
1018.346825
906.635657
1086.339345
1211.658392
954.056648
1090.679003
961.547074
854.138010
977.355567
928.224387
1065.245687
772.784962
919.254542
1057.661837
1079.457187
999.395791
1082.532284
922.064579
1051.374739
1090.633086
913.093784
1118.544740
849.368166
919.223599
1083.641246
1033.234468
979.959472
907.036363
855.486752
1104.361053
1116.772029
958.690711
970.542343
1011.320694
1033.809563
1121.417061
1103.576877
955.580911
972.314793
1041.656594
817.749738
856.428614
856.081273
879.077526
934.304825
1112.187563
1172.044934
886.978785
960.324435
863.219860
1172.014085
979.898606
1061.783992
877.900607
888.683525
969.000735
1006.582843
971.285641
965.904336
952.853733
949.365938
1140.531377
765.776592
1003.090413
917.495551
899.426169
901.541521
866.672749
851.752455
1032.130609
901.180427
705.578779
1082.309790
921.180451
966.090667
1001.295700
1031.434130
1034.313281
937.893025
1050.556310
1050.663819
954.170539
964.160983
927.974336
909.460452
921.209980
889.216092
876.882663
960.193625
1148.933686
1074.209598
993.992683
908.595603
901.740737
938.420677
969.390951
933.716323
1011.260717
1014.804659
1151.959311
918.016082
1024.626427
974.936391
1056.754720
924.759497
858.423950
1053.435492
913.005855
1074.823653
778.873553
858.877843
1183.689844
912.815867
1034.900346
1092.638175
988.341776
998.386807
888.053167
931.513894
846.906537
959.246294
1015.053186
1056.969196
984.318207
1038.282237
1101.276979
868.732608