1547.295309
1745.555509
1336.874004
1378.479953
1387.437348
478.717648
1234.490679
618.186249
1411.448457
1258.391433
1221.733249
954.566872
648.549436
1067.833858
984.449970
765.216564
-81.329774
1226.387096
2327.814426
1736.738649
1265.607859
910.191019
1817.531373
754.715921
751.643748
1557.850218
899.223580
503.798741
1752.930997
911.156318
632.868177
804.569850
1849.168476
1188.362677
542.703501
1765.628680
1453.068196
841.815565
1516.940832
293.895435
823.702315
1782.642553
958.553630
1520.294154
597.217322
1261.261548
158.990528
604.476698
1864.572145
1518.998845
1234.646579
1339.592351
1358.577966
-11.121167
771.971079
1529.978225
2252.074118
1032.847112
1389.734804
1158.207344
422.096963
1315.510225
492.566177
1323.728076
1067.584578
1134.895327
1084.224198
388.677516
985.000328
1790.463953
496.452089
-124.930541
561.576228
496.971374
848.586090
1558.380694
1487.081721
608.820102
1109.770582
555.623135
1451.954440
1758.131648
1914.083650
659.455286
768.500348
1096.659751
941.329382
957.170223
1183.968902
-164.444268
1188.238258
1678.898572
1932.744886
1462.772677
310.545353
818.145417
1024.948819
767.622182
1108.805840
1494.798531
1297.748882
458.430398
1243.332887
1179.737988
1161.509422
718.762933
1530.338752
670.232778
1319.220053
804.075934
820.614948
1145.893761
1005.410747
1232.758931
1132.192388
1154.355192
210.250495
832.019408
968.375976
1505.069538
1149.354698
1160.852898
876.606701
683.640180
755.821868
1325.524485
1090.077091
801.835875
1252.400729
1099.438291
879.005897
179.722104
1120.839848
-306.695610
826.819387
1252.418515
563.823551
238.301642
847.096362
430.407389
1408.428497
1282.108484
1389.006585
2554.080029
1789.791285
919.046387
861.397206
1072.942029
1608.628593
1379.893740
769.987941
2298.386884
952.793317
68.047274
1834.442229
1841.811783
26.885302
701.297687
418.927484
489.679575
657.046431
1326.485798
1992.401072
1903.387669
456.260012
859.160892
795.708516
1161.678909
1746.592453
2326.549885
923.837122
990.488798
1440.599091
829.076432
902.569647
1517.113953
464.648122
1731.232104
589.150084
1269.734523
504.360178
372.280013
617.463450
586.915299
907.015590
667.322279
1110.548357
815.026146
722.020866
1441.932335
783.637416
-786.567987
393.368380
643.837281
692.993656
1369.772241
917.409281
1156.689407
1323.164110
1882.089257
1289.270699
1715.174658
660.684494
702.864927
1002.054471
864.469561
1242.604698
933.586485
603.054170
1069.685985
2146.586589
603.687246
1906.899263
1442.035793
900.393603
896.572766
-271.697715
1713.239878
1283.376792
754.958911
297.776807
1104.607389
184.692025
592.641270
379.188558
819.499545
36.583898
1098.940529
1155.902937
1032.372893
1130.638921
994.978117
1399.790119
827.296288
1038.838339
802.270982
620.364320
947.199922
1171.630504
1354.501075
797.506134
1124.114576
533.010259
394.121921
752.145549
1150.151301
1650.731863
888.784354
1325.120557
1793.005106
587.034526
1044.567277
233.713091
649.743445
1385.343492
1921.357499
-700.508753
1176.472226
935.961867
-923.673987
2156.172956
-12.820622
1935.932437
2375.779924
1953.015879
1451.952174
1093.619917
-73.853608
885.570655
1084.867967
239.422097
392.594984
118.781028
628.726875
537.228959
706.940915
1446.688610
181.974809
695.971428
-172.596641
750.532600
1404.526138
-410.893300
276.139726
1371.789663
1488.592757
1306.900515
1007.066510
97.105668
1661.151036
483.936166
662.428061
1924.162692
1524.065839
1333.041791
889.506703
670.727057
298.306357
968.750844
1070.374900
794.510332
-311.510168
396.327162
909.568795
642.805517
893.681414
764.374258
1869.521609
641.548598
1760.990237
1681.190151
411.647755
883.924893
448.194042
1991.229715
1618.121753
1179.938905
878.119382
1552.134875
324.532165
678.183409
1660.167242
916.164400
1326.631603
472.118094
664.396722
1245.660852
763.903723
1306.875394
653.555227
849.389238
-48.132834
948.295127
1361.571951
1519.508522
1643.648282
1182.125528
991.121135
2160.421072
1160.902026
1776.407986
1138.380560
274.282516
1988.366389
325.366142
693.283267
1072.596132
185.947918
144.205909
1121.207949
616.540760
927.961332
1033.505447
1151.726367
1109.809618
1072.626234
734.387815
1776.811999
1109.740343
76.265105
1174.942197
1273.549409
738.932692
635.588718
65.328790
1215.270665
810.620299
674.904590
529.548661
1434.621571
1454.400161
1147.903944
1097.340667
648.084929
1711.122593
1404.070332
1853.932105
1918.559728
1731.474972
833.492540
1821.600844
1654.632716
1422.792296
1350.576662
901.304786
753.360436
1152.513884
795.375932
542.579916
1477.347188
924.247166
747.911193
570.656849
1082.999323
-248.730840
1448.895206
1558.554485
1585.317286
707.204214
926.020676
494.617168
1047.096666
1458.380340
1785.112455
1256.096720
521.646738
1739.602986
526.160681
1485.200753
1101.644959
600.908645
973.164689
1312.113727
1473.474311
493.064476
1065.137482
1699.763331
221.401238
1820.891575
149.796269
1755.472579
1136.429042
417.428706
1034.218981
832.818501
227.290437
532.535191
629.599252
288.571628
1297.222977
-19.768347
1310.826429
597.967651
1493.236580
1937.364955
904.912792
812.438015
922.112374
2323.585121
1072.224500
839.264224
1625.721684
1893.424085
18.703491
900.545555
1949.579321
740.469151
712.299582
311.335158
1480.589867
816.088913
690.599942
-62.649817
1455.583768
833.576832
865.009957
1862.618972
1460.098315
299.434031
2064.716274
475.032640
1349.613438
905.912145
1413.966080
161.420094
-675.007205
716.028804
976.417145
1163.323753
264.472953
1107.424013
-166.732835
513.935071
973.301870
1132.638218
701.105632
2019.645819
887.539695
598.643976
285.504496
245.978070
492.511789
790.344054
959.931156
788.025049
1461.639518
931.492400
2041.129647
-87.530387
962.200417
998.521618
1137.289930
775.471827
1331.474956
951.217718
1020.661918
1009.826224
1365.724304
1838.716079
789.908470
1232.402685
752.295831
1081.917909
606.424243
502.736008
1040.252499
1391.766544
1212.936733
1761.476736
364.376890
1114.580122
889.998602
962.272952
851.282697
531.835453
871.289042
1873.615101
1672.456258
661.572692
2044.320754
578.009962
1120.867771
269.989154
170.073588
1461.953043
1805.777822
1021.260823
454.228341
747.703520
726.080118
789.749748
430.303745
1657.694698
584.482343
1473.615953
2373.577728
1074.284127
1097.287192
606.980722
1514.454188
643.781712
1836.338861
1548.386611
1116.560127
681.664972
1613.888106
1342.676847
1781.086491
1767.447187
295.871573
102.896623
985.932957
249.346253
2026.748635
1008.135950
1467.219278
644.446036
89.962363
1270.894969
1328.567578
886.894043
674.959836
492.479271
1067.656430
1298.932165
1086.743465
214.720641
1164.510249
2925.521405
936.549992
541.155271
1582.210876
143.962811
1709.991890
685.337398
1339.308992
1380.242109
552.238715
1862.966562
829.936819
536.327701
376.398747
1032.268548
860.674383
927.010206
1587.520821
853.823034
939.541159
581.995309
1474.939496
1667.954143
1784.002638
1477.571622
2275.381810
1783.078860
641.804756
916.603048
546.720867
808.449912
980.399883
908.704430
1149.461833
1200.714900
1285.274932
662.062984
819.194718
1472.503160
1259.275600
370.608384
333.997445
468.864904
53.819659
443.568383
691.067778
1911.057784
554.636546
65.914644
1769.405512
767.859373
1445.830023
1200.247547
1168.494835
584.283768
996.421870
1127.954891
492.429450
531.889167
1847.448283
720.626547
1319.589250
673.218473
729.691170
1541.430093
749.962487
1003.903672
1448.134834
1210.146943
1000.853670
773.867840
960.861023
1203.629749
790.863248
1126.907975
746.143275
-55.296902
766.707512
145.406794
1592.902345
1717.787606
1579.543026
1246.856728
370.673692
1398.916804
1588.147926
1497.996850
1435.892299
1286.475651
1036.371210
878.175155
1820.447522
447.845701
725.112148
1024.005132
570.996899
1106.690286
2483.243968
834.169227
970.912189
1681.122598
675.834438
455.284858
1020.094453
1104.801607
1462.209868
1229.237532
753.356833
1705.898575
12.879763
-317.009361
934.696939
-45.383336
119.471870
713.295965
1612.301480
-258.462482
354.228517
2073.919038
1096.949673
1091.604596
651.256673
1477.836383
1030.578930
437.142805
1667.983048
593.898859
1145.434234
1345.476377
1465.734589
1294.012730
923.430773
618.595390
1107.221267
990.433486
-10.496931
1920.101879
684.947972
2451.955488
793.251344
37.402286
208.776825
1440.968950
597.321063
709.919137
878.246916
1084.043348
503.008108
1359.871166
513.962904
899.711949
764.646158
762.239584
1748.045686
1214.800545
1132.477704
873.854632
1649.221331
-71.191645
972.882472
1064.013919
1303.849968
-89.942962
468.792470
1928.710394
1772.162370
855.703558
1012.248685
1942.855928
-397.789034
649.520617
632.190521
472.372425
506.122339
583.656169
289.907404
1623.865876
1750.984251
-22.795481
1386.242737
1003.912025
1214.688538
1490.550125
975.061814
643.808418
1187.670751
-168.003280
1996.784077
1356.264970
1023.294893
462.707459
1573.857518
645.012692
1079.151721
1147.531318
846.379199
990.276392
571.151764
667.848314
37.681957
863.690805
1033.420553
1476.055612
989.700286
1252.077743
1378.045337
871.255083
905.643509
1091.927353
1129.845231
1409.147165
990.049219
1143.337305
807.623473
1020.058622
638.118905
1054.881114
547.121982
1719.003055
2377.840995
840.036679
1394.483291
1254.553284
588.698094
1994.569998
624.518147
912.218486
2161.083409
1128.146838
1921.397227
115.124269
1224.515364
458.543435
1010.372495
68.612304
886.466451
1375.298547
1572.710459
825.521360
1038.028990
878.547431
-65.420739
971.179595
536.644284
1839.818848
1803.769163
-95.164963
538.873858
1462.857726
790.737738
1481.938878
992.799053
1078.173223
1182.782860
1322.169749
1007.868320
1306.355510
1025.063372
645.551652
864.877046
1712.680759
174.673935
585.447727
1008.194108
254.861785
2129.656124
284.580057
2353.221820
944.057541
370.559590
271.315604
1200.989986
369.719782
2253.247222
-33.251729
1502.119173
987.879433
1025.514392
1699.846019
1013.683398
1459.076209
1881.725461
589.311567
976.372822
1020.314424
1981.234907
859.998334
837.460653
778.824196
554.321310
1571.824328
1425.848066
916.940550
834.454473
22.461084
242.357482
1629.836495
1319.181252
1374.295557
1091.888254
1491.853235
-741.866726
745.106974
1378.405414
-8.641432
131.029300
1233.296121
1454.067538
941.055118
1237.159596
1627.899644
1170.158097
1099.931349
965.765616
1308.962343
1815.720547
624.533977
560.926312
2174.749255
636.769837
1136.771639
732.481824
-488.403643
945.502680
1218.043595
847.741840
1677.048528
813.701630
2057.341254
994.391702
1236.569355
-60.961692
1276.990353
-384.675117
992.554429
2011.983019
1205.689254
1016.538199
348.550581
971.849047
806.126006
1391.528478
1104.329879
1707.195720
905.113109
1319.399950
651.180929
735.005209
618.547697
653.031256
1876.162754
1047.695308
821.063169
982.670474
315.136712
1430.755504
910.519984
-303.651983
1514.899480
2443.975318
2380.841091
705.122233
1217.129682
770.959820
770.217075
1867.022122
691.915933
1386.865888
-20.370720
1256.695478
824.475456
442.064759
170.414638
1302.039712
549.884353
1426.302714
1586.669208
724.172386
1282.946031
646.041094
1765.404337
1207.002321
1092.678697
1299.121423
1758.713556
1145.250363
1700.242676
565.265327
766.511911
512.294284
1258.974733
412.383462
523.045277
1497.570030
867.169997
473.470738
827.225752
1296.726401
746.391621
835.063764
1078.858965
649.959730
1229.446989
1106.849220
1115.300125
156.974016
528.120182
582.215800
1630.389568
456.128297
-15.817780
852.071377
2261.172971
766.775177
1338.235914
1504.324963
1652.908828
1953.642808
1041.759055
-279.989094
1448.429756
1385.655527
2329.796238
302.680593
790.607392
796.186251
548.684369
693.657354
1834.676144
1070.995880
1516.611105
629.073131