963.353361
823.215720
958.709175
476.728241
676.813083
553.669579
-91.768573
1040.412575
785.220214
685.554622
1039.298412
837.143477
1586.898136
338.873438
449.064258
2026.759522
847.231028
114.635832
787.422795
1224.725109
404.437241
1024.459369
876.679530
850.160674
235.883014
964.728125
692.483593
904.821184
1224.467420
1165.768603
1338.261431
1901.857775
462.481553
778.196470
-96.029308
-38.122224
1430.913063
1509.473728
1483.551771
1074.475700
795.551128
1142.717689
336.022682
562.948799
1409.876588
-145.001619
1076.026729
854.962888
784.140954
1186.835810
1109.956475
1111.130488
820.087565
1715.467129
859.981531
539.865114
2134.082975
992.083542
385.427932
1057.905528
1546.751573
1644.969513
1047.452848
866.266588
739.457484
667.445446
1392.398983
846.299091
1635.448264
2241.476625
935.253359
1069.622885
1005.893653
1144.150518
1653.574406
1367.179325
480.125047
1637.086100
1192.198903
979.023961
236.092103
-444.194994
1080.951504
1417.062702
1153.065613
185.232664
998.690634
1071.953251
517.227632
665.687303
861.292346
2156.964917
70.019266
1048.176023
134.800763
573.119810
725.482444
906.957315
941.249832
1844.544998
1624.772913
1216.496945
981.374388
1577.599206
477.178836
1329.697709
769.078034
619.699425
643.747674
812.448825
1034.272020
776.996526
1545.299813
1711.590257
960.158204
1119.553706
1547.466123
916.044727
363.314281
936.960399
925.586348
1454.041266
2175.836187
-367.906245
1315.106268
1657.830022
1246.340659
780.676428
947.898134
1064.175164
611.410422
1306.248845
1068.015408
977.813787
1630.793299
1028.957651
866.318184
946.234161
1191.221883
1060.289654
1387.787183
-203.901295
855.519808
1450.169632
1123.935038
1203.820430
566.408416
818.421641
1665.889816
1055.744754
1563.010498
197.451160
1782.282829
1036.386551
1079.016114
1073.064096
481.721439
507.907566
1405.196140
1248.041130
1752.969744
1594.106029
1400.831676
1597.696911
977.925344
1058.872963
1180.933679
509.876824
1587.781730
712.413162
810.229542
1231.032008
1431.938928
1192.990260
665.335560
1033.426071
67.342304
840.090646
1184.208163
1114.491784
498.062707
499.288316
769.852542
652.458981
599.335224
503.298753
165.904770
1099.943161
925.248421
526.064152
1478.221654
1587.546934
1522.283815
723.777013
155.358417
371.449499
344.542014
1112.312303
825.830974
1313.280838
445.560099
928.283895
1255.156441
781.517884
1305.430666
1393.677380
1571.764239
1121.131346
1149.061893
1055.816256
867.829036
790.117141
1563.104834
326.068395
1049.221710
902.832955
1162.621672
472.304099
682.247444
345.745589
726.675898
808.717284
735.300983
459.888276
986.263358
1559.750853
795.825296
167.435402
271.986384
1049.530462
990.445297
755.207557
1090.629168
429.369623
925.421424
1417.223718
755.603014
2031.909345
1559.068437
-10.549133
305.119199
-185.782503
1068.562970
1301.002551
808.424513
1031.310675
1088.833725
1487.959446
1272.846924
941.947281
766.724338
2052.997422
627.179875
1122.584478
1375.194536
1131.478682
1075.082234
594.976389
1053.351778
692.115327
821.781726
539.003461
749.192003
1434.918871
1216.813357
2185.245261
1102.987657
1564.397598
847.053298
460.983464
852.408256
582.017583
-122.443058
1542.185771
949.638782
1055.800008
226.945650
1520.601570
795.841250
1156.969276
1415.754583
1059.099717
360.119780
761.154079
588.755970
1865.607374
817.429788
770.478337
1819.806962
1367.448877
957.977626
500.979004
878.621909
1203.672725
184.444362
1010.899637
951.021573
458.212922
1892.037635
658.952257
636.868040
1537.081038
1208.672764
1126.075956
1311.953984
814.261761
1056.844558
718.733708
914.770719
1031.088239
166.517021
721.554348
1267.822498
1443.672244
1556.867226
1688.405810
1434.255317
1812.283716
857.599187
1205.620931
750.941452
1553.009315
543.983252
1297.308671
1179.512089
1347.780920
1330.124913
601.271285
1141.038344
748.666874
1390.509107
16.911902
1542.792985
663.836332
635.589861
1294.744895
517.720395
1408.020725
601.988289
791.773918
460.821026
1642.411068
1474.031048
391.729929
514.946927
1174.104910
1071.620030
788.227643
421.741387
538.889719
1993.048999
530.964546
1199.619493
603.347747
1248.934715
1865.265421
969.804269
1645.851082
1470.491916
413.338106
364.996023
1262.930452
1433.614457
1158.867639
1289.033166
494.610370
611.358819
789.290818
843.836340
1120.712076
954.756037
299.021457
827.521447
274.729652
693.958765
1026.984704
155.893835
1644.465929
2220.388715
1419.687058
244.227584
1605.849217
1380.234461
-363.679788
612.033692
-116.485463
1842.899853
1275.442016
573.612947
222.319551
795.229250
2491.079043
441.459682
1314.656238
397.508456
1375.953829
147.554852
1343.307152
904.986051
839.678444
1284.100727
923.476070
735.860074
87.330257
975.955226
1731.927319
1001.803713
1038.751701
1511.967102
959.392482
1102.313407
1444.945579
704.896131
1577.892165
1035.074538
1059.519594
165.152079
637.670454
1270.341207
1595.468509
819.464849
1694.539943
395.737561
1578.224909
1152.550105
709.921334
1849.113938
1319.273463
1472.655147
313.234447
1232.111035
1053.042465
1317.291315
1112.727433
1166.005896
916.311731
556.567582
545.670854
1195.557862
1810.183214
1784.573324
400.845340
1110.059964
695.961864
1186.299827
1047.347384
715.243349
1461.534426
668.855822
1122.733468
1310.453908
1149.044394
640.237107
396.712373
456.890056
1439.689511
1134.052508
1179.787712
811.601983
530.780330
519.620535
1328.922707
797.776655
640.445803
1652.980088
707.643325
1258.007668
713.150949
1052.536804
1208.804644
1529.611687
1372.359036
1048.536108
1540.298974
1055.737064
1799.105649
365.221777
1482.937424
-90.026805
1492.627934
845.753971
420.940935
812.641794
-458.686467
973.500034
1049.408101
1261.049357
213.456555
1027.545727
391.672325
418.086871
1507.883190
1072.459776
991.157974
1378.168849
1029.949927
1732.488184
1427.607014
1855.712065
462.377299
622.053339
1512.736502
892.567964
1110.520695
569.040096
1440.357383
707.678144
605.737491
572.678148
-189.592595
872.861270
1444.432662
1139.835621
1612.861781
1161.279807
395.161628
746.668136
1215.431705
1803.100586
538.085087
825.023593
868.508032
865.044493
878.900429
981.131340
1119.372281
1321.694328
629.480609
1146.320972
541.622427
175.923585
1318.362689
1353.608703
771.743517
936.432493
459.708286
840.123710
1133.720965
862.345599
526.683693
871.270530
938.514040
1182.744450
1811.614442
782.617281
1163.456394
878.365344
1471.510326
1583.172550
541.660424
1199.850816
615.384301
1063.887598
1008.715395
591.668690
593.783821
885.109489
1871.224358
1250.473318
231.577237
513.938809
1428.376324
1278.653030
1140.253641
1380.838684
627.915357
1147.281980
2063.974610
1324.462788
886.376726
1097.023429
717.965494
923.916541
947.866250
834.036151
1690.014826
1434.773057
69.228465
2040.906243
670.582777
302.422292
549.453712
1281.862631
1117.755073
795.784855
719.597530
1480.865375
1219.364213
720.308979
1457.304328
10.967253
1063.678631
1261.014077
1101.930317
663.158296
1513.455368
977.725768
837.496620
1004.957281
857.982805
678.186629
844.045812
290.239222
631.880508
1285.126754
546.019597
191.599437
1462.385728
986.716913
934.810839
1311.570985
1200.043981
1365.745830
1676.026760
936.531567
432.094752
1568.995141
1589.045014
1464.930191
1516.849954
1138.863743
646.164325
847.765011
1865.373740
847.153403
119.188125
915.452423
192.469323
1092.120047
896.335877
1076.590138
97.426201
684.938842
1386.952000
1848.362964
701.862898
907.341816
854.677367
838.395212
2072.263295
694.075783
1420.090224
1595.809920
1439.604959
1416.920733
471.276487
483.005350
1794.107043
1236.380659
2089.305169
1211.066314
1015.226072
689.542031
1497.598762
1650.758631
-106.253072
697.090138
561.995358
675.012185
1486.587126
29.121439
928.650255
1020.573847
1519.676891
813.972408
599.568461
1000.353295
553.129154
2476.823972
1187.900371
1500.098191
188.904130
721.853202
1528.090882
599.644422
1350.855954
589.004536
905.491240
1216.688429
1069.518192
1066.997298
-349.618935
143.737388
1795.515648
1077.529805
703.541209
667.631224
1390.001133
1109.279455
920.621264
814.261280
627.956973
526.375883
446.246179
711.888111
912.130360
986.626047
726.041586
1752.045645
1050.103165
1498.150058
793.111713
1490.334341
1258.153382
1195.496880
787.728645
1054.611372
181.186498
1095.566075
1286.992651
1796.140211
1491.248243
772.702967
782.167767
798.065411
313.449247
634.368511
1203.938095
503.609575
319.134025
1333.871632
681.508307
706.996198
1228.731080
-132.167163
1049.400906
1392.072967
1180.866812
827.187859
1475.710793
1186.559136
1224.434167
1261.437902
1363.715073
1486.985848
1275.714209
1479.954293
1794.103295
130.334994
1025.362037
872.576987
725.226052
783.157803
1424.039906
496.977560
1484.654145
-314.947971
620.023365
1283.669703
311.645975
194.681777
2194.629296
921.260720
1240.690367
1311.586888
896.593761
737.196562
1133.731144
1401.998574
1007.049725
1183.381645
702.233285
1203.563175
970.853301
1029.690428
883.988976
1086.873091
1474.895780
1080.346988
1457.297599
1932.433165
431.609168
554.306833
320.654250
1709.278624
733.874762
605.873497
853.872875
1473.316756
1313.518773
1048.366824
358.780049
1133.254571
1187.581407
1429.184201
318.647189
1058.359642
650.367937
869.027444
921.461279
1792.284964
1141.572737
1691.717986
1210.458539
1324.125725
879.798231
1184.630288
1286.223607
1250.118924
1545.168463
501.981362
1458.460677
398.001579
1765.145282
1401.158458
904.636266
1025.046787
1810.018652
1107.408236
1197.976686
1987.631874
1512.262426
624.817556
7.171781
472.785967
610.014782
133.634932
1661.980007
649.915898
929.427897
1273.721439
1092.454274
972.576764
243.147951
880.507590
1003.259601
746.844697
936.718327
454.220650
129.293639
894.622618
1446.594810
1726.061248
707.950554
777.370394
1004.396067
420.790539
323.276107
1150.103928
941.133538
496.853056
854.753978
1250.250146
2062.286082
766.127458
1664.875520
1477.400502
741.382498
1255.177251
2067.525664
545.386938
1381.089902
1222.045928
1213.901397
924.913140
1703.565843
587.196697
615.740150
834.351729
1176.658123
1252.191114
1025.150805
1327.942045
487.083781
637.396754
597.311414
826.468658
600.034250
1385.342203
1178.350498
1348.599830
219.867328
1600.785336
1100.289777
873.968879
305.008335
603.061226
1875.865095
299.957921
1006.642868
43.875658
1395.622330
326.660267
865.865055
849.911904
911.028250
1339.671429
1229.462641
931.038353
1584.179310
1669.869910
1424.552724
1705.744465
916.778134
1292.553929
729.887676
1115.333474
1453.994956
1383.048475
673.716719
822.917974
578.653302
1180.936841
799.273674
637.532048
1764.477434
254.886317
1430.633653
1418.399760
551.535385
520.250446
-102.236717
1386.875651
498.183256
1878.556573
276.494870
428.575366
1083.353774
1509.533116
819.308042
806.180601
1476.660743
1461.290125
1200.279360
842.002229
920.478708
921.267130
809.805901
936.107634
1080.708923
1267.859772
1149.250852
1160.259986
768.487794
734.784116
1550.348218
1044.847435
793.429887
1742.118710
1511.110808
1585.617037
434.210102
784.353566
1405.416490
423.059517
1184.860149
1206.577272
1008.585780
2095.156289
1274.686448
735.941120
1089.422443
826.813364
1308.276230
922.786018
619.285721
1739.365801
147.709675
1732.261686
1138.852496
397.703609
1161.629057
616.918694
328.020620
281.730714
1329.729122
745.842443
2049.667434
1837.031233
1019.639866
1473.238989
1210.754264
1360.650201
358.170512
966.988866
1160.001765
1412.721802
1069.671097
1299.233938
979.423278
534.164713
913.166604
1025.712094
1169.156784
615.265107
315.400950
1115.057349
732.466309
963.036981
1019.910480
759.144320
625.945776
1003.911297
930.640519
1431.254337
1622.088585
657.016562
1434.581288
1279.860168
782.858652