1037.250355
1237.331487
774.568497
899.160362
782.115883
1143.835476
1242.402764
1121.614479
1009.620298
1137.418585
1164.271293
1138.925277
869.606346
1153.766297
616.748374
1240.000384
798.044999
1109.343144
994.505138
893.419121
840.461992
1138.334126
1003.607577
1105.698587
813.125762
805.786474
922.838665
915.359065
870.430694
965.819510
998.490710
1031.444722
1110.471019
884.296382
1124.260572
977.965472
1234.511260
894.058389
1038.824041
1155.400633
848.971497
858.683143
848.570840
792.978549
1070.690500
916.439278
1265.855872
1148.954443
1077.145884
1042.019449
913.690439
1101.130974
1068.968238
779.276752
1009.220126
1089.985058
847.794676
1262.351092
1044.640145
993.200819
781.304891
864.128155
987.337390
1055.203803
874.208592
1157.806771
972.228385
854.148015
1255.941795
1049.187764
953.496787
969.452748
1098.102107
904.422047
1332.142490
1419.808246
646.322782
855.932737
1068.458877
1205.725562
1071.724448
1067.295490
1021.316976
981.170628
796.736582
1012.743593
1188.967862
1125.920382
1244.168494
814.946261
934.770127
896.868769
841.687821
853.348051
1240.309873
958.043757
1107.125405
938.053990
958.033714
1008.828366
1090.561015
725.304559
1194.717200
737.534786
971.507938
974.877053
938.511289
684.404306
885.190413
874.009743
1237.819997
1027.374881
954.428702
827.340639
825.278169
1059.321058
743.270707
1089.450342
1203.190275
804.028852
943.660644
943.260093
978.111715
1035.464136
1199.215896
1019.458934
1047.035592
1094.931353
1335.616466
889.376894
929.832840
919.920463
1129.833817
826.470083
1079.538693
1021.387392
810.862436
1258.441251
1075.104917
941.596383
1098.146985
948.814721
987.713138
1254.334657
1038.496244
1168.047960
987.922274
1392.592371
947.629951
801.389056
1169.646265
970.160957
914.738591
1378.569862
974.075160
996.561416
884.400934
779.398613
907.080593
875.995634
1096.053562
855.517498
990.319956
969.274812
1127.812132
1117.925698
879.119839
1180.645898
970.994638
1049.333285
1072.769020
817.671450
1254.028309
993.195474
1187.668256
1042.741005
889.633522
911.963987
915.536696
1038.672930
826.224762
1129.773824
1074.671817
1225.549119
804.403624
1108.965852
916.299671
1209.046511
910.040429
1003.170444
1063.193988
512.509438
1144.597489
913.682659
996.650322
823.651697
1019.941126
1112.537319
966.863379
1043.349908
966.571236
858.590479
1151.385205
1054.993993
1066.903155
1208.281300
1046.438979
802.280059
956.982378
938.753269
1179.771264
895.728190
1023.033992
1073.539890
972.766258
652.283873
1353.380601
1199.082064
895.188012
1085.143226
1292.126272
990.043478
999.044522
985.117332
1110.109503
745.034043
763.671631
942.965171
742.050052
978.597408
959.785945
1229.169488
893.784030
920.807205
993.612259
1095.915910
696.760449
866.965019
1068.448769
1013.463794
1035.221115
1038.592838
1206.057565
716.437937
793.929677
786.850064
834.824709
1178.421061
1065.919856
1133.847701
1213.087670
1006.700006
1049.550592
942.114569
795.137347
1098.363422
972.845663
1097.748537
1138.020067
986.251409
935.021117
722.997498
673.781020
1036.717916
985.655255
1100.281780
899.905679
1005.304530
708.661106
1091.546238
947.776620
827.300313
1308.770872
1270.263595
895.409960
887.335918
872.698418
775.470565
1137.226827
1048.829628
919.643045
902.465956
1199.691159
903.585510
646.828265
1051.075716
927.456965
931.752417
1054.173187
926.517435
751.116820
949.676568
1119.852733
1053.728327
1010.368314
1070.577158
999.377706
964.371316
736.768923
1002.129875
1019.251790
1167.498452
871.349289
1005.726796
881.989984
1100.670531
869.637611
1109.040777
1017.963096
877.815866
1358.588907
1163.963073
1106.249095
509.125259
949.327704
1211.729444
1110.523381
1030.488778
921.596923
987.189052
1144.503335
899.716586
1068.261131
1218.732356
1290.860971
947.598707
991.711396
952.852868
672.409020
823.019618
922.438297
1106.441169
814.262026
790.642325
1091.461657
1204.610455
1170.436295
1221.164890
887.488134
904.872606
849.641493
833.617367
733.177992
673.158260
1040.536291
1035.726737
1145.383744
936.009192
965.041742
1084.437582
889.394153
999.390044
1132.498077
967.405619
1044.699637
974.347414
1149.480915
808.677401
1017.201450
1071.742174
1122.545604
1138.435841
868.235762
992.811532
871.983777
1245.955178
990.156166
1268.424143
936.175628
1057.729385
1200.779523
954.443232
1328.011636
1052.230826
782.049974
1060.887822
1281.571276
1086.781080
1096.649198
1122.603250
1139.098450
875.745338
841.488504
1165.888025
1080.911189
755.601066
1270.004888
950.490440
867.486231
692.112573
995.943767
1020.842979
985.688742
1110.414410
881.100599
1028.407649
869.264259
1039.524773
746.478014
1013.449472
1091.503708
1050.475463
920.873590
1285.910483
830.664698
721.796516
1104.077732
1028.910477
928.910060
1336.089677
793.160083
1034.863556
727.108393
1095.861794
1219.993493
1148.511247
966.537386
952.873222
789.729500
938.450511
1170.304700
997.427328
1130.619708
1022.966693
767.952901
1046.968898
690.698825
1102.344149
939.409883
1153.421270
1023.903439
1138.263612
1005.700770
1056.528575
908.282446
1335.365178
1119.142436
999.888639
1175.522519
1095.605679
958.833611
1236.906547
1222.937424
991.350593
1209.979124
1227.334447
1095.962788
1007.238398
1079.096675
792.495628
757.953261
1002.722584
946.578739
1003.268000
840.406560
1393.715433
1033.871983
1044.866385
1107.623707
1044.082053
1143.046960
894.171570
1132.313487
752.606995
940.395970
1151.010890
873.954305
861.564191
1190.389365
985.005719
1073.243434
1070.014806
868.122484
927.128945
759.998211
763.665485
1077.957001
1063.943313
671.903032
1036.414857
880.211289
896.672862
1031.503292
821.554085
1051.003906
1149.790580
565.269878
1030.287093
973.199874
1141.091825
989.861280
870.708580
958.361822
773.658999
1181.346845
1128.127957
970.993659
1187.341670
1013.502360
984.715232
1068.290673
1329.571226
1041.332676
901.132944
851.471343
972.499415
1087.624427
676.353463
952.006010
1131.775030
1171.264839
1166.763864
778.036916
812.498612
712.840787
983.511710
1150.320920
1014.035938
978.000576
1178.711830
954.286990
1137.632186
1062.254132
933.796392
856.517153
874.853200
1006.195679
956.010149
653.525600
975.588555
727.278905
1072.433898
863.231951
1201.769359
1109.521661
1090.529607
1111.110119
1150.291489
902.175490
807.808881
1349.263237
780.484602
801.980357
974.252958
1101.571245
914.099179
831.279512
903.257807
786.258447
1034.471474
1186.753695
917.533207
979.588294
1132.949111
1171.437986
1150.232331
769.651077
1044.109831
1073.565757
1071.008744
891.572027
874.027200
1056.480918
1108.906754
1150.843346
1036.153719
994.355652
725.975280
905.357178
948.321663
903.673064
1038.112490
1136.310654
925.547582
989.544369
1077.156457
829.876459
1065.414012
1116.456297
1007.171034
924.096743
1191.399144
789.749546
982.937476
1095.921883
897.014075
1036.123822
908.487735
1373.406487
1149.635034
1121.375861
1097.736908
1133.077676
1034.058340
537.850424
929.313839
841.374544
974.102877
1245.901286
1143.874804
1236.582493
1326.864681
1109.725157
1029.281507
923.655233
1119.525360
709.017193
1122.849846
683.796967
968.811164
1270.084430
953.100964
1130.322807
684.158392
838.403335
1041.875166
1004.745459
916.223234
1037.250852
794.983358
967.841569
1178.107186
917.351068
857.967570
1041.851705
910.285488
835.704797
1136.817609
830.197528
1124.954288
966.311098
945.170846
772.864150
1093.154959
954.039008
758.033590
1127.160388
921.969194
940.289594
889.906260
933.453328
1273.616632
1015.038147
807.989279
939.665122
1009.191542
723.523662
1098.081113
1121.904869
875.799195
1129.870767
950.700577
972.626837
1056.761774
776.182571
975.488041
977.528119
935.422412
871.765848
938.916985
1083.759204
878.202059
800.955409
1071.219181
726.215467
971.598059
993.637687
713.196121
875.382509
988.208814
990.277564
955.561266
873.528138
1296.326634
1066.634583
852.490720
983.404367
981.295234
904.574054
977.613898
1140.521196
1081.803054
1161.483641
933.189108
1246.986853
732.950888
944.066297
921.550557
872.589806
1007.869270
945.546750
1220.304893
1067.890646
1120.236278
974.471759
985.611841
1038.258351
943.828599
1136.102876
1081.716837
890.636409
990.590526
890.748898
1346.292595
857.223380
1013.784368
1058.151033
997.759628
900.323716
1235.308217
962.014924
976.357278
774.105019
1108.105631
1079.482377
965.934921
813.177510
994.536734
941.351011
1057.665291
872.094687
918.581629
1284.593276
988.198316
1229.893338
1084.631610
824.960607
924.908234
1154.475545
1122.569196
1050.354310
1112.603716
977.740745
1114.375176
918.990680
1136.347147
1016.483823
1045.387073
776.207206
912.502738
1218.769805
1095.240440
1184.092418
1177.235670
1212.720808
842.568636
1039.121006
989.027556
927.415886
866.583595
839.010261
1212.798433
892.918985
939.034497
1065.168110
861.531455
1271.440461
970.319876
830.122094
1281.271031
900.106805
798.260861
874.365011
1002.585744
924.221951
827.167777
1078.722478
1043.412685
902.092209
1169.010549
952.984890
995.405064
879.471844
930.301559
1130.313216
947.205949
714.098276
1041.528675
902.595489
746.554069
1039.918432
798.869682
1026.050464
702.377155
1015.691121
1020.755102
964.701493
746.610495
641.257845
810.037178
975.902825
974.135059
1444.633525
980.996815
1028.302049
967.588950
934.833611
992.973641
990.833692
937.045092
908.419954
1062.833944
974.991881
1033.140919
1028.545440
1165.346651
1007.225462
915.609079
990.251448
1091.532737
772.772228
1192.431816
871.461113
1054.688837
1103.517348
1054.297994
684.881034
649.135001
1194.407362
1051.694018
1209.298173
1127.950781
908.434331
927.660109
736.454871
1204.243141
910.858550
897.296855
902.749056
966.913700
1208.525969
970.303403
794.452167
955.994391
1151.688257
1283.905396
1135.687380
647.670310
1014.354729
834.078638
1103.353581
891.712966
769.652636
941.352212
862.614990
1131.836764
1063.705677
1013.205295
1173.987735
1092.268909
1181.385306
764.344824
1099.862058
940.761402
840.810828
1005.309430
859.336588
1097.540927
1047.431909
1040.741490
892.208201
958.450780
859.485560
1009.081265
1130.767434
1081.729499
878.140177
1077.389679
860.416710
739.506063
780.690510
756.207171
1013.614001
1161.161064
1223.466833
1016.326036
983.879143
1048.811868
1125.662434
1122.367218
939.653636
874.007151
956.819742
760.863561
950.114746
800.481106
609.940023
1021.333145
896.499866
1101.839738
1256.451482
1059.431159
1150.020938
1057.659954
1304.944493
932.736234
936.747454
1195.826182
1009.776190
857.793545
863.088426
1319.920331
1109.055361
969.716795
999.843524
914.182797
1112.358718
512.783129
985.276338
784.992602
1198.788653
940.056385
1180.755511
755.560750
869.291465
846.631275
1099.803086
1062.650179
999.363984
797.009078
1097.016113
1099.669675
1135.156094
1065.671142
1345.808204
1134.610472
1127.180361
1080.413936
1182.111699
896.194428
970.371864
1150.374852
1197.028019
1123.747835
1017.137954
945.058258
784.328943
599.431591
1302.854149
918.253236
1224.109520
857.404126
1306.315263
1216.141375
779.439768
932.620268
812.430358
786.438219
893.472645
964.737006
841.768673
925.565083
1212.195504
963.340979
855.878819
919.974853
957.005249
1060.519854
1119.919559
1193.030046
792.050533
1028.937459
981.263753
1101.941748
920.249966
970.359049
931.593304
985.776154
1083.741266
864.962547
1073.704872
1001.633975
964.700629
1011.640646
970.624866
882.051057
1021.482307
924.248842
997.859952
905.921419
839.134457
908.745402
1094.865466
1028.279041
1002.808178
1073.853006
902.501943
698.069950
943.521885
713.201939
1032.185382
1024.483830
1023.473319
931.766642
891.211118
1278.539918
1119.085409
1443.729801
975.778944
791.039763