948.236282
1537.479543
1146.544946
986.735368
841.104079
933.869139
1353.698776
1059.916045
923.197723
1314.250098
1273.826674
367.929781
1194.000517
1088.525604
1249.699383
439.405392
1071.017111
546.989650
841.176115
790.787920
1234.750230
712.801851
1590.203648
594.274902
944.321196
655.086866
751.248846
1308.647432
1409.128853
672.950741
604.962724
1086.948072
736.655621
1210.558982
952.917429
947.730055
1385.433232
1367.664502
939.704247
920.580223
983.394519
486.806222
648.442442
1006.599701
1126.342984
1347.351488
741.483698
1339.046661
1247.522252
706.082109
1114.249933
912.650791
488.947132
1072.145956
1138.607137
1016.716422
1022.990324
1459.855701
1150.945927
1380.796135
864.833304
1077.802119
1165.608624
1250.191192
1233.894440
896.582693
947.937203
1204.449940
1240.236921
1254.620020
997.464240
1119.836713
818.868199
1044.448427
1126.171485
1024.459689
510.026367
1620.391254
1044.247678
1336.827727
779.386923
1037.270450
950.565376
504.072309
1212.274090
1186.323988
1064.735267
981.789730
706.784082
1023.840902
1075.825348
1127.034624
936.936939
1164.451380
780.082562
998.604828
892.683434
1029.436068
1436.488390
714.968892
888.093622
1151.542051
1180.733587
1063.846100
1259.799069
1108.669944
1154.776512
816.494090
672.950362
905.307590
1658.267321
1084.064912
1028.203300
838.117394
1254.842784
930.097763
1070.415209
1277.832813
959.050166
813.387045
1471.856663
1613.573680
567.744768
1411.107703
1085.513676
814.909285
869.163571
378.337091
611.274354
1474.633066
1589.112712
672.111016
683.070553
849.283472
1270.065121
868.283891
903.999791
1201.203027
1194.762745
1267.957312
993.494139
1079.338248
1287.392856
996.080962
692.879525
828.241517
1127.573771
1090.737844
702.257992
1601.183765
1468.014069
1179.577807
1141.469085
1304.345281
1403.518338
782.924919
804.702409
847.676201
1311.300448
813.122466
871.466224
793.658988
627.463890
1243.321930
1399.897041
775.929018
1309.022814
994.795652
595.179968
1178.146207
927.537892
720.159769
1107.640173
1217.834800
908.683565
1076.281509
643.405341
1322.201349
532.260067
1309.888060
753.040026
1207.789835
290.033092
1061.339544
1183.223398
646.116277
1295.180257
1209.877016
912.223623
890.859100
1276.171085
1177.597017
1030.568531
1249.740477
652.075617
769.477571
804.735553
816.016936
1181.393472
912.683299
910.353897
580.565665
1551.416701
1117.434490
1071.231567
1126.985744
1253.419216
995.790342
935.405011
440.527795
1088.495065
1201.187226
589.039998
1271.689718
973.445430
1104.652837
1069.182297
695.752553
620.553999
492.799257
825.174516
1126.418042
855.698014
1106.591375
1023.312311
601.518588
964.818899
692.567496
1082.837044
902.925771
1539.910051
834.134702
1004.926382
792.032920
919.263403
1014.352394
968.624236
1217.654014
1235.871397
873.373744
887.516324
936.509542
1199.992190
836.284411
982.045991
1416.948692
876.318310
870.349169
697.428648
581.872348
792.761198
1275.342617
848.357133
1209.583881
905.175328
1366.243579
1163.502948
1332.091061
460.338735
1153.911497
775.299862
905.191241
863.498828
1155.519926
1284.169550
1294.478562
1209.904472
851.113320
1125.882568
1355.877550
1052.274931
1294.180188
838.245174
1347.910019
1111.325643
1240.239993
1013.756791
1295.573263
772.504726
916.046621
1000.866572
975.073507
885.524003
823.410440
682.541160
1164.064488
919.464679
935.476102
1296.890843
1016.967781
1328.177301
1018.262947
1207.989409
861.516604
953.203607
842.805181
1112.081638
1337.958259
1375.273860
1043.471688
1564.037669
971.572966
627.457122
956.316405
1440.348211
1224.368882
993.451907
1043.555760
1000.646160
1402.727073
872.395021
861.839606
690.548147
941.865727
957.670769
318.866648
579.575571
1142.132617
732.435776
943.634995
731.480210
661.973778
1235.387169
1123.819962
1275.514947
927.933044
1108.712108
1372.753229
778.187309
843.826437
1088.477120
1279.529668
792.004428
1088.820991
1265.863857
1341.977552
986.555174
809.064925
1205.216051
944.163737
1233.656937
1013.649220
932.476671
1223.329544
819.978733
995.231178
926.076713
1291.246389
780.267520
622.480839
1136.059589
909.220120
1033.878632
1213.255554
808.223732
760.950683
1023.974210
1622.449398
783.796268
854.958231
1563.741800
614.446244
1047.632448
909.963500
753.286325
1342.979862
992.048994
990.429051
1096.490531
831.198453
615.989459
1076.872067
616.351951
979.965767
453.102973
651.257061
632.201923
859.513465
766.844883
850.182683
1059.971780
1009.413476
1125.449933
1228.126003
864.984744
1101.385387
794.312521
1241.135344
1035.707659
646.622831
905.111226
802.437904
786.000525
908.863262
812.682899
1431.034544
953.415753
1230.031356
1055.914455
552.469683
1251.561372
716.402709
632.950625
1049.360655
853.209343
898.859795
1129.857154
961.062229
637.609148
659.485028
1038.999081
1189.735434
937.726250
840.471562
1239.109026
1038.952686
911.846573
1237.398890
1159.092023
971.966115
642.598242
972.611073
788.069369
1674.302647
866.752209
756.222345
1120.561232
804.868144
1387.684886
678.317533
870.109806
1000.768903
877.937699
1200.912652
1029.588543
1019.715198
876.455197
1274.645322
868.113172
601.777699
1519.028885
724.575373
1098.239919
755.174886
1017.239606
1057.159596
923.155064
903.400386
854.154435
1139.464960
1166.729654
890.707606
911.504959
826.098122
1246.063537
782.345643
963.825451
1390.233393
1016.253689
978.418119
791.182403
1080.574365
660.820407
1393.557210
928.046845
794.348451
874.675204
1143.382600
1382.954150
632.375236
1155.090635
793.765966
1111.891940
1064.428570
1361.465082
1419.901947
1003.519092
1034.747753
947.486120
1077.486333
969.500469
981.493107
1212.441577
1371.079497
785.684301
829.450936
1169.246437
819.465748
965.190810
1325.857560
1031.303466
1335.941799
1027.987083
1249.390345
911.602342
771.872242
1001.063953
888.741642
1246.344755
1188.302940
821.500879
606.149682
909.744600
1226.796167
1025.085379
929.380641
1082.504236
876.531163
1000.264576
822.916311
1091.348622
1179.001222
1163.863816
912.940506
997.630388
1015.490864
827.942402
852.541730
931.893287
742.452085
793.975508
1111.446008
598.653075
1074.284755
626.881253
1213.648024
1173.149755
1032.416972
930.228310
859.761222
810.655004
746.442594
1016.310652
903.522296
1161.732508
757.242880
1271.919979
589.977895
1059.454068
1189.282365
979.021847
1042.479100
1118.264266
909.037843
485.020903
1057.310747
879.629738
1053.624410
1124.220922
1034.804834
966.996314
926.887852
1019.965184
1125.314247
850.353751
699.342770
1600.130463
823.232794
1303.049155
1170.411060
1248.957201
1159.560018
475.136301
1062.372730
814.809739
1083.552280
1026.317810
1088.874090
740.408514
714.355619
1404.703733
602.058077
1075.543982
1463.453310
599.383790
425.576644
1394.326782
600.394175
619.370994
614.290272
909.875465
927.253902
1004.937345
1039.758298
1458.040253
1029.104111
1106.548745
833.481470
1110.941039
876.380694
761.372356
968.565323
1137.131522
1266.153442
904.378503
921.422499
1119.564456
731.070630
474.341816
707.854973
935.964013
965.178490
1189.418511
1037.736491
902.278165
1079.911237
1369.923939
820.726975
609.888472
675.079660
956.422809
1048.096642
829.960248
1138.563333
1172.135943
957.942216
698.248771
1171.291787
1276.741460
914.838999
1346.941595
1196.501376
1067.495268
1247.103212
772.975673
1142.672951
1012.839936
908.647484
856.638578
845.487710
911.848837
757.977379
840.319359
1204.186687
794.786917
914.973697
801.214721
1312.977957
919.847756
650.988192
757.400617
1023.065662
601.366825
631.491559
1079.105386
899.564078
1069.636889
1141.699729
908.160087
1234.998392
888.601957
915.743144
1067.576899
1297.394159
863.844690
833.707306
859.827603
844.630119
1219.024654
1283.865968
1224.515613
985.130301
1194.690453
1419.902876
1084.112813
894.386057
936.980766
1171.180048
1078.204835
678.977593
854.483619
706.316241
1044.316615
855.366265
1348.821097
1015.896827
1149.981720
1129.543270
603.602109
1163.888634
1346.126371
1005.963267
907.801715
633.045755
1412.279440
653.634244
935.873803
670.950544
1589.942650
1329.950395
1083.975614
1272.369353
1138.099739
1160.878843
661.800737
433.324887
695.469328
813.193977
1131.841100
1177.561540
728.171016
1163.488472
550.791254
1143.121447
1187.704100
983.781298
739.574607
1033.736681
1080.474103
940.188830
1290.873287
635.105534
1408.511247
1054.097895
1215.041818
583.516103
785.509870
930.888176
1378.567890
1328.269136
586.937531
698.838962
522.579712
1245.162340
434.370479
991.254035
724.213641
917.720945
1100.575886
1237.746524
1500.682935
1475.153418
1400.337498
886.334895
966.305137
1364.788821
930.016540
1026.957679
745.185377
1120.588855
932.390262
1173.673380
566.836218
1165.610697
1060.588540
948.968302
1229.602504
974.917809
781.614674
797.834925
1239.831307
1454.618032
1030.017061
1218.293781
1207.715530
879.394833
517.491342
1100.674133
1575.041250
595.681026
785.352064
797.729345
1570.899475
721.263645
1174.006220
1037.116868
1167.716495
833.479675
520.745641
1180.220346
586.181082
920.726672
993.931966
1246.288449
776.753132
574.035749
477.290567
934.615651
1288.300040
1078.933338
936.241586
778.573369
427.221170
889.999837
246.617377
1348.761537
1145.545944
942.746196
968.982033
989.377669
1278.343558
1134.977455
1086.674436
739.140475
1151.173560
1133.508997
871.110078
1292.785540
834.840619
1410.819865
987.318861
1035.943042
902.637367
945.592615
1020.828801
1284.635863
766.782437
611.080859
875.984417
698.351503
1119.185533
993.488964
1320.152931
972.769075
1130.651020
999.035059
1038.279258
724.953745
966.196385
1076.627304
1281.459467
1554.330699
1580.608477
766.403923
1140.538673
722.075585
1151.537787
724.031104
1178.507015
1137.477302
881.321934
1294.411037
1120.569782
559.314716
1260.214045
815.657206
522.803867
913.123718
909.065529
1029.008716
1362.102897
1314.168985
783.929929
939.291240
1203.265526
866.054428
1025.896206
572.518917
1119.103100
983.443868
1391.341810
1194.741151
753.073654
1216.982339
972.325054
882.772619
450.292978
1227.040262
655.721610
1215.761782
947.179031
1407.147319
775.556330
849.317393
1223.127238
1059.010721
1000.594898
767.458546
569.314004
1119.392873
1032.532857
1092.529861
835.407304
1219.667327
998.723578
990.708737
797.161105
881.230000
1012.974241
528.686138
937.833186
1024.969834
622.829704
1047.594750
1344.970897
831.792943
981.497157
731.345257
632.069606
1005.394429
1312.375460
1262.824094
1180.310920
1071.572263
1058.160228
931.386410
545.641486
827.586306
1204.362006
734.706638
1042.015033
801.566045
1272.260775
985.317158
1225.274494
1330.858067
1402.001132
1116.379615
953.107100
1271.945790
1052.926805
842.075262
1325.558992
797.474159
907.586972
904.924355
916.729879
1367.926993
1440.707412
1357.249796
637.267588
889.079150
977.400697
1405.582239
1260.537603
617.110996
935.899007
1099.145877
1120.709037
674.079137
909.128581
739.112360
991.218841
1293.524182
507.895273
1430.248220
1105.593355
991.481711
1094.339327
802.809490
893.586759
1096.213178
1202.634451
932.672240
1408.562712
1303.820353
709.344758
873.622730
964.139270
1013.357738
1122.954726
727.698388
1055.821045
1291.863162
1024.672853
653.039964
864.328064
763.877746
1041.666305
1006.591164
1611.523129
1584.935417
1100.926678
1163.418982
992.337751
1350.686003
738.620674
949.009009
1143.207322
934.282333
148.024537
1149.299853
1331.066211
668.850130
1338.562173
1063.328594
872.768734
1253.064566
552.828234
1094.684541
718.632585
887.285753
806.737239
524.253338
963.440757
553.705854
647.925603
1014.120673
1155.794425
901.922539
1085.826879
1441.301892
1005.586216
1192.813642
829.095728
1095.667223
634.187360
1213.916073
491.239709
840.528376