691.189194
811.977099
893.870754
973.929382
1253.545455
1840.638555
221.933293
943.276084
1022.189545
1650.416118
1326.673519
934.227098
1710.200371
1498.727994
1521.616307
664.009613
1252.705535
1153.099022
1048.042376
665.080083
1262.917989
1285.886313
897.081801
1611.402980
1330.072648
1050.036526
895.478531
853.986818
858.729272
1351.341894
681.707407
653.645010
1336.535853
681.778842
1122.951554
823.423088
1445.162829
1337.759599
562.114383
292.163932
894.297471
1002.840952
1139.702530
1159.218227
991.737538
928.067291
1601.791912
717.261726
796.879310
1392.755080
1189.779233
1548.669995
822.689614
894.676331
1289.817939
648.224478
725.644561
1221.948745
838.073233
1219.580642
280.094266
874.675628
949.544683
918.769934
1473.278597
1038.866762
1482.873031
1071.806289
1114.625363
1061.983075
786.384524
930.577677
812.025865
1387.335895
1286.114616
788.050085
1102.207006
719.450372
1011.352467
1458.501579
1271.113834
1363.697824
1055.476796
764.161849
1412.469588
934.397526
1117.271774
879.535346
1136.019162
889.033452
970.991261
813.233518
1191.714607
876.442246
1190.060357
1077.537542
1314.011596
607.513693
797.883479
1293.350846
881.737870
1115.419540
809.573956
1336.984711
702.080172
835.986215
1078.058071
1026.799930
1017.591415
1031.910614
870.089527
948.252471
553.323472
1171.035504
1266.404924
1018.971892
1395.070292
1281.903856
961.367784
865.200922
1245.519564
1043.811649
627.280318
1706.477397
751.853300
750.097693
424.714929
1381.608194
284.837704
1349.719177
918.317363
1613.130206
951.218672
1118.230459
1839.236287
672.512861
637.408825
1088.999064
601.407463
686.986369
836.425259
1021.280808
250.785936
841.301594
1265.996250
1161.419405
1289.284274
981.396780
1038.777086
649.254935
396.813946
974.231510
1319.780864
709.673148
1347.729317
1452.856567
1505.477527
1089.525961
1210.159557
666.610400
885.421252
814.121412
778.251185
773.883818
864.668144
996.588239
1416.076713
1790.457347
1155.693660
1319.618741
818.423437
1114.298610
979.121352
180.022932
799.096976
1217.945599
589.865682
1333.117412
777.851985
760.161619
773.782210
679.347946
1055.453790
806.558094
1362.474611
1322.426779
1155.985241
578.668051
1369.039636
369.765441
1401.348882
1008.812987
723.224686
848.953784
587.442296
1256.704552
261.089827
1395.705284
877.791062
1380.421833
1167.965320
1515.204143
1575.265624
756.568664
231.111286
773.805561
1222.014623
1198.086783
854.833548
1229.860601
705.082615
1061.996489
1172.230626
526.868552
706.552653
1104.895426
695.027030
1552.710037
553.452067
739.846287
417.561466
1371.975785
751.364480
1023.120673
1184.897423
1098.731222
1436.638978
1289.612968
862.503635
1184.253662
626.706802
554.664794
550.096071
1209.022149
418.703696
696.919561
898.271019
1073.500516
667.774274
735.717508
698.924484
1013.689276
904.237054
1220.480006
1338.141857
1370.671666
821.260211
1748.881484
895.940059
1392.214318
759.607047
613.240829
516.421044
1472.830712
1391.907385
625.894538
1013.687024
1334.622978
420.129668
1314.822772
1010.589428
858.641309
1032.528692
1045.369731
1551.249924
647.245991
1242.173495
618.051717
691.559087
1210.467614
1233.433017
314.382344
852.849804
1101.160638
582.705812
1129.725115
1071.165764
823.276568
1380.314514
690.995092
1031.726661
1829.773996
1502.582844
1253.154364
788.941437
694.324038
1107.894171
1330.941806
966.170992
416.119171
438.702412
1373.776616
1145.624436
505.777377
607.608977
1565.180615
777.428863
414.773097
218.572738
744.327858
1403.233653
679.045051
1160.547956
1074.289243
1448.985652
1223.560445
483.014064
699.587240
1565.493006
614.855015
418.062923
338.365877
1104.995100
1838.172675
809.472786
725.979240
448.512442
722.831563
1365.843819
1085.129767
961.114332
1120.156349
738.175927
233.372427
684.804134
668.268332
819.001709
1268.707339
724.029179
960.778455
1395.588832
962.966410
1083.375672
1337.148837
738.898758
832.695572
1068.734826
943.877489
1568.012613
793.057219
877.349989
1032.941085
1203.441193
938.785294
734.796749
1518.139625
1237.588937
637.266954
958.899941
1226.524704
1098.147189
1054.060867
1183.148333
1119.138767
508.513146
1000.383351
1384.801783
1042.976239
1117.517330
463.050672
908.017038
739.295377
923.944387
601.961534
1269.276702
1028.290095
1065.570940
1136.790103
966.356921
649.165311
1113.534521
830.579049
671.505191
1073.824637
1218.196012
1221.754323
970.756367
1376.181980
1415.436127
1580.336126
1014.673469
1466.807184
1410.548519
1187.548334
580.980017
1427.170277
908.371995
619.395977
1177.967285
1802.324081
914.120758
1068.746581
1060.435406
409.554574
745.152297
1158.197451
919.891788
1058.682113
796.636834
909.732621
1036.953451
976.151283
1245.261888
1150.027783
1472.185640
563.171352
1281.533388
1072.102120
619.577006
843.937062
1150.918874
1540.534097
1793.232754
1240.116060
724.875574
721.257292
562.727542
1132.648151
610.661538
935.507182
1189.572143
1058.894838
859.228200
892.204220
1327.870741
47.544008
1255.665198
550.353154
1256.797350
1341.153803
1819.495372
1012.596763
424.382307
685.865073
797.680079
876.142835
1107.448300
460.629108
717.435228
781.053911
1180.488435
1027.129541
1033.548040
612.821443
1111.148837
987.253970
508.324102
1195.510553
1367.083016
1072.921585
710.361183
988.012979
524.917012
1423.497133
1138.009625
1108.878177
883.859927
1134.291988
953.846086
879.098506
356.922112
482.677715
1320.071795
1066.079938
901.407241
612.058335
470.381079
1766.197414
1074.574781
1010.752336
320.174912
1073.735557
294.904536
874.659315
884.671749
714.920840
1257.296606
669.509622
818.298430
1693.772401
1318.927977
774.485622
1034.617894
1340.831606
585.928988
847.364548
1525.435178
1817.018717
1138.171094
1327.091639
632.503712
1099.528279
1077.950702
723.244913
1250.889012
981.331210
309.907329
509.539315
1423.304509
585.647724
920.779127
614.783472
416.380604
924.818935
1296.653573
1764.753738
900.856438
806.854203
530.077779
1377.581086
108.162346
1111.546008
942.566761
1165.083717
1024.601146
905.886613
727.948037
1265.674558
1166.048159
748.368971
1273.937844
1852.585975
618.651809
1063.305326
1306.498438
1461.221319
1499.615055
-179.525183
1220.026630
848.537522
430.660595
496.873472
490.692990
373.367144
748.876934
335.477972
867.297275
413.738337
1360.472411
648.034324
393.741829
20.961903
1040.228362
915.224236
995.717252
1234.963209
655.344160
1004.625756
737.734007
750.102598
494.163033
818.790023
1270.772898
806.318163
981.188653
57.227338
645.464153
1181.048122
1678.512030
671.156339
1341.799042
1011.089243
892.030185
1400.914956
1168.564606
1403.740305
1188.230744
919.320995
1759.640481
619.198450
978.300033
1247.124060
766.473207
1650.679273
674.973163
1220.114108
218.348111
1055.004569
481.541298
1684.051807
415.736365
1199.039614
1700.049698
770.514984
916.728842
1106.135563
882.491754
1659.823140
474.520162
1112.462484
977.832233
625.582659
1319.011374
574.704525
1414.164356
866.460770
842.725055
560.264302
639.467934
1162.046084
791.080503
1823.391251
723.955586
862.730065
833.469383
1662.609946
1640.181957
852.360312
1259.820522
816.935791
923.174300
425.431393
917.433602
830.632016
1773.022338
1139.842554
1169.075957
653.289833
920.472354
168.825720
1389.455150
1210.752557
1858.247391
1181.353969
1259.203265
795.653956
893.668128
1230.313937
831.626376
1024.021987
1546.928791
1355.509393
1478.760109
858.192830
1194.826889
673.338012
1172.561742
1742.418853
1199.366881
495.272881
818.969366
1166.857846
1083.566250
1194.688214
721.259421
1145.082999
1046.121362
1.579318
1043.711803
1225.987358
1202.538367
1245.739271
1187.276278
982.532837
522.018508
627.693495
826.699320
1569.227322
886.335883
888.531119
1226.834738
945.343752
926.476890
1325.079272
1215.298944
646.266791
1274.471837
1459.193253
1468.775786
814.105149
634.261891
800.795351
1209.441153
973.893700
606.214316
829.358319
1475.434435
1362.143462
1074.900842
659.643589
1191.382445
1394.139721
1202.569957
808.906353
1118.895356
1130.375535
1086.130068
1039.667161
860.408234
1260.302421
872.470167
896.428316
390.668807
830.153165
827.009154
187.266120
978.101064
1399.144959
1385.984063
1009.627064
1448.547673
639.973748
330.967553
955.392679
780.730663
1000.649845
1364.396974
1419.537542
1372.252938
895.419459
1141.072412
1380.531648
806.298431
976.620808
1446.179071
891.220821
983.929822
1178.578557
999.437948
999.683619
1213.379457
1600.523684
983.414985
577.093703
1446.817182
1155.314386
1097.780258
887.229280
1366.235559
1087.382649
742.280608
930.805505
285.448443
1477.786608
1518.355808
760.593931
897.540746
1220.310624
1775.711791
870.003473
679.597172
1588.200926
248.002695
1243.953396
1138.591688
1507.122310
1193.491569
745.347953
1214.332417
1162.391905
941.072718
656.922573
1000.019286
1133.095050
1429.040976
1590.841660
908.132083
1634.991211
792.165693
1092.164941
684.510751
1681.385956
73.437409
1111.127033
553.888145
791.045941
867.403990
1500.615180
1374.626143
953.046974
959.532080
427.949209
910.458093
950.601516
947.238519
514.452252
1017.604605
1435.378306
1255.284987
1253.587460
1193.717558
635.924609
672.021476
851.890067
572.924785
1543.153012
783.622283
1036.794163
753.938292
46.944533
374.277669
305.814886
1016.129001
907.170806
470.563869
974.166286
1097.164881
1425.017464
987.603227
848.282337
954.284730
760.071436
767.367283
1176.130267
1097.890604
819.447682
1492.696058
1480.343544
732.492959
810.171744
1039.636962
1701.052787
1302.140534
3.614572
1143.540096
1218.653465
1131.783361
1355.952562
973.023440
955.218491
1339.744149
981.080424
914.388310
330.516480
818.740414
1037.016872
937.045072
1401.316285
657.080923
1501.887138
893.870208
1169.709240
790.468562
909.207309
1722.127238
1781.982428
754.089627
1458.189853
432.302527
337.292484
1485.749498
1302.356413
1190.182829
1044.986617
1116.898463
719.468213
1278.958401
728.216849
1021.751519
1443.605638
466.156155
723.336563
1241.918685
1426.735826
1043.289905
779.646314
640.242112
910.413330
1057.863617
1248.223604
1355.832035
1645.957718
1064.784875
762.080680
946.851302
1077.107655
818.679512
1034.592194
1444.412886
1557.812326
488.538142
984.514068
916.555790
495.135219
972.338841
1074.599121
1555.670863
613.790968
1695.070849
525.586428
1001.837845
778.085355
816.124571
913.611679
965.254944
1044.227607
656.802016
1318.719191
780.599371
864.191976
1140.873192
613.684948
349.525867
891.649829
1193.688881
1274.692024
1458.078408
571.023256
562.209236
1224.036485
1087.656201
1265.437818
1411.156052
1051.239016
952.457597
1560.691960
1061.926780
938.432337
1513.958839
752.861984
975.962257
999.407446
1038.064568
1592.098832
649.938024
1055.080959
1098.464227
798.152299
657.280181
1475.712083
1180.104764
1952.479271
912.039003
1180.800800
923.802529
1562.449528
991.121185
1261.775354
929.129279
1022.889982
970.128021
953.868035
743.745595
623.876556
777.138289
1118.526836
955.687513
1264.716660
885.596484
509.460319
974.233558
1266.981662
600.487124
1293.825722
1137.924667
1558.169198
857.233963
534.470573
1115.802907
1357.704606
591.447878
980.124409
275.300936
1198.432659
1415.024028
1276.249181
1193.770142
830.522369
1296.714590
723.531615
1804.448349
821.521455
716.684979
925.690021
812.517339
1545.331623
515.380461
989.685252
1726.425215
660.147713
1119.181105
906.546440
1139.155451
831.923634
759.009914
1231.810249
1357.907767
893.908281
1431.551423
822.668282
1088.977792
467.976707
869.863728
1225.777799
1554.806173
1328.565106
1153.946500
1172.075286
364.229417
1408.120252
1284.683097
1512.071458
1043.652536
1035.450711
1063.300282
633.202431
757.117667
988.219067
1544.345409
1102.432826