2325.243256
1844.928951
1164.983937
983.101039
732.896292
495.245691
780.442734
1038.965493
1268.598721
1232.733535
1061.740491
853.377211
758.496387
1456.066383
883.119097
478.895406
895.861937
460.372747
1739.279711
489.379623
1023.253799
1508.503886
900.215297
796.988265
609.668499
1224.151944
1105.328537
1018.861594
1574.515611
750.386507
538.860248
1280.713385
1282.809490
616.034839
1580.761404
1852.311137
1199.322803
1199.674896
1414.105675
1005.468163
693.740938
1364.936286
786.811870
936.948441
369.994944
1130.770662
1482.362769
1378.979014
1639.822284
478.832037
958.470334
1243.647821
969.434189
-170.713915
850.523938
715.500187
683.218468
1518.995071
918.926952
1039.305560
760.010226
1329.185886
1082.183823
1140.106617
790.087019
194.691246
1805.163361
873.701502
1169.316683
914.906046
1265.883930
1526.816582
-190.551503
415.590899
896.594107
730.278229
871.552124
252.513071
508.833205
320.232419
414.431630
657.669728
952.980771
250.908456
1006.184234
957.487355
1643.944836
238.271766
101.370275
1244.995033
1479.463467
894.469409
1010.607535
1212.634677
1456.569024
363.447537
1109.338765
778.506617
1118.492368
1048.540244
856.299972
1185.850261
1190.412938
668.299031
1382.831112
1101.601714
801.104133
847.392033
1415.052373
764.278497
284.660044
1222.832060
1225.414199
1220.106592
637.464428
874.973597
906.732985
1633.641723
319.695027
956.046140
880.094236
808.518008
84.433206
1805.005937
1796.592922
805.278258
572.894965
358.263719
1288.596861
889.921808
1074.589539
969.947037
1514.802126
1025.711143
1744.902987
833.089299
881.101156
783.336061
1352.131192
447.188863
418.554208
1156.481212
869.597366
1323.008895
1996.766396
1311.738280
1380.883497
1008.753166
1056.630949
726.586535
764.042199
1205.300741
1375.837964
247.727538
1142.044103
1086.804051
1330.908110
517.744091
1240.511702
592.073345
1202.444933
369.528135
373.831886
374.588009
358.024621
842.811515
314.665180
556.570553
-101.208228
1767.768258
1094.019433
1071.641721
1028.588165
1094.386969
1409.382250
1220.242603
1441.897165
419.537588
1133.642467
1522.450157
634.316171
972.611042
743.110729
1304.046852
1689.829897
1728.742252
1812.635333
1599.163424
1640.870643
946.719956
1011.311740
1526.521324
1513.834379
1260.452068
1343.505606
584.924851
1277.434486
1565.005236
721.689444
1023.753576
1463.809102
1163.061165
1933.821957
-72.731123
1021.318571
1791.860162
905.895714
873.092844
1048.473393
1538.508531
642.035972
1449.225423
1060.810666
857.103041
1100.104538
910.007677
1901.629230
1156.705422
1014.629772
1652.749612
1690.087154
635.889639
841.392180
1550.531486
1268.983770
974.604133
1626.326766
221.752700
1115.862756
806.666065
1390.149969
923.082667
1127.513118
1387.018012
1207.820411
1310.789373
1104.541013
819.646032
819.632015
1277.731819
510.833292
1422.344395
1368.332724
1830.257109
525.355442
1401.372180
1427.897207
652.131603
1287.837114
531.530106
979.777797
1206.192014
1617.463358
592.946661
469.874292
1392.750023
1287.459988
502.574090
692.431255
854.963055
509.524434
931.509018
1303.255778
1301.175853
784.826527
1369.076173
1292.956563
495.164152
1260.139705
542.798731
1384.815341
971.996223
1058.126757
927.695148
450.184549
1610.606089
90.342388
1612.804014
375.300768
662.006856
515.307667
1104.068369
2122.658954
425.818466
1088.639300
787.579096
1023.698078
2428.939118
1277.199532
746.641280
1990.126106
792.967121
1069.420148
1319.659954
1285.051233
893.686239
556.661226
1233.418939
1630.467388
1074.346753
1037.674831
1519.985412
615.724904
1838.533612
1286.671222
1112.474588
1437.740301
1261.099664
1390.966260
1155.259551
1138.068026
708.399194
-20.431829
1011.203079
28.495013
779.002593
822.470579
718.628330
1382.890356
692.626054
929.701559
1707.419777
591.104957
1700.232476
1320.772746
741.787558
1890.827342
1577.559176
352.965201
1414.832358
755.549692
1250.113525
2325.596843
1009.614752
869.197136
765.826597
884.476109
1267.913577
923.970874
693.064215
1173.371419
873.254300
1067.346249
1265.707142
417.090498
1233.842777
1985.449055
706.912186
838.764196
1192.167533
919.035075
1391.683929
720.710493
973.987057
1806.258754
1360.291598
657.898379
415.330504
1076.567347
952.133102
1113.725689
1659.886475
1695.478294
561.762646
1203.502390
1008.097519
946.108197
2197.917116
122.289805
1142.531089
1273.970731
1255.736284
956.268978
828.502882
1018.938376
721.344884
873.184413
1428.339340
356.980309
-472.963127
1197.696881
1073.768627
943.379329
759.116600
1438.156107
1505.883728
393.390661
1295.360996
1225.812014
727.894600
844.131790
85.564394
1034.834877
985.870734
1119.335431
1270.876266
917.744200
635.507729
866.434918
1352.128622
990.127616
856.926913
1578.250222
1536.627741
1760.196038
1389.328608
1408.496939
1234.708882
1350.420240
1016.441006
1060.683800
1014.330023
525.194760
1063.569554
366.118860
758.038920
547.249493
1128.785588
1584.238926
1531.691878
879.056259
737.588718
1165.638108
1380.781651
1244.559938
1242.743662
1328.726870
1019.283491
2041.711276
1270.592532
406.342954
460.845214
685.518055
1610.683362
596.455755
1225.043026
1550.861844
1116.870175
804.743402
949.624590
1332.554545
1057.116525
963.939182
673.281724
1188.372812
462.492572
226.614613
582.766653
359.676196
657.612329
131.486809
863.671205
1581.603389
1234.624048
237.447303
651.087591
1096.053321
1511.444853
557.747461
1439.620350
676.154299
362.458120
1373.312036
1233.534182
978.936616
1121.886901
1108.663676
920.458928
942.625910
977.223231
1002.612594
1103.027249
784.210464
403.297982
984.134262
697.972367
856.141506
1132.243047
259.294350
814.761924
800.195287
1149.207011
1587.240183
863.690842
1372.094657
1488.470846
699.549107
706.212385
963.998488
1352.689643
1530.010079
392.688622
683.086745
1491.114559
853.937334
964.728647
1237.997585
989.093903
1701.482354
444.180484
2041.044869
1026.284366
539.090221
1234.695234
814.065703
1026.803707
1478.303828
713.142868
1598.348784
607.201611
371.338067
680.478767
926.379157
1221.810989
487.868601
853.434039
1119.470927
1866.066705
357.173518
966.563820
716.520606
776.879097
1005.738286
904.487140
711.166512
399.356248
917.898967
1261.285103
1065.632545
538.851254
1201.593507
1273.113072
789.427496
848.245607
921.942188
950.054030
1032.238245
772.871913
1111.971080
1463.115376
1398.444748
750.761281
1176.493160
1418.788799
765.408825
1107.868722
977.052722
1513.832501
1509.603940
1602.538526
1202.046274
621.876483
1085.265348
1258.741496
858.616926
835.710064
1112.126954
699.457497
1578.639932
2247.532765
1061.417444
513.899382
1683.474614
751.131478
642.485112
847.885328
1767.005367
873.858117
622.917704
1710.572235
1190.583429
1289.975061
581.174404
1674.518012
779.987929
527.873683
1729.245873
1135.658504
1229.790079
700.290411
-0.112143
820.920038
168.536803
759.790246
1120.961697
873.274518
1120.154982
1025.974244
1356.460534
1671.991630
1212.868231
125.233648
1966.195507
949.823294
1336.232857
650.773137
505.499198
562.040327
1393.787353
770.406775
716.521671
792.994002
1182.939222
560.846437
1241.468404
746.972727
483.231965
1381.755733
1593.034238
1218.181233
360.446806
1388.845389
828.561769
981.428047
1121.952697
733.148485
897.713662
659.750492
1076.618344
557.057625
1607.871364
1214.631150
861.094016
900.614203
1345.380906
960.956426
1125.574728
83.385943
673.825152
521.142465
743.516413
702.428651
-208.176943
1328.328069
741.190681
1747.954181
924.856352
1129.949433
829.428605
966.560052
1310.892350
1643.318690
674.570181
1030.351183
1367.748103
1549.405202
1581.985465
485.466561
357.108200
1233.016163
1537.100694
2120.248516
479.415420
951.719969
1232.351396
1015.627348
989.659041
1326.407982
1148.304671
1606.898402
1093.914472
722.197310
566.247275
1521.070098
999.425340
-125.705238
528.928192
800.558737
603.332631
1036.489349
340.799502
857.904813
912.078440
1402.640597
605.809350
541.484782
1240.778859
738.342391
1376.179105
1178.102739
471.535656
1983.995533
739.716216
999.884339
816.801812
576.856530
1679.309626
1555.487545
854.108335
1017.125410
758.509956
873.147320
48.276798
1035.572434
687.051007
1495.199127
1184.585488
452.513665
886.318182
852.972210
1214.793314
1225.966928
1360.353042
1614.748463
963.906668
940.306716
700.791155
494.073463
1506.085782
1100.611106
1306.179297
522.974575
1041.976199
1326.383687
627.000434
642.505345
1385.657745
1037.270114
809.019963
881.139400
981.770132
698.607474
353.962547
670.602685
875.589621
1530.048267
736.801484
1306.147424
665.013589
1494.684626
1035.286955
1719.584695
657.047224
559.898165
1189.235639
1014.302951
1018.396131
970.330332
375.435803
1059.488574
1877.733787
881.340505
1364.075005
411.089630
887.495407
892.751278
699.451127
912.555814
647.734054
832.622468
1432.304555
1314.881131
846.941273
1583.479935
1049.193274
1275.799598
1118.066813
766.499126
1203.870666
1350.168494
508.510919
1601.860268
665.060714
1260.186185
633.515859
1037.660641
920.885630
583.379623
547.262417
641.951665
246.868293
761.007415
915.048813
1470.655810
656.428577
451.113216
790.653213
740.231724
1473.470176
1062.486698
1239.275986
1071.853007
1069.216199
1012.053216
1965.182670
1269.176036
1457.487143
913.288515
1094.008553
1160.286130
800.724667
1549.621216
341.310170
1105.214320
1166.411457
923.673131
229.147557
436.977564
840.176834
427.673302
1544.525562
1424.121282
688.410223
276.761171
762.493348
503.808992
1291.352488
1975.039980
591.202009
1011.971043
1852.777700
1028.159386
1436.633515
978.244408
1617.101826
1458.970861
829.583853
1318.359063
922.270823
994.783639
823.891015
1767.574316
1172.536870
1437.699062
1077.156819
340.214084
1201.289132
1089.227272
1503.057095
583.525931
1180.182878
738.693497
1424.707274
19.042235
511.830199
916.134205
674.276431
1137.937090
1031.915260
1217.716441
1200.756358
1341.481587
909.059561
1040.263068
1341.699686
303.945861
1052.554281
549.992661
840.194921
1712.532407
54.650131
1142.689674
127.808498
1135.511214
674.322901
1803.633322
346.875069
827.080530
883.195290
770.656188
907.777080
715.244981
1024.756689
1067.363699
894.790252
675.878008
887.389052
1415.288851
1954.474886
472.431007
1314.110222
1464.030144
1398.087429
1374.276840
908.294085
912.658288
702.808076
215.139084
541.621326
1761.894589
1305.447618
990.834774
1204.746650
1208.827031
1073.785198
529.493770
1448.863029
1676.547353
1136.579096
789.841301
1660.867134
1475.639312
1353.044799
773.830439
734.741981
188.638180
929.737335
633.265094
1480.195042
1108.908500
-53.323237
1149.690371
733.052133
1192.270935
1808.984770
519.337779
749.936759
496.777048
940.284031
448.636404
400.246148
1291.172890
1861.869678
1086.854348
606.710200
2049.319824
1274.226784
1114.469387
660.023683
1282.929693
1059.530189
699.917467
1028.008532
1648.795395
1222.855377
909.250423
1065.988156
986.925955
893.378689
458.962494
1278.250113
1152.385699
1338.603760
724.875623
105.899474
1717.578294
1139.920580
1612.096167
1191.352560
878.977198
1360.608097
1005.678223
1835.416225
2015.281058
1571.480315
1587.687266
1595.018074
1499.368128
42.389275
1066.850960
1347.675978
1147.917803
771.237081
459.079141
511.150437
976.749373
1020.992273
831.558143
1172.684444
758.153997
1203.443828
811.267584
783.020203
701.270278
981.241911
1140.804358
625.835940
1827.293972
735.393401
309.468866
1517.916327
603.868332
645.360634
979.643170
1088.318784
591.722129
1103.421818
688.638351
1113.267552
680.181575
545.700699
1393.960179
1203.601368
1211.330889
1146.157463
1396.631529
217.492785
455.447574
604.475803
226.325333
1526.876274
160.231210
1843.574333
743.378957
300.472492
755.270282
-137.614485
727.982577
527.287479
1838.649176