769.789587
1472.710441
138.675497
897.734701
247.824991
781.067484
635.176497
1772.210878
824.737031
1819.000875
1041.746467
664.047480
919.534885
726.676791
1230.236112
1042.362929
928.158021
1670.091859
-217.858110
1350.477263
1467.027175
308.920519
1228.080848
1476.479382
860.677133
800.199876
1403.563742
1069.731529
1078.373423
2750.334725
955.109423
722.234110
1199.573126
1148.549186
532.295160
499.031329
481.888602
469.585453
521.316040
1869.989335
2223.255565
369.295928
628.189505
1608.638107
575.458933
391.525220
1151.901997
680.671563
816.450068
542.512486
1626.555259
1121.318555
1224.344138
521.530954
985.753616
256.711821
593.938751
1994.628535
1280.900352
1915.457322
732.492437
1179.633559
720.045473
1265.303818
793.751891
508.728182
32.142686
958.392370
1529.916796
1642.724496
1141.144375
586.128087
137.303617
741.559399
1389.365156
1205.784570
501.767140
1104.427397
1225.736625
209.418057
424.408897
1258.370548
799.449452
1200.002104
946.494525
1868.427557
262.483723
231.982503
1024.580234
770.029789
1338.612574
753.117284
1511.720390
147.019376
344.936462
572.715688
1381.409696
1131.242878
1351.510042
385.311485
504.045100
518.711609
1428.036994
560.661615
623.737774
1655.652006
1126.913775
1531.053103
735.739059
1222.398933
1376.380553
990.680122
1068.825533
1628.488442
480.774361
1071.475530
520.702564
1863.325412
1784.737356
1173.940493
987.807352
281.302841
216.850886
463.135369
1527.674672
1222.315634
1392.677564
951.401048
1487.104940
1297.393794
1372.125585
1556.186006
1992.892561
1208.011588
1204.979427
541.886454
900.413988
701.750349
1005.436899
1070.536526
744.100476
1392.104425
809.232377
1634.373538
1241.854585
1896.586308
676.432631
1237.496245
793.957888
927.881452
1350.891560
1125.823507
1655.889500
576.898162
1015.194012
1815.752539
1029.479083
-28.149286
709.935040
433.366555
725.541046
1509.721644
829.573210
609.604224
1466.902710
368.361791
229.679574
486.099873
949.712931
1580.371699
755.149854
1402.076402
755.314842
589.771899
17.228246
1184.277013
655.512379
852.977927
1775.466399
705.542154
856.796529
975.469351
1225.620885
32.205572
152.724863
943.558780
488.849358
1879.160999
-283.973930
230.277890
866.968915
1793.336066
426.108139
1236.240849
1045.043102
840.697115
767.038013
1512.777995
769.625360
175.269202
1698.361034
1338.601335
1187.022814
1082.815527
1351.365199
2103.039136
891.060725
1281.662345
593.054247
1744.570749
1243.153876
57.379272
858.274382
349.103651
1984.632426
786.335109
66.684756
221.959909
253.654096
1162.476379
1020.114660
715.621554
1822.515212
-202.440915
1140.611713
-209.014281
1165.997313
585.010835
506.060653
1090.450768
1080.941908
249.732621
730.824523
951.652646
1209.173739
928.281203
785.871299
962.510720
1847.189078
922.173973
1560.306002
1071.492645
416.301054
1071.297077
385.920390
723.689984
476.591997
1225.389341
32.129778
1060.702912
872.116645
518.705515
1582.522277
938.328010
705.261432
819.161575
879.614891
1521.743031
696.982817
755.643010
1048.316670
1547.405007
815.684303
1587.032049
1557.498806
841.496742
715.119761
1287.509682
651.760068
1931.168706
438.271132
-601.048117
485.919997
947.378879
224.483592
678.114673
1968.593394
313.454210
398.803705
329.217827
1172.479006
1520.748914
1097.954328
1151.976055
1326.069982
1769.725527
857.080674
659.259154
660.106814
1027.847886
352.536142
1208.690945
1252.266818
1000.394583
869.059091
1171.718375
1182.436645
1161.138262
694.793137
1001.616844
221.947713
1185.827953
1150.781562
825.418014
1624.279851
86.321375
618.001685
413.595405
1010.591215
1492.387458
762.685916
1195.234181
838.922923
1051.494564
1110.737084
641.913907
1439.227050
1662.737922
969.137572
916.354335
984.217363
567.779629
1334.307867
1901.584976
845.726140
2307.351800
27.686981
875.146958
1858.605795
909.023531
1144.668155
1285.681390
1273.133505
864.105700
1158.499010
-169.639150
962.444764
973.670766
1157.357466
1358.342486
-283.484842
1291.152930
1010.035503
881.882604
1553.729437
1909.880242
1457.734956
695.824372
972.665935
523.172559
804.475381
1728.794626
1269.888282
1720.167777
646.162947
1410.293103
1090.994077
122.727492
1598.839744
-448.304941
446.426824
912.391487
1155.403834
438.486573
1192.605218
918.785195
1142.010492
1750.846445
1076.679803
1083.325480
1341.643778
795.490991
886.082694
1481.988467
1951.127914
1085.829756
952.216696
65.721879
1388.991181
464.175101
1502.364676
852.246336
206.038223
1108.096134
1482.675562
229.536936
1296.280578
353.968021
1316.148308
1285.803247
868.814837
1650.519803
1436.178627
1240.137622
1788.700003
1085.619858
827.070541
1277.771866
1343.128203
-36.753912
1115.762723
629.085342
1815.909234
594.426409
121.611263
1484.671330
1232.539238
1337.474402
1485.244805
157.525844
946.152906
662.019474
954.926736
1648.881910
996.100384
691.735040
1029.891770
729.141161
1274.148564
813.331340
1189.565234
1549.810548
156.385603
1114.422878
1177.919879
1105.503981
2232.095959
1742.618033
678.541562
1045.222076
1241.593014
1192.132880
939.039942
808.163752
1125.876075
912.255522
694.578412
1019.035446
1206.805242
1492.002460
1053.098009
1570.672866
1365.529533
636.196870
509.255504
1207.871580
1355.944428
1006.067260
320.759584
1473.163363
1007.651693
903.283849
281.146438
818.900161
449.878159
1454.845078
358.966102
1485.704942
1767.405491
1353.041266
15.376881
792.444387
1878.969031
613.082040
531.789522
897.391803
728.146450
408.149073
1579.050618
1686.988071
892.556773
874.227345
1536.608400
1524.767403
1059.273325
1021.711077
1443.321165
1225.111159
-14.555589
1104.664539
825.931796
944.348245
934.463053
251.803280
1663.117906
730.382118
251.231532
1280.449289
856.697828
1024.625489
332.005581
891.911415
1397.672211
856.703833
841.949822
1079.165415
681.861850
1301.335216
877.312819
1324.732208
1485.127889
873.210930
1501.159446
400.160262
1398.703433
886.971053
1469.752366
730.508588
429.919083
1444.979288
1073.245963
811.199083
1151.838775
1470.529741
714.438423
494.689519
2042.728756
850.663343
978.095563
2246.539619
1253.331860
661.323265
1822.251512
761.841338
312.628523
1382.130378
239.139990
614.040310
1362.000461
1410.155289
1053.469283
219.941811
1916.347922
1415.641638
606.645299
503.816258
584.130948
1095.718014
800.046176
872.112436
909.634606
1284.806904
1360.893573
504.773978
766.017758
1329.216396
603.826161
961.184052
1582.449573
1576.761982
867.105252
267.738413
1317.561349
1217.064810
1051.053281
1547.247650
1009.926967
873.001294
668.060323
376.798288
555.017162
1210.035561
2213.010066
1602.832205
794.896503
489.176710
687.763715
1230.403572
725.054233
1328.569257
1073.779114
1349.043810
1419.582811
1078.865939
1504.697460
1172.740447
374.145141
593.457020
883.303265
829.135305
504.642095
159.582486
774.896129
1745.734195
1833.134228
1530.044171
1465.333383
513.668955
1490.340971
775.281871
1458.799551
760.131353
1717.180661
1622.911732
1942.482896
753.687073
267.605487
395.406945
840.140867
898.392645
908.428236
1010.156491
1252.450520
823.779603
1103.956501
1750.475019
1660.604554
1258.156748
377.931721
1003.283729
843.197811
743.113465
1302.778620
769.538087
555.668734
1579.664093
841.112363
861.687729
707.252757
1169.702185
1426.434688
471.155614
264.424550
979.731532
670.313793
344.365330
1718.346809
1182.024898
945.289634
1069.462235
872.407739
725.988205
1733.977386
1711.794070
1424.531954
676.479027
518.629497
1760.995101
887.382375
766.913339
1659.044552
1027.108155
296.654300
1019.553858
991.895110
438.707483
1005.992012
307.501757
1315.058436
1891.392074
394.066183
1053.792736
1284.336679
905.335334
1496.195897
1048.614411
1239.503703
874.298506
1553.562534
1491.925925
1581.423454
-269.931076
627.264001
1324.245388
1012.328846
1519.978327
476.047308
1088.290180
711.162675
443.055155
1449.199692
-38.719219
2272.563680
516.983732
1528.661698
2310.754693
693.807554
1824.999106
1021.155510
1341.798149
1092.999932
644.214125
593.804818
-194.703662
715.396431
1180.907668
1048.049337
935.380599
1083.191616
914.996897
1302.352398
1420.623809
1728.414965
1619.231505
828.563859
2105.596235
838.203211
1030.795784
1580.275253
722.782069
1442.610865
1046.107799
659.927393
514.750264
343.656750
847.714001
1480.190480
859.009946
874.556331
1501.439369
128.282833
1400.222771
1083.557460
325.354127
1364.037602
1050.302952
174.180275
1381.130595
997.857958
2115.481977
1504.610279
1801.165846
798.784226
303.974608
613.055312
1359.349506
1360.506537
714.823539
1179.847449
907.305230
542.817150
1280.174037
419.386729
1184.765094
279.601921
1207.325508
1410.069974
1127.292157
1443.862187
903.265265
956.168793
173.469680
1302.678709
615.851159
1026.645379
1148.684573
1275.145547
223.246928
954.141940
523.996393
935.077992
593.646658
1140.504656
1378.568967
432.183102
1516.384303
335.764731
1139.277513
863.025918
-278.561247
877.745685
940.511729
145.609962
576.986022
1873.902771
816.772308
1377.664500
1402.623100
236.929973
1393.781390
1188.507333
743.487646
475.940967
167.940918
2135.584545
718.483540
1319.634674
1394.652294
348.001159
1227.273689
821.876283
1733.890587
1808.541925
441.981723
1278.560481
688.122811
920.369042
1656.194629
1514.921520
1024.476730
731.867538
2079.791802
1014.067449
1039.872159
1385.632408
716.742888
1091.518490
1557.992593
813.026230
1617.252056
328.563884
25.723278
1798.182399
679.536547
1474.528754
1675.432478
889.580232
688.113726
934.253017
1399.610061
1014.312327
610.924373
1375.505389
1374.594255
878.930528
1547.699541
291.047533
1111.814028
1989.115956
1060.099325
533.624721
392.001498
332.909026
1604.901265
987.984342
1191.430625
1118.265843
1236.807956
1784.877903
501.741871
392.384853
742.287949
1570.304755
1246.050505
986.607725
1152.347882
1514.755064
1904.149033
1297.113156
1146.794550
309.098705
824.322719
1111.743247
1203.228246
884.985901
603.936294
377.348603
622.708392
787.759482
1314.519083
1492.953318
1009.899515
1126.538743
622.924097
1191.087970
962.271930
516.239594
93.275918
1634.503570
830.146082
496.312567
1138.173004
-266.616591
867.895129
440.608388
1135.459042
156.100109
1320.506968
1359.962347
1253.326314
1912.219806
2116.790621
905.263469
1072.886795
1066.759882
419.655356
787.481220
967.443036
484.344991
883.722047
791.219756
1431.342065
574.623551
1519.868338
1806.266381
1281.692700
35.693192
710.233816
1237.271909
1468.241434
1814.877181
1653.447191
915.189900
1039.034317
358.589886
762.771144
1101.609766
1135.564390
329.181661
882.083283
958.827836
751.925275
422.211476
464.816643
1037.997482
1371.139314
860.056570
848.734583
1701.847786
651.045578
606.040776
1386.840540
985.236597
1531.514946
1396.904783
932.407581
822.587801
648.333447
1387.692092
1042.004035
434.479575
964.627882
1193.409173
624.076485
1519.534961
1535.200802
182.832092
755.748441
1694.939715
1071.032307
981.351335
1135.856120
533.222252
304.597357
2060.269815
1932.405907
814.223424
1222.159140
1099.256308
934.659179
1085.940645
1108.966417
676.640361
1232.670036
477.620523
1195.316506
1759.380639
1001.068398
440.728847
2291.529068
1377.019977
1233.680071
949.374471
1037.371091
170.971527
975.792003
262.101948
974.723825
791.893582
1333.463758
1148.399834
860.588291
970.411803
868.599369
778.350696
732.554693
1506.296900
-329.201805
1330.771713
1146.060651
1818.261186
544.875105
1147.440477
1519.813565
629.168503
486.264056
1399.576725
383.662007
369.603488
770.825078
772.300560
-165.516673
708.128488
2083.506802
2235.428333
1703.214765
1257.279627
426.415306
1900.115485
844.431268
1459.231765
1463.608372
971.144643
1304.771843
615.193906
1406.223870
1149.424150
355.689029
1720.853048
498.681485