1402.026931
1070.306437
615.855816
179.658909
100.024076
-77.691162
826.468657
430.282439
1880.784169
1454.674429
1176.469117
1334.787633
1439.618566
519.950288
1511.558411
949.623164
1375.683364
867.292395
1891.839382
1138.732536
1926.554036
372.794254
970.725146
445.923777
1520.722801
948.377855
922.801568
886.869524
1014.512234
744.536976
346.996283
753.826165
2145.047761
1040.070697
905.208605
1279.614804
596.092719
658.673067
1341.462215
596.392837
1133.442317
1376.251239
392.189668
1401.889700
1489.446230
1715.822721
1406.423136
840.562212
1058.344128
687.007492
1147.617850
879.372741
968.434310
1220.932413
277.260241
1008.383759
1380.891626
1556.359235
656.002326
701.670903
902.509082
1949.185403
1312.893278
1378.543160
925.869647
1045.616273
371.883443
952.389482
1225.030811
1122.200270
887.228090
1261.244271
1126.253469
1096.790487
811.416367
689.911587
1121.380508
272.783217
1256.741510
2025.827366
791.739115
1015.264126
933.881732
1633.620418
1317.955538
1490.447464
1098.784788
256.746136
68.068071
1322.070376
1417.804494
1699.410645
297.370708
1011.703728
720.524273
663.010035
676.915999
1112.685961
583.611940
1424.790186
521.937200
710.919635
1800.830896
960.215644
1601.202627
1575.268637
1744.764798
987.564905
811.417077
1051.847422
1522.464346
1318.938459
903.819370
1135.374345
408.658914
568.791490
1216.495671
944.266296
1352.525306
547.696896
1511.040187
833.921517
802.281598
1504.087736
1012.061685
176.920829
1610.864131
514.593134
441.834877
236.633449
523.859326
590.351726
982.171324
592.963524
1358.032628
-4.981543
723.759839
489.819489
281.598738
1479.735461
843.228191
915.930673
1293.512664
357.897435
1006.330059
775.942145
1193.171164
1387.137998
276.192845
866.007876
1322.801525
504.722856
793.836911
968.675039
907.485819
1080.709660
912.118466
1156.009033
979.999596
872.576492
1373.885400
1504.655690
966.329209
873.424177
970.583760
1142.839686
1248.392955
302.691315
848.041225
1220.693102
1039.090577
1054.945551
748.307157
312.754171
784.265260
989.844329
1321.137551
1456.903271
1273.969038
358.346273
851.665775
1105.746330
1179.041848
878.920574
589.149083
953.874225
1545.617432
613.082497
1206.202471
1986.978519
257.262362
1419.714750
1181.240313
1286.903593
1392.532941
618.507471
1047.386535
745.145658
1315.090151
907.244735
496.998770
53.129156
1773.877169
1616.454357
487.335493
371.693630
1192.019519
1357.725087
514.186055
832.184251
1023.730122
699.617498
2227.020725
1777.800489
1626.431174
1455.022692
383.362295
1072.123430
1105.960325
1162.650641
1292.056734
1322.653775
1186.435279
528.290704
1061.332297
918.066205
923.407731
1081.381417
916.607853
876.560026
1310.056851
723.383025
1096.984046
497.559003
930.467007
1743.187372
2051.612362
937.354390
1134.435690
715.280562
507.054439
1008.996267
720.918771
1186.892330
830.741396
1024.087196
397.341850
812.808657
1410.722995
1784.220338
1128.602317
786.554403
1030.291240
2085.364368
1397.522839
786.792449
781.615462
1416.726065
1082.373708
930.961116
995.312137
1091.750899
1308.048978
617.070780
805.611071
1107.569694
1239.239196
969.436501
1171.595800
1228.574396
624.496281
531.952274
1416.397736
556.858733
1156.877737
1307.572061
1330.997508
792.150090
680.876314
694.181756
1262.025398
985.705287
1795.185613
901.162000
881.611691
1848.089714
676.335125
983.905143
625.267336
1032.839055
992.235448
486.805627
456.062424
415.379046
560.927717
1630.607837
710.235346
1421.744853
1283.998172
1360.596032
779.642121
1700.220811
1261.549789
778.512694
1075.294716
833.939071
353.701568
996.945961
1101.546479
1847.889100
956.066018
979.267278
1658.044477
1476.729978
1663.171491
926.891230
1196.386796
380.385530
734.383640
1284.832851
1319.330988
1674.771003
625.421323
842.847974
386.877176
575.649241
561.340928
1539.167352
1023.385806
845.416786
755.037756
1470.649898
675.217625
1303.882724
538.500970
971.082443
1269.430072
1276.347015
999.341538
1071.445269
880.121008
1197.779769
821.286301
575.024445
1091.093075
1308.355932
1017.365971
1239.486947
470.269315
943.960371
1261.035913
537.363263
1047.373872
965.527697
653.495212
980.204570
1636.927123
246.641872
652.483399
1487.799911
714.213728
1216.071824
1286.028608
815.073304
1154.679492
963.608980
-10.486720
1266.997078
1478.100994
424.359194
776.726558
322.288866
1458.782313
980.758615
1012.314167
1088.442028
995.398477
1030.737896
1362.339458
589.210482
1678.451069
1098.966168
893.390405
1192.151403
1110.989850
1263.620909
1023.055644
979.673734
1468.602519
1164.464353
1157.811115
1243.855357
703.283315
1628.517533
487.323714
461.525439
647.563005
1032.410549
1250.407525
1255.313721
1059.873118
1240.648635
775.603832
890.425128
1047.406283
1297.845651
1711.341890
1735.979798
1819.433751
1551.132632
667.147979
714.482449
1532.367455
1146.118394
828.546417
942.279157
1166.040803
1135.583008
1082.094962
936.076643
1231.066623
571.992738
1029.371970
1069.755399
1526.028800
1305.014569
1021.819475
1551.584125
1587.121307
409.955955
930.267719
5.749647
1294.014105
1078.265267
703.343332
1240.106482
1180.447340
1012.751760
782.552783
841.425367
760.656476
911.054074
750.055852
1150.666140
1103.504515
915.483586
54.692862
953.635149
631.176046
1011.682399
1201.639773
1121.032972
805.498521
1427.877723
1334.657885
514.182832
458.256519
335.886742
1245.908900
915.063024
1003.775886
571.850606
1619.610203
912.003928
443.661117
1272.240437
748.833438
640.111987
661.936443
1151.037702
255.033125
1033.484458
671.879388
494.072979
1074.154550
867.270162
710.340460
440.194015
873.412404
521.783348
198.676575
587.675148
1453.037405
956.591905
810.983828
1100.572047
1028.409893
1268.867983
1017.712216
1578.220884
1319.275705
467.649496
1145.336429
962.723318
968.529992
570.230249
1005.187451
462.084012
1223.706966
779.973908
513.095305
579.967273
856.950949
1116.683022
789.775835
983.390271
1760.457042
790.810295
950.418236
1369.642808
1152.004495
1094.905997
1340.971543
1574.809800
592.164687
842.791082
1154.889854
877.104782
987.587360
644.303563
274.409876
1751.788422
1334.128376
1936.462289
1201.929390
-80.177776
1825.885944
721.206909
192.539309
939.180767
1518.974564
1623.402551
1112.663693
617.737365
1288.442826
684.637294
1324.967629
650.681039
517.862493
916.696163
1568.786628
799.506348
1129.137743
1195.287745
1063.498393
1062.398651
1395.463610
458.126613
1009.428691
1019.396260
481.309610
834.417331
1106.348267
660.092429
1207.770838
337.164747
590.052383
1380.700340
1636.651676
761.747793
1321.278045
758.717960
1210.157730
1521.288071
1751.621831
1359.165252
1172.194295
817.944035
1858.906371
810.758075
499.225591
1208.752776
591.726730
1535.598249
163.518754
1651.764737
1495.250544
829.697473
987.186319
921.245877
1309.002078
773.859177
1463.789283
455.220056
1168.847270
898.909622
1795.952803
1122.522731
582.213442
1249.907426
749.974803
1500.622648
1362.541171
425.909143
1747.957293
966.749502
1711.019067
1085.606693
868.265800
1062.254871
602.221989
1881.018678
859.038153
766.813214
1571.147444
1529.473763
395.483333
1360.000866
1081.505473
394.581079
1167.040640
276.385434
416.689662
780.318406
982.379496
839.623660
979.472934
-97.338393
334.629207
1029.479698
1265.829241
751.361966
1361.945846
1170.048825
1154.771944
1472.919570
769.636577
951.005435
490.851934
813.310726
1458.504808
830.953972
937.928568
1065.014257
1007.470732
797.259568
1043.485937
1076.011093
868.090933
1449.361365
814.200590
574.257979
1413.644854
1541.862560
1450.091489
1172.329530
1505.045711
991.622916
895.154579
1534.000661
1266.930454
951.715940
1240.189916
901.045492
883.971184
1203.166934
988.322156
1383.429672
1173.660703
1211.236663
708.651859
1483.033432
449.332590
1032.654077
1227.395552
948.391679
832.999703
1672.319685
348.366208
864.456852
603.697845
1705.200006
994.684509
1628.393295
301.854619
1446.851547
822.842946
474.029346
719.404259
1582.796850
681.040028
916.504138
1495.853802
1159.166216
720.189798
187.595685
945.625289
1300.855190
930.987534
881.759340
504.553020
1692.612356
976.881302
1776.955394
1182.884908
1889.742536
1421.082613
167.530428
1201.078240
348.989298
1070.082738
1168.426478
1736.782991
1298.105408
1187.528118
515.568674
455.392659
932.229461
162.282800
482.117163
587.174181
809.979361
1485.937851
803.727403
756.120561
931.355045
969.745984
1870.273033
1172.473978
754.171898
1659.242550
1191.211971
1132.476965
1304.418828
388.866325
923.828919
801.176102
369.966569
324.460152
1520.484914
1777.923300
1061.396392
1467.625509
1450.450482
648.662202
1153.940277
1339.792074
1035.429431
1210.839331
1092.382400
1418.606429
593.677811
936.770990
541.773424
1419.758987
1615.708196
1252.729789
738.887841
1516.437678
1006.595575
233.280225
1232.841509
1694.800703
1281.618026
1418.022051
1157.555087
1014.172830
1403.801521
486.859156
1085.269119
1445.918900
1414.352578
698.642405
729.175961
1126.148836
1063.032395
939.161768
879.994967
1670.355024
874.257858
505.928055
1585.811082
686.749258
704.186138
1262.480543
492.580037
1421.073208
945.486806
611.519393
930.497891
1327.556869
1337.990350
604.226618
1323.203921
1204.918609
1075.381948
1349.419643
1212.897442
1002.278708
592.136443
1084.840823
1349.697360
1644.038051
376.574398
1781.402729
1460.134415
232.005151
1471.466106
1219.232270
945.829778
1459.643843
1223.156786
318.600111
741.664904
804.460577
875.708284
1567.238506
1316.335945
1457.620832
542.289134
976.411567
617.166066
895.644575
1043.676028
1612.973887
214.649735
893.574998
1302.024276
291.382518
1750.693500
195.715196
1241.419575
1804.976683
1161.525636
936.094409
787.402503
1513.020151
1358.984975
1576.052567
1049.568965
1069.430937
830.239126
1036.233375
874.773672
1045.284228
897.041242
758.795736
679.912838
613.491103
867.573147
1133.371569
1694.074028
1010.640011
801.352126
375.888306
1552.235235
702.437012
1317.410360
309.371558
1176.182309
1882.800614
983.541746
897.846353
1667.213573
631.862181
919.422756
1057.211891
1081.751927
1435.841739
783.539054
1121.269366
1596.183785
425.780755
1424.452746
993.812833
1195.983391
551.225515
1046.102848
1103.710846
932.550812
1466.173997
1261.709845
729.147732
1165.628529
363.850918
1133.959403
1330.705755
1175.547207
801.957534
1392.646904
927.345061
1426.200560
590.268405
762.619622
928.641489
1193.417599
551.429855
664.104619
935.282079
470.213077
459.003582
1578.602924
374.841238
964.777981
1126.937228
1244.356143
845.705244
1338.333292
1205.466736
773.017622
1248.731768
833.333753
1370.747561
1270.566178
536.013083
594.798288
896.360540
548.651592
425.464777
1694.176351
511.297776
1542.010158
879.016829
901.685073
562.999972
954.641878
801.668482
1222.965252
894.078245
894.078426
835.514617
940.808891
723.563681
961.349502
626.281731
1203.494867
1099.090970
809.821584
842.256700
796.750220
1695.060777
1055.244383
895.185924
1250.931987
509.578057
1071.531065
1250.305715
1932.162947
852.509146
999.576961
690.059828
659.584287
821.233681
1009.766950
1004.680375
1302.019553
1220.508625
1082.968058
1097.886276
866.691423
1281.392696
1498.782917
1070.516868
469.434065
1801.413474
743.720976
853.074045
53.383846
698.216854
1100.035699
1037.504819
1293.297151
672.607100
785.612642
1562.843720
1068.311964
1032.737735
828.958377
1009.385969
575.064844
977.678242
542.177631
923.323705
1505.803977
953.873464
1355.456388
1216.549217
277.359779
1146.250684
1144.539710
1285.263612
746.321892
418.493909
489.106544
749.694047
631.500133
636.582564
1315.275561
842.065045
1251.872510
1344.007894
1513.775711
1369.425359
939.459820
747.062113
1313.495269
809.078102
1167.945323
407.039921
1296.390571