779.144690
1036.950098
495.586597
1047.497765
769.565915
892.549404
1355.018188
1394.920315
894.672355
1038.897081
804.037161
1172.272153
1216.666216
550.498716
1448.063690
1199.335773
943.810662
752.812430
851.253351
742.000740
1036.556224
827.413646
630.421545
953.229586
1762.366744
1388.748395
1244.238416
1005.735333
1233.281961
735.712863
1541.589098
1133.854909
1056.630392
979.236836
1083.518567
623.146650
1561.806291
1212.080692
581.864247
1060.944339
885.757811
795.830289
1314.368867
1125.101763
1132.005586
581.253629
351.909467
955.985986
1165.514119
844.155990
1552.395928
957.527952
801.602427
1111.160004
774.171465
1041.733884
322.515115
945.490009
1268.413361
587.855483
404.784722
667.628025
854.595481
1687.861450
894.937254
930.977833
767.547789
914.626586
550.809522
999.679367
1005.929912
874.273592
681.466939
812.894294
877.711355
757.580736
412.757374
842.467345
1138.985075
693.932932
867.106648
957.210032
1202.398592
787.571327
756.774095
644.477418
853.851043
1269.327175
793.924825
843.847795
1206.843058
1101.589510
836.820192
1021.342924
1047.377965
1087.794314
1157.812861
687.682537
584.738662
683.021948
504.953458
756.436443
1477.692227
672.526732
862.064659
882.204974
900.064678
1012.561058
748.947987
1554.528716
1094.984688
993.776241
789.878794
1262.893365
1336.178291
651.062396
332.579248
912.697811
1051.737607
921.858506
1078.676687
1700.384453
798.286353
762.631615
498.766215
1666.551823
1091.232209
1648.172921
755.538374
1216.198120
977.105955
219.509929
1177.756704
1298.113192
1454.954496
752.235558
787.581548
1602.005861
1116.931111
1107.080827
1066.164970
925.612845
1271.389989
1461.352670
1048.941792
603.099400
407.769159
1072.394346
506.188839
815.101423
586.715708
1292.728358
1135.926507
656.621168
737.225559
629.362176
1308.692834
480.813399
982.812729
860.071587
555.644791
1319.753453
1687.819505
426.987312
1063.831648
882.168072
418.738118
1002.972842
487.723209
184.000766
1364.214644
947.514916
1106.469489
1232.726445
371.965013
1344.821130
1121.923575
937.769409
1104.171528
654.398339
1474.871188
748.682053
571.055886
787.154526
825.107283
1166.203027
734.907782
937.943858
857.181063
960.192222
971.431329
919.414404
981.161157
904.031210
1219.359962
824.493410
1064.727342
1064.591847
1253.414041
452.844072
1267.860545
1043.983247
701.186479
1027.813188
1618.729682
1220.334275
1107.087675
1121.901674
1194.931069
478.075891
1086.454070
1261.861937
1547.555538
1379.928034
1267.645917
1047.343322
674.878014
754.683587
841.883624
916.497574
1121.977124
1115.036906
1181.445569
1093.690224
1478.108068
1095.433329
1025.621637
833.530114
828.125976
1368.077014
435.982738
1530.776490
1178.636585
1272.201963
697.802518
818.088184
1030.273857
784.871215
1140.349161
714.004981
687.805387
928.751764
1227.282065
1376.992735
1149.364615
1061.688346
352.918697
1113.727463
1053.735017
1731.258631
1520.079807
869.144428
1227.954980
1075.842930
883.679250
1044.223647
1113.651694
630.608042
1122.558834
1111.390332
742.242775
836.973999
977.472600
914.913747
938.356764
960.703507
1144.274827
1105.656235
633.327339
559.974512
933.779252
1275.029101
1601.882561
1633.182320
979.862232
943.911502
1044.784722
1014.989391
400.198905
912.859522
1357.820601
1151.748270
621.951794
1231.187341
1000.104555
1591.473375
1140.687659
712.131988
1400.116220
963.776657
996.032812
985.314161
515.358736
836.136173
1172.157127
1412.499813
932.887691
1027.907484
1351.974677
842.001631
530.042310
1290.464218
1410.755207
797.967608
1247.322334
1162.527203
1032.240956
581.358044
506.697718
1215.011608
921.145445
1125.821815
1435.461919
1521.725047
616.922624
828.146073
802.332080
820.132010
1402.143341
984.971207
777.711749
1018.208336
852.518299
978.954024
532.311625
1001.491679
1137.362044
776.649991
868.555208
828.521977
1324.408320
1300.124383
661.334183
966.341405
778.320368
655.515915
1256.005936
1157.996525
931.562730
1472.640399
944.411021
699.643284
1005.574426
513.932407
1163.680508
957.969460
1012.022440
248.084209
1055.527642
1269.950294
1529.807200
874.853570
1396.625769
751.881579
1186.830071
1517.166017
792.212459
726.300719
1485.425390
923.239189
1087.116211
1013.026349
1346.485238
1063.775801
1296.302266
1096.962042
1202.611102
858.816810
1063.514045
1110.949858
905.890961
988.207813
902.300637
885.126885
913.520439
1127.072132
930.370471
1145.871526
318.839207
681.539621
1309.421026
608.272191
1321.359552
1269.771676
1264.169286
1197.096365
979.464789
1038.767416
1071.350772
894.338895
817.019790
1346.425120
878.189431
861.206105
340.024166
681.135376
859.986188
1288.344462
304.951125
704.946422
865.783508
857.585106
1201.231120
698.753034
1366.319837
750.655542
1243.509743
738.065086
1034.559159
917.679759
960.267070
1369.635492
1057.386835
422.197452
1204.650633
649.625676
1086.476653
1391.862909
706.400995
1288.002152
999.541427
1023.299823
1492.244873
1157.839037
499.089860
496.897973
1379.926566
1290.132310
1148.517873
1520.132392
985.644865
1214.771485
296.704667
1008.113674
646.755110
1219.988136
1138.502227
1173.684052
1268.380778
834.115781
1327.399384
135.901742
1143.002175
1635.770187
856.116756
593.055093
798.640614
1112.610426
1334.836488
1185.814333
698.877791
935.913514
1301.491125
681.010869
1877.345937
967.134704
1187.527816
923.564028
1317.070478
1028.981088
738.379680
1092.635084
1527.629633
1223.358210
1208.326317
890.513651
1404.958307
890.047357
911.490461
1116.165246
957.170263
1047.567603
1512.036305
1165.641075
824.613142
421.665977
1324.695268
834.809523
770.197402
729.953502
792.167845
548.012544
539.241232
915.446427
925.605878
1443.885516
1142.997838
1088.115434
1480.395582
990.496878
745.270707
1122.518753
824.932725
1414.544817
1200.464053
764.097869
307.632954
1358.100953
920.854153
1230.121873
949.138738
613.324825
1061.795035
597.135401
1263.248656
1244.799852
70.769064
1127.678600
1063.709639
736.998706
680.900885
1002.999100
696.803963
1057.433318
1502.949619
956.931906
800.905519
1133.325495
1048.398891
1400.733433
615.030452
1236.614489
871.476394
645.565785
1372.677016
820.709535
1054.139475
1485.693448
870.578112
1020.315459
1147.310691
684.271822
1299.262052
558.036164
1495.196320
504.913755
1032.158210
631.366404
972.597926
1185.090967
1174.846074
876.545520
1527.171064
1249.043400
1063.595402
1161.329874
828.302617
1259.637844
948.685035
804.980169
1462.839001
814.685868
747.841191
777.040783
1311.621609
816.923229
730.228665
983.720786
995.176060
1235.925020
490.891091
701.951913
1098.035194
461.721620
800.843297
908.111645
832.189652
454.000497
1462.137519
790.906552
569.261767
777.196423
681.293148
883.768043
874.536367
1263.515163
504.204384
739.478738
1613.681629
1035.491711
902.969441
692.441916
1228.335672
1135.610008
1175.627562
877.420618
787.139032
1260.485538
1562.126035
841.316559
1227.571713
1464.405222
970.621490
505.275329
1427.158147
1315.198224
1226.229607
944.505648
1361.562388
553.882063
1584.256999
1489.493937
1308.786340
1433.105479
2091.098796
811.351677
1241.953973
1044.971949
907.112442
730.914565
689.737290
959.231736
1297.686350
1043.523236
893.232433
1263.361521
713.149568
537.842501
240.392235
1418.366217
734.629337
868.514255
890.916177
1153.159665
830.428042
1298.123593
970.572039
1247.890943
848.097350
1138.452742
865.603977
773.301455
909.386504
1241.714549
855.467999
656.541819
908.901980
306.081450
924.685388
1631.250489
730.931973
910.807445
873.403208
1612.197682
750.746198
1174.437105
402.807653
1088.037208
1075.688553
795.369847
902.635582
1036.231572
904.696749
470.165157
645.533163
1012.338039
1456.244570
1102.820889
773.659115
803.658266
1608.134489
649.686240
821.294615
812.833696
889.804865
460.018915
933.541143
997.395173
767.001131
593.285672
681.206830
1161.845212
1089.174787
1090.465660
1358.359223
805.959537
563.661242
873.695129
1430.917240
1321.043042
664.680999
925.310051
1084.327983
1354.155343
937.270661
793.399876
1092.209813
909.038429
1573.402273
911.542355
1213.678563
1183.670099
807.007321
662.672308
489.378433
1006.921287
1526.708076
1142.084647
1223.627519
1332.722743
1192.187910
956.330657
968.640839
547.218329
322.606398
1161.575485
1100.263643
472.889141
1110.892346
1305.557999
593.028363
1230.882514
882.384843
471.345353
655.420214
1603.156712
1121.511129
847.248882
811.690830
1025.294545
1329.288545
981.971428
1472.519504
1176.892389
162.613194
1551.010418
786.381780
553.461005
977.883065
1122.093184
845.716940
812.555275
1205.739572
1397.659810
373.254802
858.496050
1743.434215
841.130176
1348.180935
1415.908558
1134.103569
1079.131150
711.313424
633.261802
1082.393214
1037.312187
1410.417290
1160.019986
750.024741
769.616489
646.292526
844.637648
385.520069
1455.514061
1167.055022
1080.077694
903.375546
1034.196488
727.931726
1037.519297
938.270012
1019.659914
644.063702
753.116094
706.607785
1137.314945
966.076049
786.579146
755.454274
1128.961055
1120.582507
1115.575076
1181.104291
612.271035
971.580171
1464.569263
1597.164239
1195.507721
1191.394578
495.240762
1343.907814
1581.833780
1089.470772
891.832547
402.393687
1202.679560
779.998019
1261.848613
635.294368
608.661613
266.644026
552.598293
1006.801676
1441.045907
871.205356
878.594856
750.945404
738.779165
927.842071
1340.622880
711.192730
1141.850413
1056.402478
1114.666446
1316.771561
1062.847964
1342.131843
831.422245
1154.494685
897.387772
1262.804453
773.387978
1481.817326
803.917760
675.651629
1670.186772
478.760557
788.913693
530.513850
1457.475793
974.860604
1219.346178
611.265564
1236.893602
779.832084
1207.243680
704.847424
1087.369606
963.095916
991.577887
1563.905783
1030.961583
1248.080557
799.072690
806.601715
459.598406
725.244977
1266.451098
1199.546791
1190.858317
941.141698
1184.596993
1152.969461
1018.659832
1078.018408
1229.434372
1496.851178
1056.238297
1193.267329
1583.585061
858.052019
1153.603591
841.710852
1244.011543
477.075409
1349.641472
1033.539547
700.273992
810.445153
783.075810
701.067632
1272.361277
965.934473
1048.203001
1236.070066
1174.057004
1289.537557
943.933711
1164.131750
1145.132416
612.966855
920.507431
443.250449
891.041338
1345.712570
1092.352125
699.449737
1191.077420
1117.660535
1702.521120
807.410263
950.338512
788.667651
1100.516897
611.765022
914.952230
383.901944
696.061122
947.588936
662.485912
1300.771369
725.557428
1221.383460
1423.641074
987.915429
717.678969
580.518473
914.726782
808.159400
1701.034893
1219.000985
1049.400090
1447.408117
809.745388
1364.509172
937.668923
859.776673
820.065844
1205.174168
469.644648
970.292550
451.023786
996.437498
1133.503198
1301.726672
1080.359843
1467.825865
518.453975
1064.978520
959.155774
1029.735683
1268.785613
461.473257
974.858265
1293.186229
762.984133
683.826340
1328.237413
864.438034
1167.819990
388.799950
987.296633
1412.524192
1265.542213
1037.528158
491.619599
699.026618
756.206528
775.859368
1442.268272
1142.973431
736.416977
765.807815
480.677237
1653.632261
1362.527806
1367.295841
1123.991203
1415.068979
810.222609
965.226747
1316.166723
1287.443961
951.230302
784.827984
639.238781
921.672682
725.799495
1311.127177
1176.417601
1191.934934
1171.961574
1026.926895
901.009877
651.147855
524.009991
1263.358012
873.923825
1653.093443
1768.935768
719.865990
1472.333642
1344.771691
1079.733348
1051.672776
837.429924
991.294494
709.858098
675.345768
1084.762128
1042.535064
1362.258514
253.670171
682.491018
1151.667026
712.349460
1139.178084
1035.988363
825.401506
1356.941948
601.302273
1168.581896
1435.942278
510.248638
590.620219
690.142357
934.931952
1149.936306
964.066314
1301.364108