1128.328149
1056.084328
1011.720418
1050.143082
964.315711
756.159721
1033.985882
979.358930
912.462766
755.028585
995.993004
889.177992
1194.067129
926.582551
1338.348752
1148.580806
830.368840
925.462857
788.276322
1031.544426
1129.920222
1139.255939
862.202091
1140.594889
1116.201184
1025.528350
1059.989707
1250.429953
871.508447
942.980634
1013.712042
1028.047407
990.248782
1005.207373
1115.684267
957.633718
1022.787544
1034.354697
1128.722544
861.855300
888.299758
1191.224369
963.905372
1331.700673
995.059825
969.506202
897.052631
982.546233
891.933950
1022.130017
953.288545
944.152781
1106.506964
914.081139
939.843380
940.495145
916.616487
993.700516
938.504717
902.941744
903.711821
1125.927280
1022.676285
1003.132027
960.144632
946.549985
1064.881665
1099.721126
1080.936360
827.756728
788.524935
981.925702
847.150068
1124.524612
1006.428859
1059.799494
1262.492717
926.952051
1112.660174
1001.999205
1050.454284
917.360705
999.914168
949.004239
880.172677
981.339522
1191.094901
962.851952
945.564378
1024.805540
1031.249736
1176.851598
1159.805551
1041.546613
918.492749
923.879421
1009.217733
1139.215023
1058.975429
878.120213
1158.386438
1055.191172
1218.042798
1169.209779
795.305054
1037.943052
922.080637
882.703322
1057.274477
887.686832
1118.355866
755.635949
800.892196
825.642107
982.157820
969.364820
912.826930
1088.988201
964.130810
849.017735
1025.109810
1146.938903
1142.525895
975.111669
941.978215
900.828841
990.789008
988.257284
872.839865
1102.626645
999.757025
913.313045
724.997698
974.102079
974.329524
1046.536298
664.601819
784.820170
1087.303861
1009.385744
773.184998
1161.141337
1017.867820
972.419852
847.644259
1174.661491
957.356743
815.747902
1162.533145
1120.472224
1022.438252
1000.473892
1014.148283
1058.103530
984.992531
1021.040388
1027.946386
971.982761
1092.429037
796.612903
1060.585915
1022.101621
1043.724464
982.656541
954.062672
1079.921006
826.406838
1147.508359
871.649760
829.725651
1226.254933
826.254161
1036.320617
939.546347
983.655513
1000.140883
783.285817
1119.730359
860.654326
872.437485
1076.873911
1004.262660
1018.147227
1078.208543
1154.730241
1072.483067
1045.656470
1320.141624
835.400881
898.724935
1032.824193
1108.526930
1018.316355
1064.652178
917.293895
783.779465
923.870605
987.248659
977.491377
1064.186876
1080.639618
1111.937965
1037.394380
948.642435
866.702106
973.024222
1125.570753
940.448293
1037.046206
916.344715
1014.117282
1085.347138
1179.902131
1148.589081
975.822571
883.390674
1183.313328
973.659314
860.339361
976.361169
1096.187482
842.313764
1109.385724
1112.948096
856.482905
1057.788796
1044.489039
1193.294442
944.019216
1120.848283
960.191039
769.064054
934.824107
1078.823294
927.052471
800.622159
990.478372
1208.796400
1159.908822
996.972905
1087.109495
1044.165315
1003.618674
1043.105237
738.536957
1134.908209
977.682819
824.390603
869.489863
1079.452678
978.587896
1244.199447
1060.066833
1013.857367
981.227817
1040.286652
912.309807
1112.370904
1244.156283
1019.601599
1114.959724
779.413953
1155.450226
1066.669534
1076.899197
863.159586
970.087450
1151.650381
970.780874
987.211203
918.591650
939.074636
1040.820244
913.203021
1090.832956
980.253429
816.659450
1185.276861
899.348715
997.355909
1053.094778
1163.255399
951.442341
1020.784467
1048.944782
1025.263578
1140.960322
862.459785
686.482026
1145.290964
1072.754868
990.074048
996.286015
1040.812838
938.345464
1064.885548
924.101487
848.108513
933.889810
933.235320
1003.856610
927.436378
965.886750
1035.997763
1224.294118
900.060751
913.834464
853.377248
1085.182377
1033.891811
1108.601721
1087.614008
886.402107
907.609326
1309.572256
1206.105794
1026.834781
1130.424012
1128.629230
763.643378
1052.689620
1099.449411
995.108396
782.387176
1131.080471
862.567466
1070.740186
994.432177
1166.197430
1147.564258
1049.732661
812.291672
1127.230114
913.284221
756.492792
979.221318
981.730161
1040.052639
962.491546
1067.393526
1066.481438
937.450107
954.830387
1082.776898
783.160414
1047.443847
1034.871141
1021.558426
846.640385
1096.694731
1069.373004
1076.278719
870.517870
736.093895
943.844908
1213.166769
1141.794094
982.169657
941.811109
1103.619771
1237.939193
1135.708761
1003.269796
1005.992753
925.143274
837.294359
1048.586480
1234.995836
1173.962612
1163.560759
839.963758
842.444343
988.966751
1043.186056
910.348629
1016.674772
861.971801
812.788845
931.519656
947.799778
881.577805
1007.317153
994.628458
782.739276
1069.572518
822.357233
1196.052585
1070.718766
869.809771
839.682693
1086.133855
827.642716
1009.225052
1061.983522
737.484839
957.075209
1037.993532
973.115245
962.436504
760.382626
871.383472
1029.700966
952.644036
925.337179
858.531296
1016.693688
895.775862
965.653933
1093.211449
1156.497516
1118.874139
1105.177650
995.549137
1109.502857
796.636548
865.113141
1049.367169
951.949960
1108.687807
1131.215375
1013.617730
1077.987310
836.871224
753.746805
1069.310306
1061.752807
925.693564
1118.176999
1019.814396
953.967149
1059.859217
1137.851910
922.695988
1038.763230
837.704639
1018.419323
1073.549761
954.357507
1043.991049
1010.256774
1077.688914
1055.282273
987.954906
802.068513
1061.937624
940.605213
1040.038184
1080.845495
1172.012455
951.739401
1037.873182
719.580091
908.858940
955.409897
1036.150003
823.313910
1259.574128
1187.785349
1055.802313
1236.076122
740.900189
998.926766
1055.595427
893.236344
1056.625335
947.430715
1084.007011
1023.765755
1163.710051
862.080006
996.251117
772.510395
1224.257241
732.254052
929.249293
986.683456
1050.717978
899.802788
1117.380257
866.801481
1095.495839
980.631786
1080.996337
860.146363
901.973655
1206.915105
1111.759917
975.171894
987.094725
1094.150201
953.758488
954.581929
1011.868316
1087.318956
1149.387104
1038.813556
973.650663
1045.566212
1067.435414
933.270421
940.570134
924.931398
808.671623
867.291644
1089.500383
1269.589137
1096.184427
800.739520
1010.704209
1021.061312
1015.522832
909.015451
1238.607274
990.399453
1149.987523
1023.897855
1182.587652
1144.173445
838.834845
1067.759947
905.323445
1086.970932
902.025539
950.134369
1261.564915
719.215261
1140.901301
894.282781
1052.784061
1127.688246
916.701481
962.205416
829.587603
716.749640
992.230402
1027.005818
934.410253
1232.822766
1105.121314
932.025305
1093.446827
1098.069947
1077.314249
1156.764680
991.036166
1121.241916
1034.512789
1070.075917
1126.974003
1119.813473
898.835163
924.676580
1067.937938
1212.819092
1129.208211
884.191412
1048.789338
985.234825
1025.194257
972.228596
995.393594
1061.104534
1116.001554
1065.263884
1088.619980
898.200445
1167.339075
886.295298
1252.442053
1039.645468
906.702894
1020.173745
996.684576
916.811254
1064.195898
999.989116
887.923910
1156.608945
884.511440
1184.503890
814.467719
886.901580
945.445522
1107.265376
1117.624038
1042.189463
1143.046569
736.277239
953.467758
1015.117449
1011.795651
1010.121318
1028.264904
937.851612
951.140017
749.455369
818.293654
1114.835851
892.376740
1019.996535
1295.540372
1063.388109
1064.516441
990.505319
992.549986
1175.191284
975.475359
1072.224337
941.835094
917.639850
985.463580
1136.511461
1210.539296
1005.955485
933.032063
903.045215
1118.133643
1039.329125
945.430402
1168.318881
966.134555
1110.982120
1100.644052
1033.288295
908.292789
1057.196402
1213.576598
993.961918
952.063162
1116.898318
1065.266350
950.361214
1083.772069
745.848489
1027.871205
865.204203
1064.777190
1217.061935
1119.318312
987.928990
1125.032092
909.270970
903.116567
1000.509554
1080.294950
1103.487682
1035.697779
977.507815
1164.156946
1071.098218
1036.232169
1078.453879
1458.628093
730.092610
1163.432259
1091.313994
1128.504636
983.457112
1180.735560
1055.497295
919.940966
1073.996583
1064.899110
895.496167
1096.368126
989.665262
964.605028
1004.421639
1112.746050
928.640950
1040.397832
1164.045613
1023.251421
875.849684
1116.374694
1007.457023
1019.445419
1297.461285
942.380720
852.757156
954.321843
823.270042
973.793587
1279.773620
1029.946658
934.486179
1010.810428
978.188606
934.176300
1159.104972
864.603576
1160.997263
1079.815898
1165.868901
1002.161598
1120.879142
1174.078727
1037.217423
931.581921
925.061009
1145.367037
1149.273607
1076.743981
1038.825258
1108.541980
953.851672
886.078260
868.603891
1030.664477
903.694303
1055.849456
953.480491
1299.526157
1082.012493
959.093279
955.010929
1000.155457
862.214363
1079.109364
876.469517
938.698922
1209.200687
1077.816115
1151.606374
963.344710
1022.847756
1047.274743
920.630262
1001.994533
964.047496
971.217028
994.573693
963.233333
1139.772594
989.870915
842.788886
995.938187
1078.999202
1037.584943
930.933526
1011.826782
1065.885746
957.724058
968.082806
1019.733898
1142.207182
1037.204412
907.441613
1070.045371
1178.942159
1149.698017
833.208094
1078.574891
854.093804
1133.158841
993.619504
1039.499969
1085.116246
961.345959
1033.246942
1013.527641
1018.763454
975.386967
1120.514459
1206.183202
817.537337
882.485974
1101.051125
1106.832990
1043.783620
967.308281
881.650892
1203.523866
1015.040537
919.304079
974.821133
978.414765
1036.584163
1139.671826
991.624981
1086.829421
1152.005971
914.479008
1192.276113
1017.834818
814.369394
858.037819
914.477719
1290.920963
1023.665193
1045.164621
1242.671800
1119.017532
939.555570
1131.794003
862.317202
809.784588
889.774450
1209.067647
996.377085
1247.100021
800.426373
1187.783841
1158.056081
999.126986
1036.841623
971.601920
992.119050
931.608525
1017.189431
1048.880804
1072.747430
1175.552030
1219.293283
969.031498
1079.518535
1274.118765
1010.002084
766.675178
1022.959434
776.045602
1019.317859
647.194378
1009.324342
1161.102899
1048.016777
1231.417833
1006.961378
1095.613797
894.135536
1081.691465
1036.410285
1063.285987
892.862850
987.888451
1286.306839
1015.173825
922.902100
1010.988246
1064.957662
1086.979431
902.924410
777.946067
948.429955
1115.688616
1095.221955
1103.483417
1158.198808
902.417649
1008.154262
703.244818
1142.249812
862.424427
835.903879
1143.586407
853.053309
936.982661
944.190820
922.208020
969.190209
888.086173
967.183297
1019.256632
1089.041534
1058.792950
841.507608
969.039506
1169.555175
1096.673463
793.909215
1019.900627
1133.110622
1099.011577
1096.433921
994.105819
1223.942072
955.017490
826.790312
1013.496692
984.256598
980.621832
944.673905
919.966330
1151.022219
709.906739
990.252829
1047.870062
1033.918628
1020.061203
1109.367545
1003.371393
800.726379
936.830037
1069.971169
803.453122
734.438293
877.655372
1260.383344
973.577012
883.094289
914.363869
975.318761
854.840472
987.926848
1051.387729
1285.498249
1112.292295
1049.469957
860.680536
1322.343343
1114.372460
934.326021
989.802819
1132.472622
949.950349
926.221494
893.473844
956.010812
913.003296
968.826544
1019.104319
1075.377049
1004.873393
662.332011
794.430571
1069.957888
877.300094
1118.120855
718.542793
1248.857383
783.692661
1268.191711
687.880276
838.483765
781.395856
1044.042424
1105.138201
968.808968
1312.033292
1012.145852
1157.621090
1014.476105
859.485990
813.040340
1059.003941
1064.363256
918.874198
1171.052647
1001.076937
993.793823
1029.834744
850.683830
1269.458922
905.189262
1046.063030
937.577051
901.985979
955.042213
952.063713
985.909600
1128.556791
1023.094566
987.470904
973.996246
1030.077124
975.516360
1062.099456
945.182341
851.649199
1168.752282
1095.959574
1098.028514
1097.567766
1150.498489
918.016639
917.424095
1041.086109
817.911356
884.584314
735.632634
1048.365934
1092.457212
1007.024429
949.460855
1161.294114
1108.183517
787.774145
1128.189172
1052.166978
1034.314844
851.423442
868.720906
1011.637382
911.241516
862.556537
926.054899
929.691598
1065.272718
1020.793245
830.207526