782.045697
1409.631708
1017.593426
594.769968
1122.509375
913.873909
739.542938
1210.708587
803.156214
1217.807919
738.715115
1231.149051
790.166296
1253.901191
1559.599231
1199.121841
1120.259735
622.166214
1043.117297
602.830856
1204.788672
726.480639
573.830024
507.270006
648.974823
385.493521
1496.636192
1135.692901
1202.386386
1278.725152
1085.394129
1046.239098
878.282875
846.163973
734.024322
905.356966
717.893122
711.886960
291.685976
789.453770
790.326706
1405.433572
929.825973
844.641211
1018.690234
1404.342974
817.379791
1000.533537
1325.459813
1280.896457
892.294609
1156.311183
1087.489860
750.786832
1316.660398
1012.206316
1479.287291
1010.934809
1123.825355
1075.170514
1133.768439
634.741872
1000.533714
1340.514508
831.579521
961.886062
822.549307
1532.446552
1157.444923
1135.808896
1375.660728
441.136044
765.016350
383.396972
873.714849
1176.377794
486.759845
1141.822420
1251.342603
1336.511192
979.931802
1087.805129
1219.302945
1016.902686
859.007475
744.731363
1173.612283
864.871075
993.371289
986.543090
844.658668
780.462645
1253.709222
1128.568202
506.129069
695.121685
901.436695
607.124204
976.008682
913.554167
1454.073635
800.679377
1271.286666
1020.570679
878.705335
803.271293
1194.436818
885.709406
1080.259295
937.223827
1490.867127
912.423551
1187.271625
648.886953
1418.942094
1244.170464
624.209618
1156.159870
1007.549134
1036.004619
979.640275
826.330123
913.776617
947.513524
1233.353391
1204.518741
1350.997793
976.725312
800.734159
591.466336
986.937526
1079.845573
916.336133
788.709425
1106.629797
738.519085
1421.471461
668.602016
908.618973
1113.263354
893.456801
992.001997
1311.390942
1738.191482
927.080504
1496.615762
326.810780
1318.167578
1403.736368
907.759105
1101.828242
1108.191467
1431.453391
1054.745036
937.915833
239.245187
741.397583
1287.200843
996.303050
1318.846531
731.176121
1404.846808
1109.093673
938.951185
883.821384
699.945306
1096.545757
1055.736081
929.514380
965.423127
854.618380
573.810655
1120.367408
616.590511
1562.787621
1167.816931
1441.497756
1076.534983
1456.205606
83.477037
968.588288
822.196969
1041.599931
900.262304
974.465466
791.476649
1320.359847
1071.231225
680.595076
929.210990
1242.472376
1250.216810
599.897477
590.347063
1341.654106
775.352456
1308.957710
1154.643301
1361.443461
1153.056639
1020.928721
1047.274125
1096.401671
1117.886090
1074.647972
1420.222580
1104.977598
820.032275
388.639351
1222.592958
1164.117738
1316.013198
1125.923709
818.611148
1088.246221
1077.697039
1396.321802
1079.925364
1612.895446
1103.288064
697.987537
1275.860910
936.173449
941.588149
569.234971
732.194685
1128.153709
1195.226697
1281.861472
1290.397154
524.533164
1086.218008
1121.311598
1116.130868
1109.735489
1362.769532
1575.789179
1006.817801
720.549717
1109.200947
1528.690033
814.796357
600.092229
1262.261645
925.109636
884.463432
604.170200
1191.509505
676.740359
973.622232
773.059034
880.677724
1271.017005
1202.605216
895.037137
915.786790
1062.982989
795.468245
705.703772
1306.986179
596.691120
1563.683691
947.036444
1186.185359
976.430365
654.518987
886.481264
1068.872942
1285.046361
678.352705
762.023022
804.204632
407.358001
1499.730569
1390.065637
888.635568
779.834759
910.661470
1230.905635
810.467031
626.234580
1403.922354
678.598814
1096.247135
931.671558
1433.818740
1217.454962
1329.866960
897.803809
567.087654
1038.015780
1305.688546
1176.810494
1232.120457
752.637274
1347.723015
1137.733495
1284.853481
1075.115620
1440.585154
1293.017775
1135.430587
1127.988782
602.906473
768.787537
384.813839
1166.309904
1281.387685
1018.063209
1466.091737
1614.972303
368.582530
545.545454
1251.946516
1225.517979
865.281972
1105.239115
765.409043
1038.305770
1204.112238
605.805279
1245.901374
990.683767
874.180047
882.586382
990.600960
1270.924930
1062.779517
988.162846
935.020248
795.301329
444.199927
1122.329962
1218.719471
1172.407905
1180.877101
795.981888
709.533472
829.796846
1241.296528
837.011700
1145.853295
1037.651821
1034.729793
999.149803
705.652286
1137.682994
1364.928391
700.028970
755.494317
935.341929
639.725670
831.498540
820.625689
529.829400
892.004700
1037.105478
887.497457
843.634377
899.562599
1100.538851
756.420692
750.278443
932.737350
1216.260758
1412.971174
886.678060
1523.051549
959.135311
954.888235
1039.255537
959.976629
1180.802035
1333.422549
1315.383979
1443.685692
1359.403666
1091.896254
1033.334656
1166.513849
965.485811
756.912524
864.946597
1205.703538
1178.707919
800.674409
1187.143793
1283.160582
379.993286
1164.953207
1195.977821
975.027884
724.329108
865.709747
1033.471688
1267.199198
967.387161
403.093594
1096.717501
991.730058
1029.038545
1172.316777
1134.023567
930.805794
1046.406260
1436.258136
1283.227488
1211.953748
794.637836
860.334628
1229.323063
1233.653203
1101.267717
897.600128
1040.826900
997.928821
1206.128766
1010.679274
789.400948
844.722430
1310.132763
792.556957
937.558057
1428.036912
1048.410721
1069.490919
670.818575
1155.138787
721.447966
763.131679
1037.909305
961.945729
1007.101637
1290.475520
682.991327
1120.745373
1009.556382
1101.063854
1147.952031
1415.386935
730.500565
1389.290937
1024.098629
755.257086
1698.106318
934.250340
1031.492470
710.462840
933.524189
642.716085
968.289283
782.654864
1420.169043
926.816297
423.395365
1056.003773
1018.193981
1159.998511
825.270778
982.867163
999.225886
841.763345
868.655944
869.452132
630.167253
1517.945608
1438.121955
989.244161
1196.324845
860.179770
891.707054
662.583709
1392.125405
1300.946708
992.432849
956.077938
1124.337747
1271.409443
1179.204887
665.902536
856.547058
1349.989085
882.236862
1057.874534
526.064885
604.327982
1110.802971
761.740869
1084.795281
1602.188873
815.416896
1088.546325
929.488877
612.187659
963.559365
1484.102907
971.589038
1302.912109
990.021042
440.419112
1372.080513
1011.912324
792.383400
918.230573
1056.583390
761.077021
665.100896
1097.266513
998.565719
770.959062
1554.182960
1165.903636
752.223464
908.352742
998.736985
1040.060878
808.907321
1328.891663
1118.457662
824.590255
653.024274
1129.119560
830.008735
1080.035098
778.173448
1030.430760
657.310546
902.724504
991.135817
844.958322
1255.395485
1024.336558
783.866984
1214.055887
1131.175603
832.393383
1174.321893
1151.139441
836.562008
676.187156
867.535549
1221.138592
723.920145
831.533575
1616.844295
733.483844
668.443965
1142.429465
1227.805987
1014.031896
1020.670373
1011.552971
798.671634
816.282480
1426.691549
1562.916782
1556.330433
1020.528395
990.792307
881.085109
622.481741
1472.188188
1432.128765
822.975320
929.848022
694.561000
1238.525351
1226.764690
829.897405
1749.436144
1313.945185
1088.374660
862.187826
1211.395320
1165.975020
1286.557644
1120.313275
1134.562884
1150.812016
903.976899
1468.211964
858.029342
971.070929
1188.515946
1169.161013
1032.964976
937.919247
1289.280255
1047.975476
1044.375184
974.321950
1223.075174
1365.779000
899.183801
1106.423742
1450.710846
1320.713435
1161.800863
982.935727
854.462708
1225.297664
968.440196
551.532786
962.977480
1032.663123
621.490935
1176.950769
1441.405596
987.370464
1180.216157
947.078489
1248.313698
1272.777416
645.746608
836.814635
1358.867028
1209.038290
1104.534493
855.963103
990.241282
1351.322019
763.219886
739.221227
1547.752330
1435.314915
1376.514918
1419.451574
1185.262568
451.508286
744.393352
1208.549853
939.459492
1465.394845
1659.727977
1438.314376
1145.213682
892.952471
947.152902
1443.559052
1103.617777
777.769198
1170.724582
1245.293782
664.317710
636.469148
581.987656
1216.707245
1322.482738
633.849661
1055.457602
941.904390
771.243761
775.970883
891.634372
687.546848
1216.864412
1012.270929
519.872794
1030.878472
798.684732
1087.703580
1012.381827
563.513576
712.597149
518.336901
1470.254696
1069.678175
1144.265916
932.237674
1234.373121
1236.550034
1199.758237
1195.208134
1190.412652
1018.109358
820.300204
1434.030430
1132.455133
1104.781830
1180.896249
1404.876763
824.119575
883.795721
694.680726
1115.731156
1324.731217
1023.956129
942.069604
713.666823
1322.180615
1083.857419
1218.788318
1291.858452
1241.272794
964.072626
1171.214873
1252.413239
741.122404
592.421179
1311.593749
1342.215306
819.244296
954.770144
850.748909
1016.013809
895.378243
1549.691265
915.941849
1253.802437
1154.267547
1299.201091
1110.479263
1238.523950
1293.412174
774.902430
836.296562
643.310350
1065.163150
1128.366124
1264.879321
859.038197
1109.247235
556.080892
1198.051836
1142.251497
1417.228453
646.770862
1026.572078
421.345209
820.009147
931.617262
1136.028097
838.446384
1029.539815
1529.268769
1394.267635
1070.907269
1225.123751
1473.557070
966.148041
632.664692
580.332621
1255.812526
1054.321006
1577.713046
879.008910
593.707357
810.713350
1250.122717
1346.130854
1318.213768
375.445989
1045.559374
1126.721097
1131.556770
1040.321644
1489.089046
1183.451914
822.451150
1008.054147
800.094717
781.534909
815.440143
1244.059425
1039.414460
951.321730
953.779374
1164.586164
1080.840946
1206.170271
629.276439
1125.795700
799.449285
633.799373
1182.653546
1284.579364
1047.774162
1279.389427
951.179693
934.753011
672.103727
1459.610170
754.061017
1074.802497
1248.029756
1584.126704
1085.638359
566.021408
710.083586
1045.869168
1240.971096
1168.667910
1282.604624
1084.835049
1432.994060
927.463194
826.875693
1354.612367
1039.078053
981.808220
1095.923479
1112.722085
1207.140854
1214.756773
985.196375
670.682984
852.041760
1553.806619
1156.939918
1369.241340
888.063983
1024.878391
798.924160
1140.087613
902.149711
962.327533
662.541938
862.237345
955.358073
952.235364
739.605432
284.014503
1270.833513
962.224198
1094.743519
851.933794
1434.280817
1156.265657
602.976140
698.155088
1233.844023
825.645819
1091.353581
932.670465
1336.436172
838.232057
1523.553038
745.765186
925.306935
493.601288
1403.976808
930.874645
1485.627468
931.636671
787.029829
1237.232730
601.857575
1321.062288
1416.573000
894.305509
1429.212962
1394.976754
844.402787
956.515630
834.874372
997.475148
1003.808600
493.519544
959.730612
1327.336618
791.666797
996.743626
1497.893407
950.743883
1674.359442
899.765948
1198.120156
481.072450
896.566396
1183.007811
532.991573
745.483680
938.095264
1255.633103
1131.967762
883.080960
1216.732094
1402.934072
849.471005
909.822435
632.142637
976.028342
685.714083
1228.324155
916.394702
802.087831
1072.505948
693.242023
559.774864
1345.170278
982.100920
1613.780869
896.165317
1102.446261
847.647401
697.208193
1145.208514
1350.702345
1117.804910
757.449298
1073.135744
965.117126
1185.256505
899.715233
848.118453
761.972994
991.404240
741.878987
1170.028691
883.792143
1439.284487
1362.407876
989.930764
799.498462
1215.379097
990.302763
1373.564343
908.286854
362.485209
936.713781
1056.328887
1010.066668
596.721270
578.194377
1452.710634
851.367781
894.945951
821.321804
1346.936809
1017.384444
1054.260289
1369.418863
996.892995
659.466466
204.707853
1317.740995
1569.635034
1395.496547
1236.023380
383.349956
1045.570154
827.522631
1478.459307
1132.362912
1197.291527
959.916527
1029.505507
1171.624088
947.031438
1276.751234
901.206308
925.156312
1283.923221
919.295170
1054.539439
1206.831034
1053.830230
1177.462716
1012.564651
1203.151108
1212.249620
1691.190009
924.783148
709.023202
1118.132828
804.826852
280.663141
897.236918
782.955376
1092.136160
790.008864
1277.019616
1318.445397
1254.126734
853.868952
796.981001
827.636712
909.750341
862.632972
1397.763204
548.890627
906.151825
1170.146124
847.621385
1196.965830
1022.478632
533.081783
951.022511
946.102459
620.932484
812.162102
1842.778233
1012.342388
690.811353
655.795642
1327.723767
932.664616
816.356357
866.436550
593.660466