920.556452
1204.026591
1128.358108
1031.460468
1038.873863
1065.786533
701.515937
843.742775
848.075060
1126.057867
845.535426
1109.525335
1033.647080
1082.089593
1022.977730
878.371920
1115.316289
1017.815207
981.047691
969.154524
636.762893
1029.149710
878.354263
850.699804
1076.677573
1108.116878
861.078964
809.799710
951.416933
1118.379000
822.311249
810.846602
788.313890
925.355475
923.340744
992.595036
852.978648
834.363204
785.501033
889.683582
938.747325
915.866087
1092.234211
864.761903
1086.083081
1193.762283
1138.415658
1029.319891
833.862099
1293.410614
1006.911777
900.420825
1111.585812
881.613938
697.264071
1314.872583
912.189456
873.921547
751.896789
824.238829
1285.004256
1043.581458
990.292916
1024.460356
889.750793
1172.531507
980.263791
651.788796
1244.491231
1073.081728
991.788872
1162.036504
847.054860
1138.433229
699.762597
852.482253
899.878343
875.052135
825.113076
792.432455
1074.373765
906.982114
767.439258
1331.508182
1150.313089
1106.719370
924.969936
900.486863
1104.055322
848.603041
1219.185109
1098.442629
1090.234572
1074.697497
798.795446
1045.681463
817.283206
950.002700
763.584629
679.953271
867.151401
916.697354
1096.521515
1004.252632
966.815205
962.816198
881.911302
1200.371821
893.941897
976.389013
989.813829
1131.966609
1057.975306
973.165679
868.202860
766.342174
1433.488581
1251.575073
1233.683483
1055.705598
1252.981195
760.546298
863.292167
1254.067405
769.386858
778.002400
1365.148902
920.535962
956.601265
805.185524
724.373539
778.363821
1168.693003
850.776564
810.106467
1010.768125
1181.615491
800.753202
960.619634
747.140515
1030.346154
704.624874
893.495776
1428.155701
1052.414846
826.543644
964.113219
1190.341647
918.156428
778.901550
1017.830992
1023.454682
1079.948329
1351.870192
998.917793
1109.355508
921.369180
765.034183
1007.360659
794.805155
1292.820898
1095.192314
943.839998
900.397945
712.813673
797.049626
850.596480
818.734795
1062.814969
1188.667316
1344.418555
945.545986
1356.243132
969.705390
880.742655
1116.993462
1078.048957
983.142633
864.590083
996.996305
549.176952
852.101812
942.953231
1176.506902
938.382748
1051.870796
1014.107524
1252.386277
1140.022063
897.769165
1167.167783
960.935458
1123.246088
1261.330859
1108.486471
1005.134277
1224.889366
859.279124
1126.923257
793.392625
1128.088427
999.917579
980.499977
957.749481
1121.433633
924.444355
773.018344
1469.112310
797.485215
1032.950377
867.995154
949.732625
1059.862520
939.052112
844.493241
936.873988
1265.526633
1239.234462
1227.625111
911.022284
1086.013643
723.184211
1158.469642
684.475595
978.303417
586.558537
847.907827
1007.069030
910.724069
880.889516
616.993789
1101.268724
1203.161412
1185.874452
767.965401
1039.386877
1084.671396
1006.355653
1203.941513
1345.839999
1122.877385
989.167343
627.903299
633.300248
785.887956
954.277632
854.546593
1063.803454
1166.751484
936.078532
1008.055082
1138.240849
1085.975509
1041.854279
1212.003651
970.894957
1166.227868
1009.416709
1062.197027
840.946668
818.250587
595.014026
997.732277
1233.889975
1087.538264
911.513174
1083.855273
669.184577
1101.505521
903.009341
723.054254
1103.335609
1036.033237
938.931739
898.284375
839.289982
862.398662
937.497573
962.129610
959.495061
1099.672909
1060.238097
917.115289
960.695114
925.534627
1155.932712
1121.330247
1065.952384
1090.658830
1140.187207
972.585408
1051.609807
691.694804
848.396661
717.692936
860.955193
959.480764
1191.227253
1049.313987
1390.597467
828.393779
971.300406
917.416255
865.645596
976.837185
743.183827
853.803472
825.204957
940.324786
954.331873
840.539170
964.958460
924.071117
753.350970
1135.627637
891.619960
985.980716
1071.518271
1249.379539
938.344772
1079.835214
943.643880
997.426165
1028.657661
991.920120
1258.127805
1004.572498
805.250260
837.539417
1131.874774
992.002866
1066.680455
980.071626
1775.944589
775.635806
939.371907
975.090391
1310.329679
1338.314365
1103.599106
803.010400
1301.572613
1174.146732
952.788392
862.281532
832.248404
1111.338087
1123.974193
932.034620
857.754934
1063.099247
969.091086
1146.071257
713.252757
1164.753704
1084.618932
1115.673427
795.366611
1177.952815
843.386633
1152.317994
1036.707169
1305.386626
790.973281
1038.821256
1161.769255
1021.620080
750.620809
782.771166
971.484643
810.545696
1026.369474
1059.424401
1084.156111
999.416962
1008.866749
937.709085
1095.777843
981.291687
1246.651917
1016.942576
1209.397093
1163.667950
1273.872675
852.971451
1427.158962
918.236717
929.919110
724.671586
772.792245
960.503961
1066.036871
1092.680325
907.060457
1108.521194
962.373899
1004.766343
1234.065378
1112.139150
846.381859
1064.953336
992.568301
1019.012482
917.651076
904.859681
1110.764690
777.909091
1176.409538
1215.975332
914.521710
909.125643
1211.348520
1177.103230
699.363675
937.580932
1103.033339
890.136647
921.357596
817.282717
1290.548937
898.290495
612.255908
1183.868799
991.094860
978.778308
1162.810118
936.388838
1068.728419
1006.513890
904.324576
833.923172
961.311893
886.258125
1173.588590
1256.904796
1075.393739
982.475589
1086.064395
860.042298
1116.862255
1231.187507
794.210293
930.284135
863.619764
1080.867003
1171.999851
1267.825383
1053.439770
756.568491
1323.830076
1022.794867
665.286349
920.428436
987.722397
1356.813223
932.940670
649.694785
1063.375307
968.117838
1034.750945
1078.988230
1063.572730
1215.154499
775.778095
1019.462995
1031.762391
1009.609784
1121.563630
1008.601004
1151.073424
768.902210
823.685634
1046.997963
1205.397654
1095.399765
1005.956929
927.112009
1417.337885
1202.113929
1032.502076
1232.820936
714.782563
1055.793841
1242.011929
1038.763072
1184.731154
751.211610
1301.409906
792.629211
1014.525356
1282.882401
934.348297
784.430762
639.568736
786.253421
934.650803
1196.080917
1153.143827
1189.116132
1050.486053
876.358598
976.988492
638.088174
996.414113
959.333032
736.363393
841.895181
1115.682298
957.382330
943.851765
916.341846
1087.432918
1196.929867
984.093451
900.706001
1125.510370
963.397541
923.893131
920.963989
1029.078412
992.788988
923.211222
836.858529
1238.094337
1141.326872
999.897825
1100.867819
1017.406475
1081.593807
1315.968654
834.541598
1012.821222
1084.772217
879.405830
891.785282
661.187042
772.443940
1124.625686
1039.141317
724.449842
1027.319287
1286.771179
1286.931337
941.780524
1145.774066
1249.658870
964.398566
746.474094
1053.286117
1380.693621
759.221863
810.958873
1031.833941
885.490367
1180.028203
727.243097
1335.611719
1244.539749
894.628880
1218.797414
1090.728586
1050.721192
1146.364177
1163.908346
1193.611338
1128.604552
1022.756638
970.515737
737.178051
1190.670227
916.842675
1190.011031
731.107697
1039.363148
958.602975
951.611255
1108.661690
1060.831685
1189.529360
819.043815
1428.319152
825.700400
929.267431
945.579681
1088.475642
1125.472283
963.813832
1321.873512
937.108952
912.801943
1047.302951
1019.175765
912.812471
1105.678821
1115.021948
708.160273
695.092409
991.594458
905.735071
929.925475
1058.905191
1069.896868
1065.621449
1002.658449
1056.022674
668.912684
1051.703956
944.244985
696.573676
833.652476
826.458605
966.344312
1266.996199
1182.825314
839.726202
1448.832231
841.705365
1113.015838
1164.918419
995.994066
1005.017219
1164.144935
1013.836908
685.815846
779.757654
872.179756
946.653092
1357.369001
1178.697388
1176.758110
982.765083
930.055534
891.520414
638.940730
1236.194571
931.845061
1065.624286
1097.548045
992.923327
877.474060
1080.710811
978.228943
968.977472
917.321717
1110.981451
1131.589132
998.495512
780.218820
1073.279913
709.241496
973.500166
622.200321
1063.474656
824.974266
1042.261743
961.626292
704.561723
977.090210
1200.975326
906.935116
674.209811
923.061906
1023.188142
994.488097
1164.321069
1028.162786
982.753457
805.821108
695.950904
887.327025
701.292629
1010.357962
778.423542
580.719870
914.146438
788.961576
883.458250
1107.411938
1441.785617
1069.167712
1184.990766
787.726810
958.715306
782.000431
731.810230
1357.060883
752.007200
857.247425
733.387343
812.546469
1147.639915
1135.053369
1228.235427
1124.858767
883.326988
1147.356798
706.712623
1183.089426
1124.173735
728.786859
1077.670499
795.342855
1184.829642
832.227962
1050.085150
790.263628
925.150340
1196.133664
975.933546
1223.436723
700.259846
1257.952969
1072.008804
1087.382103
1280.208142
1248.535508
1078.045990
1297.538316
917.247532
1222.507928
978.755577
1103.918999
952.621162
853.666261
1046.999242
679.071933
1004.258749
1374.801198
713.889310
867.561862
771.643640
1290.746518
1176.731924
928.164344
747.234763
1007.294852
940.722035
911.876477
919.120075
1251.812075
652.468121
846.510287
667.226255
1210.428673
979.775431
634.741071
988.712389
806.293727
1132.970203
1007.058924
953.670424
907.610860
1008.530393
1170.805513
1305.094614
965.099562
784.696586
891.487846
870.324759
1308.549087
1162.516430
1352.424746
915.054815
957.752971
989.254708
1188.059552
1068.287083
720.408024
1088.494758
1082.336852
1327.359766
818.272434
977.721849
928.361469
1241.941569
704.338062
980.945354
1169.638636
1086.100691
774.575122
1105.822327
1122.775473
684.340290
911.578130
740.998405
1015.765370
1031.084402
1016.601186
726.272753
1143.161904
1037.216447
1115.297863
1231.619689
1203.090023
1227.859844
990.098169
1096.050829
1396.793715
1135.934393
922.216518
1189.045347
853.684792
661.296221
878.176219
1250.382540
756.001340
850.728844
1190.220737
1078.890084
1046.252114
662.001974
598.471245
1303.059109
1081.362120
889.040782
1021.981130
918.032706
1094.107122
1017.291367
979.968963
886.308244
922.754872
935.498622
1285.390489
1233.826290
1182.654398
1117.455067
1161.478728
1157.028946
1026.122534
1542.781862
1131.894476
780.796275
1048.088856
1090.862745
927.678898
935.338959
1266.070446
1030.071577
1071.603067
1103.511987
1312.453846
782.101985
1070.788810
740.811126
892.583973
1284.261451
1267.933406
987.535424
1300.420139
1097.640514
953.708607
974.109678
1368.244252
896.006988
1276.590507
1204.945393
1037.683774
1059.984228
891.216724
1014.966519
1019.982264
842.310828
1052.913357
887.924164
848.781046
825.581929
926.572798
1245.445977
1091.512425
879.723708
805.613394
1050.038593
834.054080
1097.548863
706.483677
780.017639
1182.434097
1242.985634
946.344809
1341.171961
1034.622159
1058.234809
1053.362350
997.443625
962.855094
878.485305
1016.327406
1058.162302
860.541521
1078.374199
1117.732085
704.566013
1347.481030
1237.193903
1030.989727
1084.997554
1193.937873
1003.450065
802.408410
773.501724
948.594343
1030.905944
1082.988146
736.602272
997.662474
950.107665
1001.977095
1116.060407
859.973233
1286.252911
883.422597
878.036078
1401.634147
1050.263093
916.908251
1008.675204
1345.965493
920.227246
691.636754
728.266594
1171.070986
1034.728703
911.952325
794.390896
766.597495
1061.803313
866.377187
1247.707876
1027.380141
1153.555403
1103.527349
1177.056244
942.023339
1030.734642
904.851437
1090.692288
1105.892275
1049.723220
1277.762486
1097.810210
966.045558
1168.975207
1057.228492
881.071916
1153.233111
721.134763
952.132419
1027.146122
1219.597331
1229.391836
1104.210433
1175.106387
965.469648
1164.151560
1045.794922
1079.295072
1072.419360
950.270512
1013.794243
1020.403002
842.919131
977.978601
1199.593210
964.714304
1082.888923
1354.338482
859.325601
796.711742
1026.890075
1023.493882
901.090005
1164.464673
927.602813
1122.617642
751.015631
1112.018862
1103.634780
1063.090059
896.079674
801.454086
962.990483
1057.038972
1215.277416
1084.768358
1128.087505
1120.148767
950.911791
1293.327022
1204.860716
1474.451442
1114.776680
1251.109802
1021.533872
1213.790917
681.171161
861.362274
1237.355169
923.587730
983.544026