330.769326
1652.102032
981.899218
1280.433322
467.406467
1078.447242
592.999940
657.444381
1668.862314
1107.288687
678.996279
1028.957375
700.611668
1374.614207
476.088841
1100.564466
862.653483
577.067072
1866.673953
1737.043913
494.701986
43.875582
990.097655
995.247578
930.964318
326.630194
646.549319
1020.521650
1969.599562
-22.454049
1406.690333
1009.860451
613.715755
1035.838652
1065.792353
367.107716
382.413184
1428.568963
784.632235
1723.133369
407.264881
1456.938479
820.855384
1032.884880
1852.172516
893.731543
113.596878
424.709706
821.339996
869.721667
1516.765560
-136.024645
886.205778
574.180780
1095.910558
593.209685
1564.494735
108.068356
1116.455418
-319.086015
925.292653
756.683966
1198.673314
1328.320841
645.086378
1320.200337
484.347661
916.000988
573.688018
1380.630832
1291.747686
1273.485931
981.526529
659.022783
527.555888
699.021748
1345.002216
440.791774
1423.540745
1642.397235
1179.654724
623.195588
373.296504
941.573170
1444.351905
278.282678
1005.872904
454.495137
1078.564018
1668.260474
1147.015198
1358.296914
1108.628422
1305.371711
1957.856325
38.068055
1057.839846
996.495783
773.940081
939.927605
-206.174853
1250.740176
1056.905208
884.357915
1696.778555
1685.503125
1055.530413
1119.180686
576.004611
31.621414
654.243444
1606.643105
189.829332
510.422385
288.176533
1258.900868
1450.634318
1811.739905
595.483354
1855.737165
1160.977071
586.740612
654.196482
1442.440470
1389.384126
1021.438980
860.810275
2004.181964
600.568669
1285.523293
1798.052915
1377.789010
1633.672520
911.840567
1332.415006
2203.943455
751.950407
2063.924825
613.071042
1118.580540
1575.075280
102.305770
500.338185
1046.793538
285.187441
1746.179653
1842.886700
649.637109
1446.140806
1379.664898
1915.382249
1228.442729
882.985012
1476.250973
298.422968
579.834809
1045.515709
837.276357
1084.815719
886.392863
977.666891
377.193054
717.287360
1278.512360
183.682515
1595.222825
869.207010
562.368757
1318.475552
1267.084819
734.848884
-81.464651
327.547954
1260.814852
117.034315
987.326910
1167.146643
886.878819
-479.616525
1047.381470
891.540863
1222.595492
685.830548
781.611447
1136.424347
824.404982
531.070604
1168.599751
1016.559188
-202.869124
1245.773775
1452.456718
1225.798509
1307.002501
983.166744
1222.963828
2374.469562
1100.698800
1590.319197
723.927516
1167.098673
693.277316
1056.979534
594.859572
796.329281
1027.928324
1050.579207
929.148950
1233.713301
-92.035236
68.716059
917.799297
243.057550
873.394496
1015.541480
427.186105
961.210103
1658.209937
1986.056954
998.772897
202.128182
1373.588812
646.098057
553.393703
545.366745
644.762199
1099.885804
1001.827385
1512.855993
767.189058
731.794123
877.610568
1914.284009
1349.014921
826.193287
1248.392322
1874.617053
993.628771
198.597531
868.540292
1824.610926
1138.854850
542.398396
1766.375713
571.280379
941.300467
236.427938
1105.234221
806.385060
1288.403835
908.773561
1471.159610
1694.494354
1245.208310
1722.532057
257.429358
1092.542834
8.154010
1247.305999
1073.953035
1196.506001
1237.610766
890.107155
729.498165
1302.843522
691.830799
1008.580077
901.777981
460.368826
181.914264
1572.937867
511.496698
932.360169
1421.111553
1754.154077
208.933723
342.568914
753.091243
-223.302534
259.319416
1117.327769
856.785171
804.152466
1528.535236
1596.749351
662.681359
1164.534033
1336.344294
1344.595052
1716.644219
932.773958
1031.923848
1750.507226
1463.289999
738.693380
-454.486916
1552.758697
1428.253008
749.810707
1943.724135
1268.202189
769.426967
398.793840
235.975820
1409.995582
1237.918067
872.228212
1380.000841
1914.241847
91.057631
372.021898
773.718569
861.656936
680.782087
651.918755
1158.087680
1756.659229
1317.779969
922.073534
761.844744
1528.947090
260.944088
860.676093
929.129264
2113.960905
1267.876033
820.668439
1532.640559
831.546549
1745.681470
1238.137429
612.230098
653.801249
729.566558
1803.046902
1364.558871
998.098495
1461.178721
105.376400
210.154823
901.347857
1510.761582
731.109216
782.833851
861.507142
980.588571
294.611509
1199.728903
372.633141
2014.169080
2025.125615
1113.174861
1581.692919
314.281850
156.583229
1691.787030
1580.182589
1751.818189
745.913242
1409.159051
863.987972
862.708504
1199.620652
880.213098
567.300019
774.104102
1586.972842
-591.268525
413.439737
943.947080
1007.745002
1668.078225
1227.883630
1035.558156
1265.330693
456.845208
340.151537
1826.474518
2312.193128
978.220836
14.394311
435.045653
974.624065
958.205790
943.239237
1262.049724
602.122657
1127.383301
410.092967
979.037379
853.060467
749.035572
633.822842
864.409517
1929.075912
784.839393
1669.404342
566.658625
1096.746056
1438.097809
181.045799
1538.896591
1013.329869
450.419512
742.127615
1124.547768
1323.320643
497.342046
1389.163470
686.338549
432.202746
817.551244
1411.719864
609.002648
580.995488
1277.834133
-102.257816
1381.059569
1535.015646
1263.661908
1698.636201
829.706089
1635.781800
954.602813
1449.767490
1167.805966
831.196583
1446.091871
1448.188456
822.599829
1784.276534
1002.062939
1286.551268
619.786346
1553.691262
615.532009
978.801890
1368.767442
1433.214530
962.496529
1240.256655
742.959497
1053.006144
468.859792
915.780214
1248.797331
1513.154873
1423.508994
1891.160845
1622.662846
496.494207
714.316754
757.058769
675.395764
225.972263
229.811952
554.106352
640.032669
1750.674832
1054.885740
1119.820638
1037.384489
730.078255
482.789092
22.489574
1572.760208
192.308849
1251.038802
525.867606
752.217874
1759.371340
1106.526777
669.652091
1615.841705
902.287410
220.704358
2030.568705
1077.380669
-143.203597
151.019214
334.014378
1033.919727
166.684787
1436.514377
1042.528019
154.062387
1360.439390
780.833520
977.128077
1087.069300
1089.159078
1231.536397
551.139366
60.416648
898.209650
759.978658
978.929465
1280.374939
322.423343
1551.258910
892.633289
674.206299
765.624564
-187.719317
870.352434
84.729020
1068.755641
830.347099
1536.700022
965.818513
393.686768
1151.744437
693.744626
-230.582266
984.075546
1458.855432
727.615358
989.472735
1309.690924
1447.616712
1968.546472
1774.274918
134.081572
1515.350976
1187.296381
526.131563
1717.780774
1132.701796
963.655515
607.306163
166.773781
92.789161
1069.578105
786.325766
475.679724
920.873270
1123.773923
293.941309
118.982667
1033.974759
707.878750
810.183220
1164.049963
512.927304
863.823415
1093.176663
1840.588964
1024.973376
1641.790779
1338.404566
1311.172003
1991.791968
1130.700054
-343.505349
853.719095
1500.438438
1256.837020
2346.017209
1420.254594
1258.395769
520.646849
2474.437358
605.277951
1158.364614
708.809107
1181.056192
669.267658
389.928300
1956.710751
496.359685
1043.194526
341.341193
568.257631
1512.410157
815.176153
1014.481110
-182.376572
902.533824
625.223622
1445.815942
1379.116589
85.479244
1207.728156
1012.737777
292.674253
212.730211
753.172797
929.919298
1217.947393
1627.830377
559.855638
739.793718
487.822277
221.793520
931.648910
1100.082431
1595.565433
1054.155010
955.122195
1151.270701
1361.955179
973.698102
669.138364
904.026017
1320.150445
1462.851072
905.564511
1277.580221
745.967223
1414.633780
1790.011174
-237.829370
1203.703809
1093.239752
352.503575
1990.637849
1837.251897
1615.983742
1243.872898
1058.194337
447.481006
557.006343
514.996144
764.416801
649.954189
74.583123
1522.987999
886.044537
705.627212
1146.208481
900.145486
1124.233529
662.374145
1221.208949
1561.585958
278.589799
-106.089909
552.764305
15.960984
941.934784
1123.704651
1041.443405
1276.251474
750.675676
534.015877
1470.956469
1326.736257
722.513130
726.640213
121.107520
1340.971602
342.464319
459.644287
343.330655
602.672652
1028.954081
1355.418634
732.638702
1292.133029
762.851399
1335.590811
1048.812593
23.962103
744.046285
1311.333906
1526.335977
485.345099
1484.579951
260.202859
1023.802163
831.746752
865.171712
2140.776451
1857.352243
223.616347
982.243571
752.131062
1230.704468
1814.277846
1203.450280
706.346947
1464.318345
1785.144639
375.943024
402.264045
86.374616
1113.767229
592.769108
620.127061
634.859625
-56.361681
812.506742
1176.408748
1051.279398
521.407989
1129.467149
230.946134
962.160228
1557.761501
245.374529
1759.201114
889.519085
1439.204279
1413.225863
649.117272
1033.874776
820.588551
396.902282
105.570701
458.885573
393.417153
543.519526
1508.867655
1361.252118
310.899975
910.625903
571.454851
1209.119443
1481.031612
1263.974367
793.899555
514.078156
1617.294074
1610.541950
908.692787
936.329489
659.460253
885.787224
1073.625970
626.484274
813.060428
768.502480
732.308027
956.385096
1125.564783
1325.084610
1017.395849
760.248931
960.593764
1785.766991
896.001215
542.836537
1341.059599
1162.189016
398.527685
587.242681
970.034748
1956.740841
1375.339469
836.554881
733.423417
1052.914106
1005.830917
1328.254048
787.004824
851.651834
826.761579
1097.945895
172.670056
1020.090099
64.154170
-8.317423
697.878789
1839.868622
407.382080
832.795866
678.850783
1079.491803
789.800299
1420.770755
1003.837759
1332.383136
2251.599303
340.156166
610.424606
949.533724
1183.648447
1271.090348
348.793145
1492.642508
1687.038829
801.595641
1492.511167
2030.501649
257.949300
1257.444635
530.435044
782.232462
1023.603293
1000.995433
669.664846
416.837888
981.804315
572.798337
1655.251064
871.694813
420.262876
1757.354820
742.867750
985.338429
832.835380
1156.942805
813.858790
704.352766
754.491416
1626.196021
1233.092096
601.138191
1070.527951
957.679265
1221.422269
1116.905420
1180.926833
1240.918316
1050.528476
421.022404
1297.367709
764.534441
583.960826
473.780205
790.796936
643.568806
1010.002955
1014.717668
706.076448
2023.248740
1651.528079
804.104874
1738.906699
1034.443684
822.160783
207.964746
1422.911557
632.467547
558.473806
351.156954
700.104415
754.345521
1178.271772
1043.072626
1153.001496
-353.082638
555.639652
981.758439
1331.049524
848.194856
368.331478
834.495780
937.025706
1288.091141
-125.235368
301.390606
777.959427
823.081833
1114.174805
1087.674448
1060.918860
795.218483
955.824957
1861.114093
1300.290703
1595.432230
603.243557
596.393440
1474.244211
980.136814
599.879828
1447.044680
1723.173411
1310.829741
1407.009921
516.248671
1417.623877
1443.658021
913.646189
993.071744
2005.749076
570.194982
815.654116
1155.427685
1489.694669
680.714550
605.998322
402.061756
713.711600
813.478186
1205.802689
508.960314
995.970710
2057.866834
814.387806
449.402528
805.748316
944.131229
858.560330
645.746526
2196.726938
1070.429198
654.658448
898.627903
1246.996906
1501.459368
771.589805
1102.539113
1715.260652
1535.591429
1752.368664
753.308167
546.597250
1180.282715
423.728718
649.483770
978.779174
820.401112
1360.151773
851.702653
1398.216046
1276.705602
1147.093489
964.227414
1176.528264
361.983247
656.469655
1517.008171
801.534240
906.016356
805.534783
-186.259775
816.005062
984.604081
1045.426603
141.862212
1929.064061
750.578826
1878.637297
129.552041
1191.868522
2052.914157
345.682530
1197.299841
1441.892031
552.673354
1050.215664
868.789093
1313.488646
1235.830765
1323.122886
1186.124023
1278.807560
615.011226
1931.681251
706.640630
859.852462
943.452149
1334.809161
1285.170964
1011.282914
855.401205
1163.283292
1011.688679
2009.249674
1626.163334
1271.190750
-185.511086
811.806279
711.693468
944.211285
1484.918892
686.798716
601.721771
1294.789855
414.833189
1498.343047
1226.759321
473.616992
355.463683
1020.583480
1342.927536
1784.345755
453.762251
1001.170001
1733.933651
677.453707
1729.324741
562.364817
833.054367
802.178191
1044.173277
1535.547877
913.095743
1759.109386
1259.396856
1237.649796
635.386454
976.394141
1753.638254
1030.165770
1630.383932
-308.362070
450.920321