469.325445
1552.959816
1823.851536
1575.293475
1228.767598
281.191297
1051.025930
-312.561089
1361.877120
115.124472
1487.531493
1967.844371
695.952239
215.002541
997.699273
899.240705
1473.781235
1151.730952
1476.095543
658.386482
431.830544
772.632962
1153.068960
1293.593871
1163.836103
1228.475546
-404.678014
1092.891825
661.990122
1085.448849
1082.724064
1597.120859
1731.442957
1201.566485
374.977193
644.240872
395.393691
1135.791820
235.898808
1088.905712
499.872811
496.035311
569.088222
-306.974599
883.090064
923.726247
955.277378
176.833841
1349.584382
1133.439335
961.226054
1587.402668
204.941436
586.009285
732.036436
899.617312
1715.735088
1386.040516
1520.670246
307.957333
2006.037960
1026.776493
848.424132
994.045580
1176.796015
1289.538583
1222.947907
1337.362378
1487.269159
1820.041951
551.000809
1028.890735
410.279981
1534.205116
429.929976
992.307225
406.654008
1793.112115
126.960378
1304.274208
1383.486646
1464.457728
1280.843651
810.245245
759.512666
1157.844944
1005.071448
1386.221741
431.735496
628.419510
1457.016253
1457.449419
953.005140
762.900627
408.484815
1674.290169
1284.346969
508.379428
646.293264
1564.911076
1267.021448
740.470087
948.367855
1089.062250
649.399331
1177.512042
1175.671290
713.007096
543.221758
1523.125930
1385.493489
1327.957645
431.668488
1387.271863
1735.972891
1487.690473
1009.152649
1379.933387
1078.651805
1183.226327
886.335168
351.566295
563.700232
679.582471
1396.076410
1496.074403
1569.475753
212.576868
911.994851
772.976379
1080.346271
112.327776
1191.942101
1091.044801
651.466509
401.936416
1928.336357
463.785779
872.529161
1880.568859
623.757881
1210.967529
1462.568466
975.103336
490.878889
359.236723
628.368317
1185.575668
1937.205753
1098.616318
1918.987538
848.531001
715.092092
642.442991
861.460685
2167.359126
978.348115
1056.775235
1940.185477
1458.320549
397.063989
1220.935364
1246.006847
1942.409915
1731.223538
1334.732218
1360.796529
1108.491246
321.036685
1412.156594
1800.305693
824.904210
1937.914261
-9.799210
727.027232
956.023774
1470.191680
904.612762
1086.513818
1107.392758
1349.585114
1531.453112
1015.224780
1087.114206
783.892561
331.771402
712.366587
2008.756147
1477.169974
2053.505834
1809.295915
970.581211
406.139708
1647.561472
1354.786520
1695.886770
932.446949
1921.468212
-108.756964
890.793191
1102.139978
1566.043528
1577.055332
876.799770
2004.064869
1209.413327
1196.441046
867.188690
1746.070148
1208.868376
1410.583829
1216.235046
537.360058
1203.705435
1714.079246
970.538472
328.513887
628.783679
2045.159013
1586.529748
122.677550
1185.654868
990.315341
686.829520
806.904924
1160.856163
937.061612
1748.343051
472.248425
1137.576230
1003.877891
492.081189
1373.971961
595.105130
1571.697754
1224.495460
1260.722593
946.378830
1082.361494
992.785698
1155.964282
103.618563
1081.307636
487.371683
702.199463
865.447136
485.357598
257.348961
580.723739
1212.993862
1376.045458
798.808545
423.177571
821.362839
1241.912383
873.373500
1053.472485
1131.287502
1208.358535
614.522560
1145.131101
225.473565
1208.189335
1372.112027
484.273282
1358.131064
1480.369382
107.104349
-222.227529
803.264571
1357.772908
1079.262615
1760.157645
1083.316830
1187.458638
471.559036
1297.121874
1228.016278
1277.702486
1452.508969
1220.010731
5.690450
1350.815989
218.061442
992.159565
1624.608779
785.664097
942.890469
718.683198
509.071691
500.044810
1353.073138
396.276348
271.848196
737.282823
650.739272
1694.150036
769.889009
1439.849696
1298.382176
388.562399
958.584328
1660.946388
553.542181
889.730501
822.640696
1136.263112
1927.912849
1331.090161
1219.154572
1018.229202
1284.269508
1270.818974
931.158195
1529.060549
2071.019018
1380.127716
1484.833268
570.969387
1076.530399
368.357152
615.181639
734.149750
2005.883132
861.447726
458.060109
972.222131
749.787004
1168.092772
992.523883
1096.097067
209.213109
1715.757354
955.143271
1555.235068
1199.294319
1275.015740
1400.877535
1328.954533
1074.508458
-143.105509
-150.943824
1380.406006
1526.124268
606.533860
1577.648760
714.741407
56.569369
1060.446379
325.496486
791.603609
669.436437
788.315662
830.818666
1354.344410
1209.336245
663.612566
1298.054934
1482.771443
1278.638396
1235.188051
1235.856645
934.237704
1349.016894
907.327733
7.105827
370.197494
763.393017
-419.113532
1905.831518
425.431129
1594.872075
1059.562500
536.888910
633.772456
995.990143
181.909971
797.350179
1227.363943
1360.874715
1770.342080
1020.315114
385.334988
1318.389895
1004.624430
752.686828
545.805555
893.735219
503.770841
1026.295339
1318.692976
588.831127
819.042592
950.554806
919.097948
1133.225318
213.339404
324.163073
93.851233
1873.472542
1021.721518
889.295380
1129.930874
1869.078008
959.126572
1084.501941
1133.729999
1313.681362
1138.013106
1102.982376
848.552138
1044.914034
991.108434
848.107739
1169.729558
236.766688
1099.843167
520.240211
1058.806412
1121.154796
890.999418
1248.214612
1549.246358
-410.951712
1012.058585
1640.750110
422.706922
619.151480
665.683662
1107.583156
1077.682936
1138.508864
465.088875
1250.723158
-345.291223
1058.109998
1649.869704
1597.951639
1487.128845
1474.283060
643.242615
723.313945
1558.475880
35.363489
696.943814
408.690417
1285.549449
1159.066112
1031.368792
711.303605
1555.221944
760.032972
769.025502
1403.029805
275.413347
339.046954
891.817945
1012.465313
969.335164
967.581540
922.736816
924.261299
104.968380
1446.908767
1276.093242
987.480530
1004.184101
1257.981070
1148.689279
1260.226758
1309.744269
291.400012
1210.182514
962.127548
668.898064
925.415227
911.071912
860.747573
500.390517
936.201937
1311.750243
925.388435
202.663670
1102.423214
1342.600235
962.949127
1673.289007
834.149654
976.315209
1383.596965
710.973669
1249.608805
1715.792681
1420.159279
-228.318015
1245.520829
435.362380
279.015028
1860.138057
944.824095
1278.803435
2119.664416
872.556736
1536.365296
1261.416081
631.315226
1147.656889
1052.554450
422.312736
1184.141305
1187.346026
1423.690614
981.888053
1511.250853
1443.495822
990.118925
1800.446538
409.911372
1492.658016
613.720596
1173.463103
195.435808
787.197423
1913.588289
602.968895
820.879404
1329.225004
494.285618
370.888849
706.039816
1640.167861
913.026421
929.610515
1676.336295
1363.096595
438.714553
1221.975655
1312.536741
709.105242
1825.886374
1401.231369
382.290389
1172.696357
1989.169408
937.091696
1187.545418
495.111191
622.350122
891.989226
1026.552797
1349.614208
673.084018
738.289242
1772.947268
1374.844902
1271.581397
2561.723366
904.013237
683.469538
1191.189815
499.084829
753.412430
1373.691768
210.529748
1283.425777
1665.073649
488.158547
1040.869418
1171.846778
1300.266806
360.369605
997.344016
1382.000201
1934.019089
1151.574537
1469.637754
834.479699
1177.385839
1090.323752
1213.115873
806.125652
611.780743
1460.657589
1253.393189
244.822358
1129.451808
857.197529
574.245693
316.147700
99.254139
705.536452
1001.874194
844.926856
1519.403610
841.164203
1443.295234
1123.320545
1506.321551
1845.826591
1349.881910
439.759564
826.102350
977.403438
1641.283086
1367.107271
1789.398549
945.605561
1426.818715
1663.733409
337.573326
1111.220534
1227.948528
1292.401017
1306.486647
995.962088
1614.774383
1015.789105
1092.930389
1357.162982
832.257856
1251.071096
1108.695620
678.959849
1443.816936
1914.592886
708.398688
738.991018
2256.100815
560.325006
1355.987122
-357.557416
2066.993362
699.786917
2034.263631
1105.043435
1283.134313
1122.434148
1890.117621
406.575722
1011.404996
1413.281606
1180.200077
594.894276
174.641434
39.348224
18.909018
672.645369
619.545634
903.707100
1749.693683
484.446821
293.957226
797.368864
1532.483638
516.519504
605.698595
779.150075
1624.378321
1899.998538
1442.120001
-135.438140
378.037189
1036.069235
1054.070617
460.197727
106.386283
1966.677995
855.895659
636.166607
1455.672961
1033.209175
1386.501921
1342.694962
1860.770682
670.199222
1485.164351
812.545768
593.748933
1843.695797
991.542845
1214.698811
1983.426900
1220.073132
1678.394681
645.890475
824.351940
1690.449139
1020.820016
241.741689
751.169318
463.065326
1748.926260
1359.030523
648.890143
894.080586
940.153848
470.878476
932.505458
1366.030718
762.028571
1396.324374
971.010973
1179.905815
1196.577185
842.646516
760.030667
1555.607289
1478.243767
1167.233926
843.118397
720.686235
213.028918
763.196672
1338.195199
439.789178
241.039996
1026.081088
1303.244023
1432.049654
957.424944
918.970526
1024.321110
1285.344086
1212.985968
630.765226
1319.485699
1210.227497
1102.323603
952.905083
828.668477
836.769895
1594.188154
1603.722549
916.198139
1032.875881
1535.635757
1175.004087
1907.740095
1351.967802
1298.632671
935.927518
813.933918
441.290956
412.186465
1125.749732
1454.355348
1205.371689
1127.083943
1295.138134
375.862146
548.238902
153.928040
989.821220
926.477624
847.102719
953.222166
306.485856
642.145187
1207.644331
845.993570
341.266717
1313.948401
204.030752
1681.587831
545.062058
654.010829
942.566428
1522.159873
722.344879
353.690122
1804.374793
934.446497
1040.707675
1690.485957
296.610299
752.717092
1075.433213
1158.909513
1224.030858
1665.862801
1097.800838
621.774631
1006.109903
780.234983
874.483665
591.810100
1887.235801
552.199374
1573.881172
1318.345410
892.929968
992.594658
1037.103569
1849.550819
1575.016266
597.040578
1176.758684
949.413851
2302.939647
444.196819
1360.573017
1217.397463
997.807861
645.200760
-8.403210
1388.226774
1360.512740
1016.618393
796.667328
1509.178170
930.328895
1391.774950
297.204364
2007.087076
992.213636
1150.277906
1847.058567
613.053482
777.506913
1282.761561
590.481616
1450.051571
-356.089078
928.724838
397.066696
703.597222
878.814724
394.850203
1666.415077
1836.662441
1440.587069
504.132398
309.512815
1252.482213
1435.527713
707.204687
1687.769794
917.269572
508.421812
681.252899
1554.965423
786.842069
400.315638
643.932814
811.323947
898.622993
1508.962570
1453.172227
624.361365
543.927588
1259.362818
1033.209195
523.670231
1623.244457
854.661544
843.546502
648.970478
1599.344702
925.522424
673.233658
400.043904
1098.777549
33.444690
680.101851
1566.748796
817.614002
668.052363
325.459983
1154.283750
1205.837549
561.927126
726.912084
506.951468
1497.229043
962.728670
1569.801189
685.086045
1925.484289
1417.689199
1719.156819
854.087104
1762.676988
1339.306551
409.295326
1017.398187
670.460690
1643.688558
901.444538
1090.016880
1475.202417
1048.054025
1663.745975
958.576544
1415.315416
744.651814
2418.742260
1132.813435
1064.354529
1093.079453
730.429662
1396.123164
639.782001
781.179504
431.608361
34.055129
181.581509
1314.744341
417.285588
1628.984030
758.842475
787.735564
1775.879307
666.438555
943.027803
590.209706
1140.847948
902.876076
1066.941342
1014.522123
1013.128055
545.320378
1483.821883
1369.463787
1055.425229
375.718213
495.685924
841.052613
1342.704521
1224.598582
1212.263464
1773.073564
729.329527
768.408439
298.462726
580.870447
901.869481
-262.187398
995.621796
429.549265
486.971547
1301.475527
1681.329532
728.639294
1245.643872
275.671285
1608.292779
715.659860
1147.804660
1379.137864
1059.632593
1045.538506
1337.100983
1228.761375
513.854577
-77.347389
792.985784
1566.010184
1235.398645
11.752593
623.335052
280.339300
868.839873
1400.078112
1549.065655
752.523544
1342.461747
1086.398611
663.477860
1163.454160
440.376634
903.566227
1853.325244
1183.110256
1246.707573
870.181553
1205.553645
1110.900046
890.710180
837.230667
1227.105318
1034.590438
873.678672
832.580718
934.704456
-65.753836
520.220862
1648.714015
1144.343691
1242.892924
1220.607038
871.694460
852.172533
358.971791
1258.930116
1532.744060
588.010350
1521.949511
1840.574858
350.037147
1695.902136