1363.266839
1097.067274
365.627154
1379.555695
1245.091991
1037.596308
407.944279
1300.509876
1509.306405
108.130984
809.458427
969.226657
1229.206522
596.387277
678.364446
994.062423
890.364858
1336.463769
1247.837490
720.529496
1575.490135
713.624158
1408.994104
111.313586
513.471770
1509.113228
761.492533
932.468872
791.263690
1452.484054
932.878733
1110.998065
921.673484
837.974758
779.178127
656.082162
983.459673
419.459348
400.481542
1455.800032
674.340774
1025.886156
669.220227
1026.499279
424.746102
1241.577092
356.521869
1329.508775
979.670213
1124.308233
813.478381
1172.400339
186.593749
1273.232086
1686.807702
1233.296554
1081.133070
882.527457
38.091810
1093.075497
687.844668
1234.274801
968.026737
580.741872
663.966829
863.832034
1284.047195
1571.857626
1536.555677
928.252347
67.293418
791.866558
1389.561563
999.723915
667.319254
1482.426166
1480.080847
1086.872679
836.564132
1304.446653
1002.079575
499.535653
53.792935
654.855631
537.734560
690.791339
1005.609696
686.178923
91.362072
1085.701068
1134.122720
1613.499745
1502.422375
751.015247
1237.209517
-310.211890
1731.621215
1136.749326
939.270890
1518.522798
1090.328733
255.440847
1003.747509
216.819176
669.406807
1357.829203
1322.225463
1219.111918
1277.630784
1806.429806
892.923429
949.542165
1187.702647
1241.249480
1464.855103
966.885413
612.694457
433.544809
1082.745714
524.630045
1650.737894
838.956784
1287.543427
2165.806140
1035.234040
1171.160564
1527.508292
-272.487934
806.880891
1752.947326
-28.277210
1351.213770
2209.561369
986.477733
1431.966824
1536.508903
2230.615427
804.324093
292.171131
-140.188059
510.949797
1286.134753
-17.346402
201.083451
1561.193341
1628.814797
986.402879
149.303170
214.176933
799.039977
1198.463734
1556.021157
756.537108
979.017146
1170.039947
1438.412092
1383.407009
1205.494165
738.494065
1041.253969
1873.589264
1474.772288
1000.514053
992.882091
715.131304
976.535834
772.813996
1136.968015
1499.964264
1244.271140
1007.521545
713.281244
733.685301
719.516101
816.936870
917.012268
1374.122251
501.377949
789.107042
604.000162
1026.922132
674.422496
132.162125
800.023633
1516.953223
1615.559031
475.064847
670.317197
1222.758815
1458.193537
237.626426
707.345158
1316.032033
1053.964157
663.316924
1007.681496
1018.657912
605.010749
764.902642
1043.321880
1279.071105
1434.399585
1311.058211
866.340310
1307.874308
991.713297
1658.524552
718.029405
1314.913372
1155.394815
395.657902
654.363852
884.837489
439.842461
1146.210726
1421.844555
2045.633237
881.533900
346.242386
818.682324
944.903432
876.471581
1619.278271
657.427975
431.009976
1550.220617
1186.511652
1154.801537
655.781840
379.860189
1239.257640
326.400381
477.108679
1025.706457
808.756506
1133.316216
1163.253977
974.330048
978.300706
888.956778
2.209128
1638.534812
1147.290405
1422.724972
1444.297681
634.801959
1570.323401
716.273151
-270.021542
999.923299
1471.092224
856.679040
1828.869829
1889.321513
745.918598
1432.519250
1305.568474
1237.607254
899.936308
192.327413
732.977994
1371.083948
906.495564
361.529819
1896.849035
-81.933351
1137.309515
978.357575
944.559900
684.121038
1613.238303
575.890327
1159.836679
574.998121
301.758197
479.737477
1299.100728
1205.868624
1008.214439
-207.674709
1380.970034
368.062610
487.947838
482.251540
1263.341137
1448.122959
855.997401
865.425025
1460.905348
1252.463743
872.973972
1229.549635
380.011847
463.570673
1046.770132
1818.115715
726.589082
1038.769455
445.104574
1170.368008
728.818853
1748.727487
878.715615
862.501223
1008.121130
316.342228
1510.143859
1093.900331
274.000355
1161.401953
1852.973996
1535.679803
1282.831839
674.335329
1647.488699
762.482203
1307.769570
-253.888018
1773.169312
928.382460
1382.115829
1119.436067
1327.420282
1517.560871
1541.500683
1475.254777
536.954271
615.481136
1063.228359
1761.814772
1232.256850
814.313195
1160.406827
822.514099
1180.696078
771.232050
1043.207545
239.145478
712.302811
1020.949547
1222.397823
468.557789
1652.270545
1321.730380
217.348051
1022.327959
809.989563
1069.299396
573.075921
-123.558995
914.567482
989.873648
1225.612181
698.738254
922.101387
1641.248843
952.057513
880.647485
873.322048
519.315382
1052.054942
1312.508636
658.717115
1219.629402
609.895358
291.208420
1804.424539
50.336840
1226.953447
1209.815697
769.212221
768.823237
1000.984234
892.277403
1492.810222
2099.264074
573.628418
90.494221
1653.406420
733.327390
279.732612
1012.278058
159.700398
740.621960
677.210602
1818.006928
1097.394180
711.606746
869.146628
1954.957712
1536.173952
942.639825
1725.981396
1115.844524
2104.541608
323.425420
1860.077522
476.418167
1198.847288
918.927724
1702.097218
1078.889739
903.597000
508.609247
679.168431
613.587453
1355.353517
89.144681
818.941731
1684.310454
1315.182388
1528.592629
1494.739388
1191.952342
1190.025801
602.263376
687.018733
918.357208
1391.633107
484.828032
866.173097
1160.429253
661.774460
963.351862
1071.838533
1191.920203
1991.696189
949.765262
616.962271
1553.674451
900.105124
500.122939
580.964950
808.494643
1057.681322
875.279303
1266.926596
1938.533150
979.633676
1206.321958
974.706900
1137.773730
958.478730
895.128723
700.518922
973.943797
2395.866870
1023.868004
1314.597501
727.427519
458.846025
359.550532
1921.756788
544.252872
353.805975
726.628999
1038.149280
815.840143
1943.020079
818.075531
1107.600461
1617.571544
801.726767
1352.027327
-242.118588
1243.717167
823.738942
674.547539
501.518294
822.051086
1476.480230
1903.927114
1284.074612
499.462951
829.721047
620.272028
674.151438
1158.654404
1520.948605
922.543344
439.222173
734.336406
508.504411
1227.760314
1157.244957
1515.035773
928.192325
1211.748370
1237.252304
876.469054
1089.402898
1240.859263
349.156496
1492.814989
723.176982
1554.732243
1472.387382
888.212501
1280.763853
80.390012
402.860840
1386.234263
388.967889
330.978586
423.451367
1469.574515
1498.442925
860.408941
1213.419444
1251.424334
92.504652
1095.773571
1617.274658
1015.836394
1002.456040
896.938901
1373.538953
240.012352
1781.617889
765.550413
1085.048790
1637.146734
1007.692080
1642.217061
947.458722
742.725245
1114.911375
917.604197
942.090853
1170.527277
702.369601
607.282009
856.094101
836.918261
825.668734
433.540218
1184.686327
1426.613943
804.113658
248.193121
1258.483361
1400.739389
1184.306484
1489.708107
1516.476119
1223.430315
510.669176
1443.368224
1135.502128
326.659600
1358.678543
1123.222501
942.434763
1409.825329
1190.487406
193.367403
1603.333158
1047.094004
1397.302202
765.077327
1093.460770
785.819558
1025.164543
1280.406022
937.487114
1493.122801
728.083502
630.469774
486.800258
1517.748623
224.863295
1151.507395
1297.460487
1274.798822
1123.210835
1147.650297
2034.382900
1922.330904
1551.164945
1618.445983
864.910813
1349.732431
375.670130
1818.538228
1108.549943
1390.588617
1367.481267
1137.551585
683.055932
454.039188
745.090076
737.246142
1109.803196
474.430057
486.574905
1494.955304
1339.372345
903.310855
1633.538074
827.801684
2205.905626
687.712056
853.136855
1136.858811
380.290577
915.746996
1127.891566
1745.998313
1139.900216
1455.165857
987.687725
1375.176763
718.124451
663.759149
697.718502
1479.583840
1092.978060
349.260939
1011.905540
1715.684288
-321.739146
2158.238780
1936.007832
1320.800439
391.282527
1553.981079
953.579193
1831.305110
1347.058467
2065.130157
807.951539
1969.457006
1434.045957
1173.456173
1671.374093
1920.233902
891.346601
1077.938974
1269.901721
315.208673
55.214381
878.242453
1577.524800
325.194857
-420.390307
598.949760
1674.937327
928.553687
878.995917
947.461081
180.797512
590.598368
775.765016
1533.835162
395.176566
1219.460200
332.913506
1526.595561
489.238657
521.370104
1519.230171
438.984681
671.153307
636.042568
1013.641341
1267.856835
633.056717
577.263314
1203.386429
435.383605
232.556182
1161.581421
319.168085
1157.847427
1418.904119
627.032977
476.627698
1342.919546
1015.628157
608.961734
989.745566
1150.447509
877.848800
1262.525517
1424.423040
1452.611034
1120.144006
1822.593279
843.409941
1722.302185
1237.365948
335.731197
1362.739547
558.004947
1451.242975
697.060348
1161.347835
1441.601421
1917.231659
811.942724
620.601585
2188.017680
1118.005148
1978.883092
1354.004131
425.267150
1060.087549
1907.858659
950.554326
1302.851571
2074.312711
686.872318
2151.374594
594.182886
1922.786060
1508.872856
867.783947
951.511600
1468.083376
829.757229
1191.084717
1143.543564
1166.136036
1156.555597
599.524354
717.706960
1174.876983
1521.271485
1155.404810
836.580862
1036.629537
1273.672607
1122.128154
853.416655
385.078142
841.035567
-1.210875
1378.986811
1710.900611
1147.789204
1510.250087
713.161412
1465.565199
1098.905223
1144.420976
1605.645576
128.521931
1301.678410
1198.137007
1991.903240
1029.328984
1870.800030
344.407800
1658.371314
884.035415
263.488981
1088.424904
481.672742
421.250334
205.850779
676.791434
1415.605437
116.750884
1186.900909
1423.912616
264.725330
1427.261573
1789.790698
985.731867
927.796374
453.676391
1367.478448
982.334216
1309.265027
1005.184269
1207.633812
-45.001541
821.015039
700.334848
768.567137
1054.786368
1307.553565
267.735338
1079.398364
759.644879
1739.200034
1322.426488
941.536068
950.337936
1572.113141
1066.201992
648.179742
585.220947
1193.846317
907.617492
909.116608
993.413266
1449.075265
1528.603150
487.131802
1548.175818
1165.794517
1845.032589
1038.249014
1314.206048
493.529004
953.974859
1371.343321
1467.513049
695.138820
691.353399
89.037888
1082.537701
1108.039495
1069.570081
1469.695899
1036.809535
1095.704597
816.775880
578.277293
643.007929
1502.340969
848.953307
593.244932
550.202103
370.925003
1470.016049
456.149064
755.013482
869.750468
957.756978
672.875928
744.197317
-68.866099
973.292715
1231.961879
803.794172
856.511540
1895.812208
1379.087818
1007.374862
819.745983
214.942668
1048.401860
736.564249
-158.828518
1101.107148
477.184003
425.857706
1015.540335
1267.336869
1487.335439
1691.598532
1600.897439
1658.673575
628.773293
1249.117656
245.383172
1344.911749
1216.011314
-444.591734
446.831227
998.324827
728.021352
1193.518919
510.643527
1655.878882
613.831320
1147.246642
765.860046
929.421953
745.983209
1731.108511
803.134627
307.939218
630.037430
1038.777289
1166.301630
1069.494854
747.029024
915.253580
777.782362
820.624999
1518.628483
1123.195582
1039.948753
498.659705
609.727406
430.996758
584.708598
671.103341
2025.742905
1628.517401
953.692524
920.403969
1136.801279
1141.706013
242.554824
929.180721
839.498903
257.454630
860.554974
792.347305
1006.936839
2308.485099
1547.659810
941.538429
1183.211347
1124.865706
409.537053
1359.005624
593.968494
947.139202
917.038531
160.370327
1492.994423
1410.161512
831.415557
747.322338
659.502332
1089.735095
899.880075
1644.312664
602.765975
1496.105442
848.858409
42.905834
1564.557034
723.685220
611.775263
1022.093039
655.167786
1097.721433
975.693830
1691.754607
485.944952
959.873904
1538.775602
775.274572
235.162470
925.340294
409.146745
770.082297
799.699657
1416.866784
728.473131
465.523981
75.833651
1784.038187
1117.797705
1198.677229
1030.610777
1374.587553
1209.883301
1042.101660
1139.833999
828.112929
584.420744
1805.930444
1965.762953
852.519497
1350.520978
1034.872707
1299.734644
998.882037
758.603985
1470.694603
85.852181
217.804015
380.180894
1011.009547
973.129776
1582.491747
897.867434
462.757442
531.196860
277.986218
1123.068425
75.172841
329.602500
832.467863
1359.053874
879.204543
1133.782945
561.432765
1061.001677
1209.411031
375.199927
1733.018737
591.914209
1675.528581
936.024334
178.961743
1463.355414
677.428868
956.832807
954.041384
-41.597636
1476.474477
-47.322761