952.522940
1063.825949
996.818063
1048.283479
1090.774577
1179.895953
935.548623
965.365266
1078.607239
901.554494
1034.533817
1054.890012
1105.973979
938.387984
962.994689
1090.173687
1115.227696
1147.133037
839.495753
1027.384386
853.118586
1025.688501
999.364233
1028.275595
1208.888516
1106.235678
969.772158
959.109723
980.860428
1180.345642
922.027840
945.317120
1197.753774
914.810671
1090.499188
1262.646367
985.471620
1122.260148
946.540381
1217.383919
1080.726787
855.792304
967.301223
1130.232755
1005.930023
711.427449
847.464268
1089.174331
763.310313
1053.693867
1211.382624
1106.232673
1095.299893
1210.624878
1036.263367
937.244033
1066.538068
916.508421
1078.421401
996.824847
808.983113
1042.483984
1258.236286
1156.628872
932.670328
1032.323461
1032.469828
941.061669
932.786914
837.401120
923.301280
808.496270
1004.342535
1271.690771
1270.984462
1018.204245
1051.909082
1067.795248
869.943113
1045.386721
1083.634031
1299.489079
1100.705811
748.621950
920.458990
1100.143418
1166.807620
877.151408
896.857914
1059.801260
804.911140
969.383194
947.537325
993.799740
936.376315
1057.009493
867.414730
892.767910
1018.172336
910.476636
853.846566
922.559371
877.311802
783.575231
966.230531
955.693932
930.501774
1160.105158
769.444980
876.531075
869.889846
1066.503451
945.787057
1015.247396
1140.643393
1020.514472
1033.217926
1015.184790
797.519665
1060.438838
932.871424
843.733585
1091.048665
1133.550517
1052.918398
904.190044
858.108565
1017.130129
1141.010257
1010.315094
710.257868
1232.048651
935.597528
919.556019
985.062910
1047.099607
1067.158450
1045.456540
949.994473
971.346929
936.706579
888.120608
984.351329
1096.426076
936.264860
817.969755
974.223708
944.204193
706.805594
1091.330909
1075.021192
991.495935
1104.535634
851.673615
993.418765
815.084460
1077.397278
1044.612505
1139.558954
903.282429
941.951682
1036.072569
894.151332
1283.481089
1034.836752
1029.706122
817.249035
1043.882334
864.460652
994.206331
882.759371
911.091102
1251.411693
1053.463957
1024.505610
1081.532641
868.247002
955.699386
1079.488440
1143.386004
1133.917790
917.863361
749.939818
1144.256498
964.837663
1204.163538
1131.145350
918.208123
1142.100999
999.639193
1003.720828
739.784344
874.930176
1016.404689
1004.304614
808.387409
1167.933553
1079.413799
1128.800015
1157.016518
926.346976
1200.064507
1052.840446
1026.580983
790.060235
986.368141
1060.038611
1222.740287
964.246527
871.678983
852.856803
967.227067
963.333960
1010.727095
1041.479743
741.062868
866.752299
931.214515
829.707158
1162.962887
794.028976
1049.680200
1147.043044
783.843162
1161.557411
1120.837960
997.309360
1215.376004
833.611860
1108.074733
1033.022346
995.135236
990.484073
952.287431
916.813476
980.926695
1037.439296
903.902392
813.376970
1072.200889
969.787580
936.463027
1009.624452
1044.605220
1028.560152
819.754871
1027.815217
1102.960910
956.793973
1227.111406
1085.325163
857.630539
1077.792778
972.086728
868.675445
1021.055029
1220.343765
982.476429
957.842382
1023.296669
931.214673
1135.196394
1043.397634
952.473273
1068.402315
914.841787
1098.723864
931.251332
979.645361
1122.584582
996.885271
1100.091493
797.511861
877.830612
912.617726
1109.035788
1201.909948
902.670397
885.471660
993.669801
849.415299
905.585365
908.984964
971.121991
960.751389
1099.603769
874.776026
932.953289
1011.980489
1105.842062
1055.121897
1016.170125
1034.292979
708.192847
880.388199
963.601520
1087.207200
894.147109
1124.162797
854.181012
1163.167406
980.741586
983.157121
1134.037784
892.070482
929.646368
1010.105716
938.267895
1142.917579
1153.448387
1006.703626
1006.768874
1044.032295
779.722067
1164.416671
997.503253
962.417159
1043.369521
1032.132349
970.996796
1071.542085
1094.196412
1107.060013
988.660327
957.389174
912.346711
942.713666
1082.982659
785.209484
927.208053
861.296543
1176.078490
1042.101579
908.816646
933.788603
1107.023818
940.213149
1009.886067
1041.676612
914.235532
967.507074
1105.949540
868.884792
943.292888
1010.620393
920.902837
904.514463
894.646796
936.259065
999.127867
1099.863489
1232.374568
1017.338790
1022.375107
1070.039945
1033.112247
1244.820683
970.179435
1069.623583
873.893895
1049.482529
858.872841
883.611639
919.418854
937.264519
995.696627
981.564421
983.203130
1163.709302
1069.697394
1083.594350
922.815570
1128.784583
1050.660317
1093.329421
981.158940
1065.416705
1007.023810
1012.393781
900.325966
1009.126932
997.786376
957.060053
1030.964163
892.188323
1109.418336
1112.986072
1198.190986
1133.512144
909.899929
1079.819633
948.754572
981.020739
897.647930
1051.674033
1106.499091
1148.314999
1103.330256
927.088408
772.122826
897.588625
1079.390038
971.944527
1004.499144
1043.600115
871.485960
1060.231477
956.738871
1005.860002
964.704356
1093.521938
1089.528355
945.612805
806.786797
937.307119
1051.537118
921.930124
895.334281
893.680412
900.283319
1022.461261
1189.861579
1146.117100
986.508995
927.510590
962.663967
894.568039
1075.352798
1083.150756
1154.466079
811.323613
999.059352
859.887696
850.678207
1049.147958
1083.138817
1121.918986
1064.070402
854.100307
1127.446662
1031.839730
1017.305897
966.386590
1004.470827
1037.276851
1039.759408
1125.142370
1030.473096
1052.325974
818.783070
903.824733
1015.506771
989.862658
1122.890111
1238.736467
982.265543
830.769261
1194.934232
828.916924
1021.944210
913.516384
1097.582145
1026.621111
1027.870667
935.758792
1038.628175
875.324718
1082.430759
1057.843631
1000.795770
1075.212887
1001.791835
1132.204241
1007.546762
1113.823875
985.095218
1081.877369
862.474738
993.919631
1133.145107
994.755957
1041.081673
775.748615
809.069668
1010.554862
862.563776
995.550535
1080.466387
947.876444
991.526754
1194.815879
1023.467905
1080.093612
1108.829460
909.900012
939.156261
1045.115328
1029.157207
945.980512
948.891665
884.160308
1129.661119
1166.106293
1032.934663
1136.510888
1059.698764
1001.797743
755.804759
919.944612
855.030937
998.549485
974.936470
1070.904635
982.988316
954.260862
969.312298
960.452861
1070.645290
1166.876234
1131.223186
1119.459194
916.069060
902.900052
758.497711
929.436116
990.552595
1071.876553
1021.021685
872.036459
931.035616
962.576473
953.413384
1022.251651
1103.908359
957.600865
815.909547
883.390399
980.601809
1020.078503
996.945441
904.697793
951.779739
1009.905209
1062.916808
1083.427995
810.890203
998.902306
1105.201503
1035.111784
1066.624140
1177.779741
1140.116362
1012.843973
930.881914
843.215016
977.874620
876.270384
1016.925149
954.535937
1047.979663
861.658042
1025.309451
1225.274687
910.004685
912.572060
959.468546
1124.402124
965.332829
968.434880
1083.589414
944.027027
1190.476727
1168.154955
773.747380
1026.396793
868.797250
1142.950660
866.300659
1106.374774
980.404191
1011.062095
1090.430223
959.103963
1174.353967
911.970229
1051.292448
846.597525
924.969752
1085.677836
967.308705
1190.950296
1077.278817
957.706595
744.026374
926.958969
917.395146
1141.555335
994.613200
970.560395
872.285969
1061.828603
1151.789692
893.830507
787.450824
953.764795
1202.704664
1147.400148
1081.880447
1039.357784
1033.426451
1063.769557
1066.004885
1084.054735
982.120383
902.294691
938.934082
919.516564
1176.931699
1056.452138
868.663824
1054.683964
979.271618
1048.180338
937.640908
867.998853
925.162737
960.255141
996.216654
969.067090
841.943929
953.052440
1092.594130
959.807901
1307.363452
1102.880881
885.469781
1051.958100
1088.760195
994.775992
860.786550
1081.277299
969.870379
897.557010
1083.484174
1021.603998
1049.359020
843.957728
1000.860631
800.990341
995.039297
997.738099
1029.473584
809.767033
1076.968429
1013.029732
1135.936158
923.654362
1017.495695
1019.792777
877.760733
999.652460
1090.140600
1023.439917
1072.670538
1007.070384
1074.977851
953.003460
982.984742
611.356095
798.471582
1073.704407
1190.407367
829.738540
926.700459
1006.381133
1057.415314
896.723093
1143.407645
1147.724297
991.141972
1086.960305
895.314203
1179.348150
1020.845858
987.606693
898.921588
866.267287
990.444739
864.073890
1001.116603
963.259674
947.290285
971.458825
1062.671354
1084.861655
901.503430
1079.968534
1087.756694
1021.463260
881.707265
1112.154283
1043.842893
1087.318021
879.455143
910.377932
1103.684092
1064.903102
989.563425
853.204727
959.204455
850.424144
1030.945065
964.591902
988.321123
1158.149883
968.791467
1100.340752
970.744801
957.807497
921.831459
969.633026
910.276995
978.137696
968.981733
951.725026
883.860555
905.381310
1089.852304
1254.269866
925.971231
947.916096
961.525419
893.250826
970.497164
1081.137320
1121.637630
847.436477
960.978684
1146.616308
911.233084
1249.963982
1026.356736
1166.627367
780.740854
992.342633
1011.324649
1139.481651
894.668342
1047.938959
1109.410271
1051.597792
893.504997
1017.193920
884.048704
1146.796972
1108.081327
1108.651900
1004.288551
973.151424
1154.523805
882.901454
975.321485
963.551066
1118.748217
1075.541842
1038.102994
1105.907123
939.764791
954.095253
830.552472
1019.398290
994.333780
995.874443
1107.760802
949.826892
1072.015283
986.864467
1071.965967
1023.723595
974.402897
1127.915288
989.193473
933.391396
1116.949847
719.629691
1078.945126
847.782232
974.241586
947.073600
1022.193417
952.574956
970.217310
919.438579
1045.384608
889.474088
968.695147
888.063601
909.982960
1145.875091
965.658880
1082.454320
975.909571
1012.698308
1046.032307
1059.998192
1125.673429
1046.374147
1043.187210
961.323323
1022.236789
1076.256995
976.188945
933.888656
1077.297262
1030.929612
1018.644040
945.205406
957.740248
829.058573
1014.945620
1035.072008
927.193596
1079.865518
962.918692
917.953388
792.085667
984.258599
972.691945
860.545568
942.730612
1022.202232
902.287478
1080.197580
1013.941325
1228.936460
980.031931
807.498050
787.051743
1114.558956
803.460151
1187.808129
1098.430451
1068.323679
1204.566323
934.289159
852.655260
804.576077
1029.609291
854.111217
987.780593
921.592310
1020.631704
1005.320487
803.638751
1003.784848
1014.967476
987.973330
1106.026286
988.258668
1117.221454
939.938102
1098.290386
1078.459154
951.220118
1384.221646
825.240381
1097.794482
1042.166542
960.387307
1032.458766
981.154879
1156.342386
884.595621
951.715322
1077.487157
849.254341
941.373929
1152.860486
1195.221335
1149.925040
994.522326
886.999210
953.014997
1202.433217
809.090095
1045.738381
1120.117051
1060.828432
1112.349037
938.551879
1017.318352
1055.322787
974.469869
1098.900631
1141.455622
1111.403319
982.630977
991.790054
949.944036
1133.807207
1109.700330
845.919488
1201.617167
1125.898144
1118.694236
1089.621338
1029.501447
1048.155913
1023.890107
1019.369026
1184.723858
1251.091602
853.516798
1030.183066
1094.162503
1102.225778
961.608748
835.222640
1059.496898
1009.280986
1084.470558
871.895987
998.366620
1165.770198
1146.519902
985.165577
886.324142
1175.113444
881.752146
1007.211281
989.018547
1064.064191
1169.738867
974.989422
986.339035
1130.394161
855.525429
974.964928
887.761796
1070.854068
1059.884144
968.325160
901.840642
1069.341631
913.923403
1050.946559
877.135923
1146.305475
896.433141
1025.875892
1099.918302
1033.989283
1007.765106
1097.705828
940.435853
1168.257134
1093.324598
1235.278062
928.832301
1055.653325
924.501611
958.969826
1048.999294
999.184292
1005.223224
1094.184608
957.595338
1334.911708
1046.029334
1073.233266
961.312731
756.506346
946.980376
1005.253572
706.992023
872.573827
1034.199825
839.954381
851.702357
930.969352
1013.688196
961.867451
946.875938
777.666345
786.056466
961.291858
948.237749
999.744093
1024.962418
1091.262726
1005.390829
922.404978
1131.516618
1048.300557
1009.280955
1097.516272
822.691737
975.393015
1007.508391
1047.296856