806.284174
475.025944
1385.123108
1055.955968
1528.654092
1142.121435
1290.327979
1054.076112
1035.130461
849.403920
754.698922
891.914118
1278.867899
1241.019764
995.438687
453.200217
1141.529682
1613.489629
862.306199
716.194555
1602.651983
821.022478
542.132348
1019.649953
982.513932
874.860144
686.647717
889.840135
618.779100
1192.731695
1112.289412
1277.453560
1184.382719
908.039121
933.198415
218.106896
931.824860
476.881686
828.208234
1341.810148
1640.307650
687.189603
976.871781
1361.042554
763.360687
867.991118
1191.314954
1353.925713
981.396141
425.253730
1024.759796
664.782189
1344.105343
992.515849
1062.880657
989.930400
1015.415763
984.669515
1055.345537
1367.774507
337.987348
978.229670
780.664357
566.904446
1051.076294
1642.815761
738.295264
1190.483692
1212.113498
1504.184551
633.303885
736.014964
817.778824
1208.405791
1064.232122
971.587438
973.692667
184.569059
504.650976
860.239239
1244.319946
1071.446900
1255.523706
951.757956
1233.898977
1437.579604
1776.821444
284.976961
562.510317
549.162465
1099.320028
954.535018
883.997725
234.961512
1192.872230
619.066245
1039.945859
763.789505
447.836729
1540.524479
796.375720
883.306859
1002.923183
762.504620
1106.780922
2326.714739
1612.608408
835.986239
895.484408
744.392866
749.190079
1307.537580
1080.147917
1519.724003
906.229599
1251.912151
1408.461240
915.247044
1197.317046
1085.966930
810.164536
1595.478342
1217.033632
1235.991841
664.862515
1582.515615
794.621349
1330.834008
1061.387740
1244.658389
977.003789
844.919555
1510.625519
1197.740002
939.280353
1362.671262
799.273163
835.038609
1380.906600
723.263619
1494.161135
954.257753
1545.448691
1615.023615
1106.810322
577.909206
879.974489
881.371629
1083.565195
1031.210141
943.886297
586.162269
887.880928
1071.489264
956.850259
776.982214
1132.816344
528.847247
810.498936
1023.084387
1465.404076
1323.207739
1438.132162
930.861307
816.312545
739.470098
1084.601660
1113.346217
1121.097030
822.269992
574.319259
1261.598456
1626.887329
1013.297609
794.558368
1110.974202
1218.054021
842.760394
435.022577
1359.743436
1457.149353
1335.235848
284.373724
1769.194744
1058.121143
1304.068833
870.593906
342.328533
967.491411
710.417615
1161.309510
1953.016764
1557.629002
931.807043
1293.519477
127.449167
1476.097264
818.442160
1305.408377
1052.863762
790.562684
935.852450
657.629901
1159.087744
897.240836
803.228011
1237.507706
1519.493854
871.852608
841.339342
557.129437
963.990216
997.584311
1205.103738
596.889838
544.467532
804.832488
902.440059
472.729694
917.133648
375.537645
1161.332938
1088.382389
922.918544
674.496055
1576.221097
863.058838
605.915073
1222.934367
1031.382932
828.640095
897.566931
1329.897730
1372.577829
1304.944810
925.234957
568.403033
527.524980
712.399433
859.202275
905.019770
1247.177242
988.600129
1208.665526
1150.312686
1156.007717
1340.834810
685.380158
715.758303
1423.546741
1173.774240
1607.263083
1275.916519
866.885402
1458.789496
963.803810
982.265473
714.033569
1704.871730
781.471675
1476.227828
761.726710
1437.276614
760.435829
1362.517913
1138.968287
758.934862
675.564779
920.290298
1334.207407
928.107284
1099.862162
1403.202291
430.298136
1814.054954
1089.793653
1219.609317
1128.767434
1048.195201
486.924048
1048.922568
1115.407928
1349.752321
1531.340797
887.912421
1268.829475
635.620466
367.595960
491.248266
379.400519
598.296499
337.717721
915.474239
961.491185
1332.848364
779.583220
1388.693529
844.040484
910.683655
801.830768
1271.597024
739.307166
1100.442180
659.866879
978.638848
1545.218283
822.108713
948.340226
1437.263429
461.401242
249.842793
1123.102212
1196.935692
925.813485
635.182655
942.067941
1122.907850
927.183034
1215.554953
1436.518054
1182.426168
1410.717322
1146.773336
1534.739420
627.916716
590.683419
776.310774
1481.180453
626.388412
866.261672
1532.645769
746.240951
1257.067443
1314.428418
976.493082
1742.705651
885.181579
1061.932281
705.574851
851.191286
795.537274
650.861015
1014.548433
1131.807863
1059.856886
230.282209
640.693012
1331.789950
638.731546
924.660932
1274.206956
1082.600632
1462.526594
673.884242
691.430578
1053.920140
703.950766
949.524183
1166.073900
1195.665444
1591.930197
1513.571349
1389.152610
237.042986
1607.053531
1037.786291
610.574644
1467.319709
1337.617952
1023.246666
453.732803
1279.788506
845.627701
852.942196
1017.173784
615.051368
1329.552664
1348.102210
888.000159
1050.626111
698.668656
288.029866
1130.745358
782.120291
1348.133821
466.284179
480.088658
860.704111
1837.574255
851.469238
798.728530
500.957720
992.362136
412.179439
1057.952788
1499.093229
505.487986
1199.458341
424.223059
783.109772
723.163403
1053.965346
476.720174
919.009220
696.986887
767.497769
1213.949236
402.380379
697.571649
1116.712648
894.267049
884.232744
1302.479191
1310.359396
867.088585
1423.514876
603.706244
783.895820
730.711083
1022.465989
725.955923
447.908449
1139.489493
1197.735329
1036.678211
993.416669
1046.440464
1318.293709
1366.177267
1247.013637
662.643341
1430.003161
202.559711
1320.013329
826.485344
1118.936041
1228.120499
1364.287327
1239.702554
556.290682
1016.386640
1242.525951
677.389209
628.890111
972.359800
746.053868
1077.186822
950.984388
665.258136
957.948874
1249.780476
690.185183
1167.336017
1178.016033
595.183645
1698.367426
1274.735111
1329.869439
1689.076151
1178.959697
1192.984855
1320.802805
1473.778296
1260.995828
991.450673
1128.001683
1836.272806
1237.690048
593.856833
1045.301985
1204.928087
434.691205
675.741995
1340.870329
789.633045
1204.331842
183.076640
566.437525
843.299430
529.603441
653.105861
1184.470907
825.876119
992.408189
785.832052
846.975335
84.625590
396.591627
1526.835790
498.978990
1009.332238
1026.006693
862.073467
1202.007358
1062.010384
1514.104272
1792.306345
1311.717174
675.820692
1439.057471
791.928887
510.284373
810.270325
1095.218563
840.507623
-31.407189
1147.275930
1514.402963
931.210596
847.520609
1215.532900
971.081940
1256.894634
791.509608
1148.156665
1391.085598
855.092869
957.793929
987.780837
708.938640
1007.530234
1035.847908
736.097210
1001.997861
1621.194847
808.851460
673.790425
428.091203
923.013310
1103.405942
923.205631
1048.093281
718.357814
1161.888011
1240.716439
1237.786919
924.550027
1060.639440
1015.367785
1573.086932
1507.758485
1095.582265
837.329851
424.128149
860.937554
1086.350532
1040.391323
1642.244142
905.436469
412.123554
1268.324355
1333.804436
714.083095
1207.498254
1107.484563
1206.918579
1168.691899
1441.325181
1035.044556
1164.186592
742.424153
483.972322
543.006379
691.591178
1700.929062
574.857853
1333.759708
518.171254
1148.774953
1109.053127
1213.044862
853.447412
831.344762
607.091482
600.513409
973.231377
1186.477664
770.788197
617.683410
1661.541817
1395.290379
1483.090932
880.140963
1069.963772
1028.519454
1156.033785
837.969706
492.254807
704.050115
1397.988928
1138.365360
1335.897171
905.766675
1286.959081
1252.512570
857.501971
950.978418
1506.193856
1648.733496
1155.418124
1346.888050
1236.612726
637.770670
976.664905
740.330248
1022.146316
1372.008907
1184.360473
685.706416
1311.487828
1301.171514
1077.149817
1191.542222
886.278888
709.944076
1029.622162
949.780294
898.695937
578.835805
734.305747
1132.219465
1122.775899
923.648276
1100.365302
1303.581622
596.658841
1103.148155
1982.163058
1609.468107
1058.652010
1423.432611
1497.518805
1041.721006
1287.681678
370.255496
984.035898
922.333896
832.273474
717.902707
491.184796
873.873258
1183.749019
463.144508
1049.270998
1227.859181
787.219888
258.457143
1300.797975
1529.941605
634.813627
834.863053
1108.114143
1463.170609
1045.429456
540.345558
1166.341244
887.956159
631.437466
611.652970
828.819429
983.030394
751.402181
923.918653
1127.293280
1804.591572
838.918506
354.431125
1221.537500
643.951756
1092.781357
1043.596580
700.540153
1036.005123
760.396098
1034.710038
940.399187
883.001212
1528.574595
903.818183
547.886247
493.417602
1088.820639
833.746250
517.478781
896.948175
1430.116357
1237.593315
331.978408
544.920916
949.340991
1003.857842
516.850394
1087.138482
974.508910
699.138206
1183.150416
504.766213
1146.535364
777.561632
720.704044
699.306542
538.993347
874.164990
1166.978846
873.451507
802.686820
1029.128037
1518.762621
936.762596
783.176903
1115.583812
438.837785
494.685730
850.575957
1464.228973
1538.245195
934.959142
678.350411
811.478597
947.341555
804.491700
660.741834
378.334909
1165.601422
1102.868770
1579.191256
1144.276682
768.595801
1083.022983
1519.321337
955.326341
1935.550767
1140.035166
824.556986
1062.546829
1490.276698
1325.295549
733.264483
1305.752647
360.255850
1011.878764
1277.364007
1008.036156
974.588500
128.190438
1093.340365
632.662727
1706.996660
1340.177735
694.866081
500.152450
1013.583129
1173.773833
955.148855
1427.831399
1406.192255
1136.202299
1090.428792
1016.350661
1029.169828
762.959689
1675.668563
567.426377
1224.863505
1070.933905
887.967823
1896.166654
827.240455
937.599983
1223.343647
1352.701595
1501.711862
1055.663938
1489.501841
260.350625
1190.567118
1478.143337
1077.315389
1708.776849
1483.806819
571.018974
1020.322760
453.930451
747.654810
1562.509477
826.222006
789.460064
1206.645397
608.767453
764.253471
797.245987
133.330904
1714.862604
867.585561
637.852743
561.616023
995.232719
1120.343403
445.778562
968.937335
895.506965
905.091380
888.823010
1788.065495
1127.285898
941.946483
562.214349
1248.370089
1029.057750
1333.734952
1116.795373
895.666755
905.192158
286.848100
1414.713535
1239.789053
1400.833826
1314.594475
760.773146
949.674837
688.900293
1798.000253
1046.540122
700.442707
856.454660
1357.261462
379.359677
1185.870791
1298.601541
540.919047
691.134404
1034.819424
426.111696
489.972573
1169.186195
1409.927593
1349.869062
1113.243782
963.365660
1519.094253
897.362589
1161.463589
1052.493989
834.667082
1371.179271
1134.094778
983.016359
737.580183
1249.564234
990.324326
1702.216180
1014.200063
1946.765278
618.997342
841.466794
995.855845
1436.717582
1465.698566
906.079626
1203.047748
1575.514604
679.416082
1502.874668
1306.015455
776.588516
924.051695
916.457090
1347.225519
770.531298
987.605569
809.444247
1423.753937
790.595412
1346.516377
768.386734
1319.172460
1188.332765
676.423536
1278.353566
1222.293294
1227.041286
1042.198086
1197.902085
680.656873
1926.866971
1167.500012
1264.937848
156.491467
917.502705
747.595475
1188.367049
432.663945
801.302295
1442.774751
385.077083
1476.722803
1301.187514
1172.422572
794.963428
1272.259146
278.900593
974.783569
938.667286
875.650371
1092.917263
1103.713610
1177.275855
1024.878993
1044.954090
938.825661
634.010200
689.953600
461.881341
1075.134338
744.339196
1115.978276
1218.161263
879.199041
1452.107269
1090.857872
1531.737349
1099.173308
1234.007699
1219.621727
1014.589101
1035.874901
1547.333645
409.454259
715.131502
414.791230
806.303687
748.190305
1429.555998
952.201172
1012.326764
1421.078476
1431.757027
731.595746
1046.729738
1096.510423
1017.797423
1247.371292
1230.333733
565.082560
1099.478975
307.374030
1184.710209
718.617977
477.489787
1324.667715
1516.003053
910.316409
445.213944
942.701597
1361.997257
1105.099202
1134.614131
730.888235
983.382606
1078.949825
767.637480
902.100948
988.529086
913.609987
1118.041622
1396.833537
236.445114
1429.109221
959.205330
1043.649885
521.849325
513.982386
1450.809306
1640.619260
688.802638
1064.859347
1101.021852
1054.821082
814.939732
677.903407
1175.517456
850.406934
785.347415
1085.255086
812.365161
1410.410412
491.648665
1298.484358
1241.298951
1256.563472
445.665089
936.457555
394.895284
586.536401
1576.251519
1462.466838
1206.613533
1195.249362
607.250617
1642.684006