1093.423390
971.683155
687.543490
915.939335
1200.283391
1117.305176
1295.772584
1326.705196
1413.094161
1030.387052
931.160053
1139.227324
1043.784581
937.270487
498.302596
899.084181
1278.928252
797.523386
958.107488
979.946555
1216.465433
1515.561562
1283.825336
1636.331506
539.055903
926.265480
1085.380199
1106.099016
1487.556259
1027.062581
1466.463235
1187.895353
833.684533
809.151430
847.041277
1008.771472
1181.199090
688.226413
871.907645
510.317280
665.515785
608.179953
861.504522
151.730422
976.821671
1191.498089
893.830006
1236.715613
1019.699875
935.796674
357.642426
1441.875378
992.076852
941.205557
1094.463764
425.373931
840.842383
846.987908
847.898765
594.674205
672.656795
583.667919
812.191091
1296.989132
1461.053407
920.626898
993.277890
796.563266
697.670980
1140.749384
777.278550
386.407196
1523.109749
1462.646153
860.750095
1160.917366
1010.140976
1085.271555
787.637915
1354.471718
1114.645563
978.479118
1255.225425
1000.916333
790.722899
1264.862897
1139.496142
1208.927662
1246.806912
870.500103
1148.021324
1377.298164
903.445627
812.314126
963.350780
1153.506115
1045.510251
1171.259233
962.788610
1394.403674
1262.595603
894.269321
781.401127
1638.241862
560.602024
1755.066077
1511.489266
1021.145837
1487.682906
1215.571883
896.306796
1261.950382
1220.724094
1196.916782
1199.370356
1294.678404
1293.334386
1314.883217
1257.928985
1199.576033
1096.969611
781.777077
1241.241264
1323.095356
1085.686328
1043.092543
1332.362017
884.851198
1208.991272
792.382223
1373.334739
835.371395
962.553427
1209.658192
1434.180828
967.485595
1167.885890
913.643691
701.674083
622.598724
1136.789623
778.569413
1438.860400
901.498618
477.515884
730.018516
808.228714
1376.370968
1314.577582
1141.535033
701.970363
1100.465585
922.316044
1048.976117
1035.542312
1169.053256
1083.019561
1001.684263
870.397153
917.334948
1190.637191
623.870656
1018.371987
1085.388483
1186.822914
1587.005797
1465.751698
1555.221973
379.647869
639.401830
1186.434747
908.554879
1299.541090
795.648285
1359.791111
947.862448
1379.631206
840.950518
881.599305
1034.857326
-39.459885
823.439305
1163.636403
1446.938061
971.883443
894.771124
1154.890927
565.311352
1009.887779
1777.656791
473.529730
968.208711
1198.240534
1227.134724
1008.075804
893.278623
997.225831
908.906492
675.084845
1166.933790
820.235347
1560.191526
1527.063067
964.541680
1090.735428
1110.103108
966.936739
1222.553136
1215.554929
884.034495
1044.255634
1178.286868
724.047587
586.151935
1405.594521
1579.601430
998.014491
454.948803
931.588899
1788.010821
886.588218
630.276425
1211.419890
1631.551197
598.761112
1664.872655
913.184117
789.427366
618.196290
665.382259
912.204876
1571.431369
945.962554
843.737206
1203.271029
1290.834436
740.153618
1875.698466
1494.723364
849.511268
1347.619787
565.770209
930.191592
521.868932
681.076209
985.702101
750.159680
1051.229247
1134.947857
727.528212
1147.634569
633.061949
550.553803
611.957121
538.735520
1039.148088
535.333910
1166.132183
132.293789
880.796053
998.188921
1075.009010
1152.002981
1333.576885
1215.598448
838.968571
1455.828652
503.852614
1165.793487
436.127765
676.185618
1132.951999
596.113565
1042.118933
922.670980
740.522149
381.421663
1077.262926
1137.082410
1266.714214
618.328049
1258.215729
546.431102
1591.727947
723.934073
1241.087927
818.613388
996.518098
1409.045616
667.014500
1047.967490
963.533619
1039.014303
1101.435418
1217.599224
1260.086113
1218.233347
929.342693
1461.265861
865.309383
737.560531
1024.866155
879.850655
872.283895
1312.240382
1327.718039
1235.782126
790.467490
881.198352
1009.084019
1256.427149
704.670180
1470.711751
777.844449
1217.849142
1109.984461
1507.440517
1405.211630
1011.299422
957.868249
708.328007
841.164701
735.164001
1208.739372
1135.922361
970.434160
788.379178
846.835752
1175.212359
998.707257
814.468131
1077.431146
75.795956
1149.171658
809.163151
1088.396325
1676.859484
1212.028945
1104.357322
431.432494
818.156905
1285.831308
1257.994821
701.068669
1013.238341
1255.590970
772.009383
756.942740
817.971115
731.309630
845.868866
586.255089
919.891513
781.361418
1430.963384
1236.455152
1091.428709
1177.262437
1003.335689
1649.478613
1385.501625
950.758254
1112.138714
1189.210467
1127.653949
1550.462403
806.158849
1283.092516
856.342445
1375.571224
1629.695377
1036.159335
981.481797
931.339738
1337.789761
1003.970462
1167.623803
1148.110447
646.537653
1216.571844
440.785180
1070.409630
157.568465
822.823486
1176.155822
783.512854
1122.272069
1035.672279
797.995136
271.075287
1037.254562
1457.586345
919.592871
973.166380
824.612996
660.598498
1103.127797
1247.105477
1612.422330
1525.764978
774.147244
1131.586139
441.060383
1216.319926
1329.943045
693.198189
1108.342510
422.159591
922.930861
1324.441698
1623.086015
839.541173
942.257999
1296.934285
814.667522
807.199361
1283.204355
1550.429097
1323.436669
1171.413418
1381.091245
1180.820371
1208.995077
1175.566293
958.701854
1200.400598
1161.637741
1330.520453
941.507983
1170.875841
1529.752273
1127.299774
861.935884
1079.348379
759.578954
926.987039
1701.537776
994.707060
675.194858
1095.505243
900.943044
864.255546
266.116915
1299.514166
173.129945
1076.371917
1117.268562
1124.758885
1131.182834
1886.318446
978.416679
1086.693932
1011.917246
1321.880484
463.761029
1305.203774
357.360858
666.175115
658.014783
740.365698
646.542651
788.975047
755.901478
1315.363934
1249.426250
1083.705051
1172.862015
1192.401553
1246.495626
1182.704587
1379.099495
904.764984
1045.729011
826.105245
911.330836
937.026280
1155.875889
1320.070657
642.145704
922.484110
1010.905006
527.587023
1138.085103
1355.445358
1192.530781
449.561535
1798.367108
732.502947
1035.263005
1233.721260
1303.491601
1252.916214
1281.467649
969.150698
730.564678
1042.962462
1393.494233
904.744126
1079.830440
741.783244
1111.568818
1101.870343
742.942920
801.011515
1118.041262
1831.089180
994.950301
855.352656
855.950223
1403.668668
372.977830
1107.391942
434.818434
419.765317
673.778495
848.225077
881.509445
683.166206
1290.978622
1547.245440
610.331926
1048.874287
749.239845
1312.926667
545.059970
787.353605
700.886950
533.971968
886.963476
1244.968854
1420.329445
573.397429
801.337113
888.767920
334.161753
992.883688
944.743153
1216.525925
1041.785195
817.089164
840.608300
1123.198725
754.333713
1052.023530
582.170255
1455.730769
1136.934489
1467.186713
798.699940
1087.703204
478.439575
1162.456305
863.066981
1234.620305
1034.679960
1080.281255
1045.615433
721.587226
978.680755
577.191737
1417.498600
1429.987433
1036.425549
1295.767657
705.869650
1065.486142
965.546112
1159.766857
1019.140437
506.577373
106.175534
712.889926
918.283532
641.515540
650.806983
994.239632
1913.988535
1240.749068
1321.076202
1021.434680
1049.595865
920.360428
1202.454814
1339.288707
1003.714263
470.234968
1057.018599
1235.449825
489.141161
1049.273837
409.251868
976.429540
590.911561
1032.632547
1196.809945
596.130852
1194.830117
499.389081
1250.597833
1107.583179
1134.562011
1183.353295
1167.796818
380.742007
1441.531692
915.336180
722.791004
1556.403113
936.856524
1546.626946
1130.989744
1418.723864
1128.948734
840.848403
733.981264
940.792535
1100.599250
994.015565
1240.810659
837.738523
589.675163
799.538753
663.283958
963.743896
693.223952
1174.923818
1059.355365
619.603372
707.905138
897.859728
1421.989206
673.226162
402.533271
380.424992
1375.434285
1213.669412
404.202931
435.710488
971.543247
1219.124456
1666.050553
522.653881
1042.753982
354.477150
699.228567
836.228635
1028.936176
1226.545789
1097.972498
630.113044
1022.391451
906.499212
759.252383
927.751952
880.105965
632.954039
1152.851364
1343.912811
847.584766
1288.807009
954.999260
862.602302
1051.884259
868.896189
1246.294089
1214.240234
369.469657
642.908895
797.475104
1085.931753
1266.456411
828.786463
966.764270
1084.137417
1111.815531
1658.305677
1251.554283
761.231195
556.505195
1119.955118
1267.550037
422.729631
1295.534972
1393.111054
879.143586
1362.191668
847.653372
600.614354
662.836387
1083.602677
566.930311
883.295565
1084.501815
873.042483
1093.331731
982.889065
889.537919
1275.578008
908.476881
1167.411854
1107.463337
1516.519944
796.751449
789.628508
184.612953
1382.093274
1092.854897
1361.480046
1574.122264
1203.142734
1003.759363
747.771364
810.128346
642.867034
1582.784817
587.875371
668.794121
1304.678937
714.435916
1066.655557
1042.482100
363.352876
644.275831
706.517618
661.291684
1448.275289
398.473034
979.157674
656.120352
510.284255
642.942405
1246.186670
467.242681
651.523033
947.914088
1320.971244
1208.559653
793.159459
981.748911
1280.609602
596.910434
845.702253
565.995035
541.468519
713.013993
274.889511
983.105214
1335.448817
932.318943
1053.145251
1010.429260
1049.749018
1029.379030
1303.485410
1078.419614
786.758347
1344.381238
1110.492804
1031.917939
847.559109
1158.942421
1412.334476
851.413860
705.434658
562.187134
700.766739
921.999308
666.022251
1344.095432
873.485160
929.578900
1194.411149
1143.758776
1012.816779
430.639903
911.407727
745.547335
883.567886
1414.511216
620.366024
1544.708505
1392.402948
1143.950905
908.130523
959.194262
1306.197105
493.662887
849.182676
1107.906236
1051.302107
1355.704571
708.519499
1096.692382
719.008886
1333.164420
1365.959222
878.464985
919.454167
938.862701
658.842719
766.311746
1306.269704
1376.373996
792.069375
647.784147
723.856292
1087.368601
825.127015
385.869135
1041.421481
467.887537
1029.625445
939.413000
709.885013
971.184268
945.093101
645.287339
857.970840
896.123012
842.868632
1249.116068
805.880342
1090.210122
502.826487
687.763572
1488.353213
1155.384394
1269.072061
1380.219007
1398.981130
941.750884
1400.198118
1260.654273
1200.554109
1626.087603
929.152384
1217.538706
733.817541
1404.277344
1044.709909
1203.110323
927.258687
487.596558
279.457586
1497.586847
1106.197354
935.964910
943.357114
1110.866460
1002.760149
845.725696
416.045797
1180.264912
1502.470287
649.689216
775.537317
913.859486
1261.512417
1315.764757
571.073046
1311.583842
1028.077248
1410.378523
877.329408
615.514218
709.519060
1790.176302
597.625687
828.452101
1292.333648
994.396654
798.519015
845.349516
1090.900961
1232.907569
419.332072
680.080502
341.012797
934.440533
888.870369
1000.751160
815.163199
806.796083
1014.161778
946.985324
968.661520
883.430938
1135.097508
1184.224758
1206.589746
779.246058
1316.970063
765.319286
745.922578
624.910379
328.925796
1039.327012
840.759043
1133.114562
1044.884600
830.578575
1133.906790
741.008340
1118.955315
573.984260
573.470894
1574.416075
1141.762471
684.384123
774.212444
1085.161849
1038.580609
871.366136
1108.309118
818.789558
963.057626
870.146483
936.308457
896.827512
1003.794592
893.133956
591.823711
1450.697153
787.362496
1528.011704
1213.217623
981.969068
448.362019
824.655360
1006.166833
1744.764716
1046.808194
680.362631
540.530261
902.548762
1175.753967
577.473157
1134.557183
1345.252585
725.372437
1184.344975
520.482499
517.476581
1257.321207
861.290952
921.475931
997.468124
1696.658202
1233.432403
899.767453
632.507817
1164.291574
406.189641
1063.862509
1330.821489
1066.880399
891.391061
817.227173
831.468707
1587.983442
1649.488633
1498.327069
1253.723772
1176.780852
740.375120
961.415915
1158.972376
850.054275
1108.181449
741.220624
870.673598
1257.160238
1393.957496
834.994608
1773.904517
1641.255330
1488.405761
230.060498
1254.454327
1267.378873
1090.185397
1659.122821
1109.839794
1302.387242
1059.363545
842.091011
983.196690
1073.620157
310.944022
1068.372441
1220.058633
701.194192
939.506012
909.302638
1357.768740
1098.436479
1409.317017
887.517575
1313.127654
1441.742520