828.251653
1244.842156
829.313633
1032.017243
757.583782
1244.940941
1223.484673
882.999684
745.724160
1024.569489
954.126089
752.869677
1263.311676
984.152028
975.006155
1250.878103
994.931331
889.066339
995.375832
1385.501254
1016.136198
1150.891735
554.169346
1137.970579
1204.731659
737.373828
1083.327553
900.502549
1205.643818
647.641375
1159.270904
1373.650404
937.943410
420.157591
1031.054346
994.234024
953.545090
1158.411469
1158.554434
1666.793631
1221.252630
1127.569920
952.003412
734.241106
1047.717246
807.614903
1009.678868
855.317570
1084.447739
1063.472913
848.973463
608.613857
1097.554098
780.675608
812.064886
767.151309
1085.312951
721.857417
1177.400167
876.513283
976.601369
1159.957413
1342.733124
1061.277402
978.388676
1035.546630
1354.460812
1401.869498
1108.079626
1056.592205
1301.846967
699.814588
1007.917515
1124.243426
925.183041
1089.676755
1456.679917
992.147280
765.318649
1212.525201
1173.548796
1025.232741
1370.455017
816.716797
953.261590
1161.216604
500.215784
1310.275218
602.290371
614.584593
992.964750
455.579835
908.195937
1262.581340
894.004590
681.359886
808.515538
1361.318088
1383.708069
1282.309977
889.241118
1281.096424
838.669108
924.969767
1048.195695
1433.336060
703.381007
1319.663165
986.202236
665.829076
371.865652
925.995291
624.016285
1139.305855
1286.612115
1217.936920
1284.727418
1008.534016
1179.926834
942.981375
940.486524
1164.415426
982.992633
695.806021
998.827072
671.835578
1144.355347
842.908262
972.302932
1263.734724
1352.237748
793.976375
1313.132994
707.402547
1311.359775
968.326470
1137.098110
1069.557081
1034.499027
1030.021969
783.695035
867.939254
900.475271
458.235662
1229.789448
846.836133
1031.779806
1389.895362
861.510623
963.391830
1138.815810
366.276435
936.518648
1128.099473
766.438638
488.560902
924.299542
1181.769674
841.522263
1060.712927
1097.620592
1200.180285
1261.744684
1267.978784
1699.217502
686.097171
1131.239511
1004.578116
1118.320971
1047.275234
524.489460
1018.101781
938.161062
862.926225
874.052491
937.587759
1063.946419
994.624359
1177.444459
1173.470016
914.073326
903.974981
1042.748911
920.876272
788.740545
600.091597
1066.079205
915.692375
858.390696
1409.097877
747.927376
1356.181500
1015.427888
834.129697
843.945923
1283.218230
949.413063
625.621649
381.027360
1059.189192
969.903994
971.777850
680.723589
1159.848033
664.986790
1022.004496
1363.187299
1003.856630
882.505065
1251.142639
854.484872
994.304322
950.223701
839.586949
766.916554
1053.777414
1080.224227
1381.896939
973.220889
1183.409158
1198.209937
400.070001
740.721343
1040.356537
555.304021
1150.761640
895.499051
900.888519
1367.647687
1155.069626
1232.468044
1232.853496
1012.173377
766.947943
1066.943529
896.372732
1366.013768
527.775636
1298.435215
767.365603
1172.586161
968.650831
1164.950246
1327.751567
1103.418260
1151.684151
925.291048
594.871045
1167.863201
1179.109387
835.042792
677.764889
971.937849
900.737809
825.290356
1579.193699
676.494957
913.658484
1308.976176
1151.122986
1060.557859
715.002097
777.446196
1420.054612
1265.087891
1461.337734
748.744146
1084.647217
1067.847843
651.245138
1183.089720
991.562841
1260.983731
990.382138
1103.112405
963.887606
929.656582
1171.296445
1082.144420
1456.661569
699.077663
536.274451
1141.839897
869.783693
904.702951
889.385521
951.451347
419.697815
858.116727
618.731153
1081.063063
791.940456
812.581551
780.883185
482.226618
843.156496
1179.325312
1008.756980
725.518089
1131.548092
897.397032
1089.207042
658.925997
1038.178414
826.700058
982.369562
1191.057089
649.422766
1101.630530
1139.861985
863.328829
1010.743503
1009.096428
838.801410
1177.170557
672.536558
801.611108
1303.043851
522.401586
721.773045
1070.357490
1245.626003
1402.512850
786.442913
1001.404091
637.741677
1250.099914
1009.038889
1143.387536
1630.077078
1058.858866
743.240648
1216.498215
1422.845490
759.224942
758.489411
1200.050175
567.933325
751.128841
1275.048230
730.543795
982.964901
698.742172
1404.800969
931.178331
899.567039
900.768557
1101.821117
1446.112806
834.202475
852.934294
1078.550168
1076.314489
417.945849
1106.905029
476.173992
1067.049267
1074.311260
1163.401506
972.412506
758.653484
1327.660368
830.233150
1072.173846
978.801638
1118.737697
1217.436305
1323.416960
905.689541
1003.848348
1320.511490
1135.813724
967.179035
708.936069
737.612493
868.806736
936.875647
727.612250
1125.438320
1041.891563
850.747217
1349.288646
1341.537351
951.866038
1056.438610
1026.421159
1254.178590
1126.562355
1098.063699
1249.912761
1243.719524
852.885059
1102.846348
785.817044
1330.131266
837.778855
1107.193896
720.989759
1115.374244
768.573185
761.974753
1041.020842
1407.742129
386.449789
1051.212195
1139.235771
756.926879
1339.824213
1170.735504
1400.242405
1274.389607
1087.913150
870.620028
1084.139461
846.708179
736.081706
903.366465
1504.155722
1178.396601
752.608272
1068.791455
772.106903
930.830855
863.726372
786.156724
1078.585379
1277.603749
1129.711895
624.266545
1054.193256
838.822342
946.566091
798.887347
1405.697705
1158.846313
868.695024
1335.491621
547.560675
1304.320753
1065.426921
1262.727185
1432.764953
652.583690
1428.874566
1059.543328
954.485084
852.526262
818.541657
1256.867878
1078.508639
785.344042
551.146659
933.400875
675.713496
957.970371
1161.143282
887.954027
891.714678
1249.344720
1124.731021
1252.987649
771.191490
939.942188
808.186078
928.522751
1202.058943
931.663854
958.198466
1082.853578
848.956796
955.062624
1199.970533
1030.113610
409.319438
1482.010287
1218.284406
797.004743
1083.504502
1027.139807
846.154299
1308.372743
700.529114
1467.492062
557.961566
1145.683675
800.473611
1069.977192
948.135029
995.331493
861.776896
738.978742
1124.784566
881.607004
1107.528873
1336.224534
835.848460
1322.566722
978.720506
1108.279169
669.937586
943.210446
1126.294614
711.775847
979.788634
870.993322
969.587224
902.839778
1067.152599
952.055731
1083.210939
657.981884
441.621957
893.623595
981.088478
789.917750
1135.953674
865.342240
683.079897
1155.751744
760.473448
828.148954
974.883455
816.755768
910.079660
1124.801134
758.777461
817.811120
1216.816715
1490.541547
1010.941573
883.455441
1103.259160
599.372143
868.596239
1003.337818
361.254773
687.216935
1177.941325
1039.051425
1224.713347
1046.564339
624.819085
1085.198464
1157.685075
856.931457
868.654838
746.506672
991.688980
1118.680995
1145.167016
1182.755520
1025.695522
964.679660
868.688347
875.058803
897.193288
1425.420051
1166.232130
720.925702
1071.265030
844.075298
1384.739809
748.827647
838.628946
957.905259
1210.898261
1307.858626
819.110769
1188.323232
1088.136574
828.085723
911.838141
1160.000383
959.917560
834.349928
788.484021
1107.358403
878.534667
1091.598310
849.377662
1158.324799
910.529049
892.728995
1048.340697
845.459525
1080.672733
804.270816
935.880675
1021.515958
1444.293089
806.907149
625.404473
826.464834
1139.474554
774.296744
1112.866406
780.092493
1218.176801
1174.655311
1302.166294
1163.055018
488.930604
1017.185526
846.043250
1348.797737
980.165238
1378.537220
1043.527941
1084.668844
1010.280922
1208.235439
1071.841786
1057.678367
1022.770402
735.474279
857.498317
1118.494655
875.084459
1322.161555
587.059825
878.955230
655.308901
1224.333499
811.668437
1298.688991
993.073031
702.130744
1156.176971
1316.380239
551.925984
864.723703
905.871759
774.263551
973.801322
587.449107
1036.777968
749.946988
960.882602
891.941215
1029.548860
683.090525
906.060001
1348.243815
906.015610
1127.428823
630.877499
900.524254
815.526275
1364.442319
1370.544625
825.483176
576.746339
1293.679357
1148.022844
874.991450
757.568728
887.940057
991.851325
1038.170680
1054.228434
1360.287794
1013.131565
394.960632
1115.198501
1269.627523
1012.993050
904.392104
1495.593085
1007.763150
779.008104
841.966251
1078.611286
483.186369
1035.397260
786.378133
1397.373517
785.860015
966.593775
913.417634
653.016463
1162.807677
1407.151309
717.074610
911.326660
959.896343
1090.861254
1169.082337
1448.830286
1043.928309
1466.126372
841.806471
1314.643903
662.752989
1244.017887
1054.421071
930.387344
581.670926
722.996086
1384.561371
631.415025
962.282134
699.222075
1422.045000
684.607537
1012.506116
1092.579523
829.029595
1146.941566
1127.247330
1064.623924
966.798927
639.856986
1218.033740
747.366640
1255.304886
866.041285
1160.381098
846.106559
1096.286377
1105.927517
1232.016877
832.578691
1164.637292
682.865776
1192.498137
1178.753895
1792.809328
1022.977570
1226.580094
1582.565812
833.955979
895.218731
923.691447
1046.166810
1034.982776
1170.533687
879.305349
1085.462735
811.793588
705.472222
1195.619471
1305.416488
1200.158333
919.320946
1170.014417
1319.258024
1551.377107
1226.079254
868.084598
1232.927571
1259.446576
1091.479878
1117.217709
1291.873224
828.617976
685.765278
914.509171
998.520170
809.828936
1224.618923
1110.194882
505.663004
1444.814486
1070.416248
974.728386
829.303728
542.883239
736.581192
1112.855976
819.198886
1241.986953
719.221565
956.918896
933.979409
969.897259
1532.723166
1241.691044
1015.939856
655.508698
1272.986491
865.667196
1093.850355
1023.209749
862.241704
971.673378
996.619046
1187.801291
1439.657414
819.207773
1115.930200
980.717353
836.389507
1132.812793
1233.982176
698.806218
1263.161559
700.880077
638.392657
1311.066396
689.830478
601.891510
1133.682782
914.832775
1275.121170
1003.082592
848.411273
639.577308
519.394077
1305.033375
612.446651
719.804807
1261.909695
555.468845
669.685708
1381.127174
1127.754990
983.450204
894.446668
808.984677
412.579236
1250.374482
1118.839231
1154.449284
1074.640622
868.245134
869.225573
1176.067222
1413.713951
837.551459
960.326951
490.508671
601.262136
741.397014
927.425505
1014.582807
1474.197372
1064.929795
1170.558310
684.592787
1093.729532
1476.786987
921.422405
544.137603
703.607121
1437.304211
1093.764155
650.372876
1207.017267
1066.779636
1292.896745
428.316628
830.231655
960.340994
561.291335
922.283232
680.979743
1232.456688
1425.238032
1393.921822
594.937274
1478.805606
853.544628
1134.666298
1264.041692
790.019674
484.801944
1520.368766
1232.246344
1026.325606
1385.165565
1059.875345
754.024945
913.213119
944.047666
895.796657
730.097970
1069.022421
833.323638
1188.962805
1372.393598
888.369585
1038.543501
1142.266308
1115.413487
1165.899766
1098.610096
655.226430
1026.297695
847.879813
1391.204804
851.124760
850.565587
1245.999877
1239.355031
1176.839746
810.490730
993.781676
1248.211632
1118.113014
1053.355067
994.433054
709.342400
749.690191
1095.252905
1200.682638
857.757414
939.534631
746.400744
819.011372
1310.721539
1306.225535
1105.705552
953.582173
570.364896
615.192223
662.842998
1003.603725
1118.375599
963.573693
1369.889908
749.889015
556.273737
1159.960025
765.798568
945.876934
858.317336
931.261956
792.357988
1189.154872
1182.652845
789.916148
1290.546934
1180.293543
1117.355925
956.843049
590.313871
1100.400277
862.048457
473.252658
867.773963
993.480441
776.711000
1159.898869
1240.130362
1217.090737
1116.250709
1034.421952
1125.861636
744.172975
897.908591
1063.076362
1009.811996
635.924824
982.909206
976.810983
1273.480279
1008.717951
1116.444741
758.960401
1100.417476
1141.582566
1129.388653
1243.173930
978.087378
621.904407
1105.507731
823.615356
748.111231
1285.402641
1315.244511
1167.603071
992.374439
1088.949688
970.926027
984.297628
879.907599
802.493377
522.446885
826.542129
1276.732339
915.787103
1056.278102
627.134053
822.279016
935.925774
913.127726
642.690960
1082.655388
1190.592877
388.790891
742.846805
1194.136629
996.193144
863.369999
985.257992
855.902595
909.914067
925.872886
760.957670
855.342397