1762.785081
342.307074
1615.932903
1403.049438
944.087866
782.103681
989.395974
1456.502659
866.300180
1128.226925
1163.061190
1139.784391
1411.624211
1241.409804
617.760733
804.521781
686.115563
741.194906
643.596926
1102.802020
108.961763
984.109632
837.191958
1776.422888
1354.317965
1092.107413
1090.957790
618.754685
1095.516549
758.718387
1865.782744
1184.890704
1291.304965
558.607398
1272.671414
828.562550
1202.368480
695.167974
1469.637903
1435.513669
1236.209269
1151.690780
1262.352087
808.211789
1360.382247
1358.230097
410.378303
1428.315130
1126.577192
824.476545
1015.835394
1037.743369
502.909763
1136.088985
854.223830
1874.543391
1196.403546
862.310283
702.785884
1316.539109
944.579386
706.709868
295.737052
1381.813879
611.923419
1047.514680
1588.099715
830.848825
1490.560796
912.012234
723.835887
1241.700909
967.640656
916.469985
1054.377055
708.693588
326.595234
927.618042
1131.796913
1052.221465
692.214122
1091.720606
579.629439
1346.816965
331.427959
1305.800657
1954.186708
804.336702
1311.498050
797.679710
1391.320670
1046.770950
715.009405
785.889544
1408.757762
564.879620
830.464001
1013.309318
772.089685
1162.916970
172.107069
916.651935
1134.401892
514.845221
507.258188
797.913608
1233.636319
1921.999487
637.139850
198.730538
1109.134326
1419.912543
1393.195576
1120.661418
654.672843
1125.987162
1198.435157
1154.686372
1026.310209
743.233802
1113.053962
1374.321577
1316.294403
1116.394816
1747.703415
1696.534011
682.637250
570.679389
1141.444105
497.976264
959.976766
1442.355696
1190.660835
961.908988
729.013393
1144.822560
918.763687
653.490740
2002.028706
900.632515
507.210346
1070.179793
655.946792
316.850354
981.768345
821.989956
807.864385
905.535139
869.573443
1188.645158
865.398980
652.813423
1398.100506
915.458505
465.158836
791.148697
1235.092475
1325.478609
100.933250
123.656353
1137.767221
476.373401
442.531785
737.212650
1050.196386
1413.316298
886.111506
904.125802
1092.148527
1209.389359
936.782332
966.600917
688.143462
1123.981670
1376.926570
754.294393
1478.395005
11.330930
1162.849928
620.662135
749.469819
864.447798
799.820532
581.298507
1100.895304
1424.253332
1545.169645
671.925180
965.713378
637.191927
998.841598
775.760070
994.011864
552.203622
532.022202
2064.315164
1578.757662
706.179703
1041.768372
592.870412
1360.815330
1494.753013
1348.051829
587.317300
1357.715022
905.640070
887.933243
-348.073419
1036.524562
448.465772
837.450411
778.158478
633.934340
1877.065476
882.241736
1980.754337
1030.875550
1007.746633
306.401472
1032.181949
801.434937
937.925417
1071.645581
1715.254251
971.394695
1133.379212
687.239045
1597.013133
882.366585
1759.126775
1363.747574
1396.427630
1225.668660
1715.602189
1273.684592
1183.783221
1530.214066
635.093982
616.230163
1002.334120
719.899692
1522.186628
1357.410119
1632.811952
1542.379086
857.511275
979.752263
942.086042
951.946207
1513.201174
493.607254
1090.017709
1241.096978
503.093210
1262.142089
491.973121
1531.782144
891.042657
1172.451882
682.240712
398.730911
1054.594393
-39.359489
-90.990171
800.940319
1268.494023
340.524534
387.352601
1642.919268
1100.619123
266.773564
401.158697
998.277774
910.967915
970.242103
1652.486912
832.472425
1325.219114
1332.451601
348.407151
139.068326
894.768164
619.179534
1035.055467
948.680838
741.528283
998.527168
1477.433535
1164.113958
990.700114
1088.744798
1082.303719
61.614726
1115.289817
1172.851987
1355.416652
747.871749
1253.029274
650.948035
669.270356
983.342015
1618.034550
799.041123
742.094156
1748.364265
1474.526834
1525.725841
1196.273260
871.894856
506.676766
1163.818958
1445.305654
691.361486
1348.939504
1500.515557
735.334088
926.331192
1366.687819
1244.077656
937.397468
982.700214
752.928378
796.667461
1424.087544
-5.477857
752.468779
1231.769888
1071.663128
1153.047473
680.804704
968.530936
442.268537
793.030409
479.458313
1548.879079
1350.103558
1139.080006
1636.109920
534.868360
430.794449
1108.485463
1099.661361
1176.236259
1515.519917
928.715421
993.075318
1537.577350
1607.082516
1271.564557
333.023397
904.210023
859.243949
1014.786255
1297.919847
1460.499667
463.327615
2445.314680
1243.878662
618.782804
1379.315343
458.202018
940.824779
1067.743928
1691.318993
990.482497
1118.623509
1398.179210
1460.272679
1382.031522
709.866724
705.038693
938.583236
1369.573904
1251.657765
1439.350046
441.262927
-90.438104
1064.903827
829.221765
632.399967
1542.711905
992.684523
32.385163
781.581314
373.050127
405.364748
1381.755922
401.222773
1124.039238
1123.034077
723.716170
1276.950628
1442.023992
668.213640
1509.260155
791.422634
1075.713545
1404.432050
920.607715
226.922919
701.566177
1079.225639
1257.866203
1048.705509
982.292635
739.721666
1408.821210
1516.236756
798.946836
1108.591258
1606.675545
468.633117
1125.961743
925.670521
1338.355012
1083.708753
1105.914200
581.847850
757.271753
1398.187384
1232.964223
1157.257075
1136.152910
508.071147
319.616336
1656.913462
758.670837
1215.261964
2013.141454
454.688374
1478.743952
1205.725791
334.171110
1595.313693
470.746224
826.948781
1281.944688
467.405766
354.906342
866.431510
386.616439
1037.918305
757.140848
1103.461139
1511.592908
745.283496
1321.191910
1389.664177
125.936922
1628.160978
1106.013796
549.893091
1045.356636
851.424676
1632.452310
1727.631395
1277.783516
145.217843
950.880103
1069.169619
1639.673905
1701.266860
1199.604174
1904.474094
767.902108
1068.826294
447.703515
268.031779
853.661674
962.895293
716.184105
1571.513963
701.994639
1131.726976
903.286439
1091.133372
883.910322
647.514931
993.542915
1377.041457
487.888543
1830.484059
1902.537063
1639.157801
1195.232958
410.525173
1281.950091
303.698531
1054.497545
926.335494
530.744571
1536.791209
985.868579
547.301132
1446.224461
1286.947854
1027.162058
181.013560
1695.171065
1401.592538
454.683309
629.469560
1041.277893
707.164835
2289.049946
1373.980120
1371.437831
1864.781440
470.059641
277.904742
1351.220128
608.927256
1050.688003
922.488968
1106.001942
1268.914097
950.400665
1308.570543
604.697394
347.942916
1378.444872
1033.469324
488.486253
-186.890119
898.449860
1078.214361
1051.320489
1525.240894
1612.144153
560.944842
954.659709
1314.458059
1285.407276
798.633551
490.125622
1156.540628
1668.387138
1361.456955
604.051222
846.530540
344.924143
929.904100
511.100900
291.590477
1096.792128
1653.421661
1486.747503
1116.853102
1085.482184
1119.562015
1838.237866
743.781688
933.075473
973.177835
1405.336364
1283.654352
2010.350716
1380.428260
875.140347
873.207195
914.888663
968.092172
1260.900957
826.496861
1601.919954
722.386328
863.555090
1350.727832
838.894636
723.425827
1146.558333
864.068481
898.318415
460.090307
1280.363260
1136.536155
1027.824899
897.404441
1339.249374
1594.217230
233.966394
387.525624
754.630067
895.845202
1109.906011
994.654382
867.750248
989.543402
1304.728382
1192.083084
1124.143028
1260.851680
693.747870
117.555144
1345.737702
1339.191309
590.267990
1001.710668
487.592024
315.224231
928.269439
1277.089811
1685.974425
1276.068629
708.314990
1010.060171
822.384202
1164.955368
1167.786239
485.813041
575.511431
228.699001
467.180169
1406.363712
1209.442535
940.519358
1757.300714
425.790982
1793.244593
483.492255
659.966920
1521.623078
654.558507
773.967386
1361.333233
334.713502
950.492467
1170.744318
1176.950524
709.822451
1067.016472
519.797563
611.702960
719.228156
710.070406
242.197564
1432.039517
849.252706
1140.839847
1276.495559
732.000888
1009.810869
1156.444480
552.123711
399.941428
1304.289244
1217.930710
1131.978453
1424.068085
1192.001636
683.397524
735.574623
1276.664912
451.758860
1342.064833
795.350368
1351.344624
855.363090
819.123505
794.390792
1591.526973
1467.738196
1020.382016
775.552240
1237.953422
1325.866137
1107.905629
1047.848058
830.139830
419.546041
1030.159899
521.980148
1021.296565
1240.740638
1411.455895
578.368300
1023.120367
971.770667
1712.852194
1026.173822
511.073464
989.642938
812.209888
725.653025
959.625636
712.112542
1184.449259
1642.455247
470.730551
1189.182974
1355.192665
1446.425913
1548.227109
156.299360
1108.690120
1437.258771
982.295254
900.569311
886.901414
1235.667198
869.629870
795.876285
418.757413
537.511968
1462.883700
1009.702795
1280.673465
414.360266
-92.335518
426.415355
383.789773
1039.636517
1510.573913
617.285931
1382.092532
1002.771876
910.883322
699.002058
1215.787336
1280.913943
1141.477611
984.055029
636.808237
1502.656138
906.143519
692.777339
1937.355395
1225.714736
1146.645071
1043.328802
1345.883858
931.050756
1530.723508
1094.199327
750.852095
608.581181
657.909880
1625.753092
190.152965
1056.680377
1434.106862
1355.593839
1229.465016
1418.720053
1411.389301
1498.666548
733.385733
774.305231
1168.711619
888.427733
804.592339
1222.444062
625.229445
1207.313936
1636.889725
1035.233823
932.418659
893.308856
386.730147
1348.588509
1107.973791
1135.620447
1739.600229
355.912672
602.329166
802.468809
779.629561
1468.876552
908.774604
1296.582846
523.524815
1596.147191
865.540605
1786.034501
707.825156
819.060349
942.748911
468.966401
955.188306
-37.350385
1445.086245
1170.532206
428.671763
1109.613319
1443.521077
279.259432
1025.699603
456.311581
1604.781869
502.294438
534.008073
1073.483159
1536.689959
1341.240476
664.096916
614.141798
1102.010200
985.147398
1092.838341
1181.328373
1138.255323
156.166236
492.910405
810.019595
615.126513
891.841742
1646.361738
1231.524716
1445.198529
-1.863702
1497.344858
1545.943306
1014.431717
1384.675004
1617.591800
1254.446978
327.625842
875.464741
1116.276152
960.975307
1079.059811
648.587553
748.713616
1284.659020
1102.841911
782.971199
1073.453347
1385.837566
1309.888590
1298.807188
1383.112526
1333.563173
1105.588962
2077.873036
488.090081
592.403843
1336.689868
1213.426815
661.966419
667.712842
679.879120
2051.582597
1008.525117
1084.195226
1563.975362
303.911726
1537.646628
764.955428
1107.984920
303.678982
779.286544
1488.204790
993.193486
732.083420
807.377547
1118.120157
536.002851
-162.189090
954.517165
509.506068
1298.502130
1488.312526
697.551033
1426.040828
1341.462476
483.687909
1597.596963
1172.297030
868.672646
1085.421199
892.160690
723.563822
1441.923908
722.572437
978.416742
871.523214
832.039389
1082.929007
1437.641926
889.971616
1065.631506
885.031691
1182.228169
1073.337039
1546.526527
915.513699
1284.310697
965.896322
327.118466
1321.778558
1432.559037
1534.949466
931.641573
1224.666892
712.683503
1230.352585
719.508241
457.797935
1105.617639
1320.731529
201.828634
999.190228
660.484155
1173.370368
926.572496
382.112657
1266.226960
1776.206602
859.944295
1100.661207
1602.747264
492.160459
-292.450850
698.746402
480.916069
1324.744739
686.052497
1188.726778
1509.023116
842.997364
901.987507
1139.694779
1009.837124
1819.928840
1385.525165
1323.434609
596.246459
854.070641
867.774352
1466.797809
831.776812
1263.798333
511.866635
857.226951
965.400498
1626.160000
1382.542708
1384.041652
750.649379
1201.782635
1754.388935
1400.891998
1052.545088
756.753881
803.223646
599.796579
1677.053492
640.050566
889.633284
901.155002
994.942175
1678.804199
1167.359817
962.755041
1648.378808
1306.243852
1495.710384
1272.305212
1067.853023
762.133209
1216.536044
426.521576
1775.012372
1533.631251
-132.809658
1498.860547
597.871146
1140.680090
622.062175
1075.886397
2030.741121
631.693559
1140.340736
636.802211
1273.469806
243.478650
391.944677
1604.508173
1219.099743
849.327926
1529.962123
438.360834
727.669847
1298.879889
631.322179
461.805960
814.355523
686.575639
695.801127
1074.560953
1401.614353
827.081642
324.918461
1680.349693
1496.874128
1330.069340
341.813301
1016.393507
1377.611909
72.328342