964.285335
857.261968
995.797159
1209.263657
1031.627270
1095.359340
955.457757
967.245414
1153.909103
1002.451945
720.320888
1097.613138
1112.616010
965.113578
717.121812
1022.962229
897.022589
964.341494
937.610165
987.109547
987.120552
1208.614376
1101.690511
1162.404583
1096.468253
1184.509109
1152.518396
1321.347428
954.895368
1197.828775
1290.732045
1252.829804
1051.178168
1182.952014
1134.745348
986.874658
955.185858
1053.258468
952.089181
1283.447813
866.835469
998.271890
779.263876
1260.966612
1142.957339
1048.732604
964.294409
1074.893861
918.115191
1003.232198
705.404588
866.300829
944.136768
1114.663815
784.176777
742.939405
822.977344
1102.135675
1297.651694
679.977186
987.327585
941.092268
877.062942
748.000756
1238.102200
712.642692
711.254965
1004.091812
1086.914556
888.131797
972.706223
1132.594027
1037.003353
1142.654024
1174.924828
821.030111
1185.936311
1030.662994
775.389341
1091.252222
904.342356
1147.861624
760.719398
1137.381935
822.266012
1241.500548
1219.131012
800.310160
1192.019921
1088.263589
1064.710925
1066.797670
822.800390
936.454825
1058.475773
1012.463587
808.958028
1169.709529
1086.143054
787.417070
909.617123
1093.889825
1259.088750
1185.714970
812.080074
1037.505003
1287.163949
895.421376
1093.187992
1071.555632
1163.463003
1007.703698
1007.999293
1233.862094
529.624566
1130.521854
903.561811
729.854603
1194.695590
921.194908
1088.058385
1113.027429
1247.320296
994.047752
1389.676848
1141.223528
1138.618035
721.123399
1087.464188
1045.431670
813.565949
1180.318305
768.405238
1028.625108
1316.601866
962.321835
1254.124969
1143.063449
858.928190
877.184518
698.022911
1243.563223
885.322080
1269.406469
1298.490290
1253.306889
1055.278232
1098.448351
921.071763
678.201140
930.129582
988.310201
1144.360221
754.361522
1308.096307
972.555580
1195.669791
960.462605
1003.477727
1153.344983
1104.694706
1055.013802
895.922109
798.295429
1307.946874
732.205797
794.873576
1102.457051
826.042643
972.285869
909.617310
739.111136
873.281360
1259.139441
968.256458
997.898887
1108.076644
1314.971391
725.663406
877.002421
1317.062522
950.445928
1109.807511
895.886784
949.904736
1287.568754
1219.674367
935.804742
1015.669428
683.762923
922.712810
1147.103139
1067.350537
932.777616
713.087701
917.145522
1036.615490
1235.385768
836.484475
1192.278916
855.090835
996.777315
1110.327970
934.914983
1001.500029
700.129381
904.169498
1005.540590
941.591572
943.699114
999.981908
1214.249571
850.595499
942.682661
792.872136
1196.111418
1217.068582
1469.357927
678.590569
1220.933147
616.426747
1267.350346
1426.562317
793.551488
995.264699
696.470035
1133.554843
1018.039301
1139.833677
1068.212163
739.711064
965.516617
1028.214944
953.163284
1062.298669
939.092037
881.673532
771.640910
823.224330
1024.282798
727.761684
939.961287
905.083648
1018.550530
983.436459
1046.384830
1088.859306
975.271196
1216.663178
1161.759333
1054.079578
616.560177
1096.648482
1272.805753
1148.676558
630.215481
1097.699453
1079.879353
1157.208675
824.993149
1202.661766
946.023169
878.042963
1057.377821
1325.165703
923.894413
1032.603611
1219.486809
954.957279
558.558103
1021.900256
1131.938741
1115.143931
941.903330
799.604097
1011.323576
1196.502170
1185.234398
972.909565
992.664176
1051.723946
914.991964
1065.404522
933.376413
951.136069
1146.490948
1261.718871
1008.598984
869.098353
1002.293708
1135.178330
831.050725
799.329719
1041.487685
981.423805
855.676493
1134.191476
1162.397444
1048.947718
756.457447
1036.159288
1120.855777
848.781541
867.021783
724.655519
703.766514
468.682120
967.066418
1259.388363
908.963285
681.435712
1176.518272
1001.216192
915.209964
1077.784805
1151.138915
1004.982291
1035.586381
990.134736
908.710870
671.647495
1105.256962
1272.781972
764.305780
1282.534295
861.305768
1137.286663
1165.052770
1148.793355
867.761002
789.598552
1248.644647
1046.577270
1143.287428
1237.788381
1054.204599
1012.869752
1057.981329
760.470705
732.450748
1053.282322
779.726595
1115.490452
620.961651
1153.718933
1134.129399
1017.429813
1076.450961
686.189794
542.456087
811.514565
995.040753
1132.397934
1100.222927
1226.334018
933.915153
1152.977050
1129.981235
1214.279418
898.418124
1200.100173
917.106714
925.967220
1063.456200
1214.028177
1074.848659
872.021145
1142.360046
612.572052
874.598581
872.970098
762.475397
1324.904910
1065.423838
705.002730
958.241309
1230.489417
1047.859265
982.030101
958.700166
953.530139
992.893812
836.133762
787.707447
1034.837613
1117.843020
1026.534786
933.712558
751.731629
727.134926
544.605555
743.180084
1095.267580
1274.327980
859.149926
955.836856
1168.497076
1262.777001
803.189912
1172.109776
999.779334
1344.501881
1132.591876
639.992009
672.512561
1230.579527
1267.447680
860.208740
900.669284
1161.680770
874.243384
875.978087
809.521109
1612.974618
1037.333611
1124.379229
1394.368704
1320.332815
1173.426199
762.793894
660.629625
1246.145466
692.714682
962.015713
946.195838
1044.372244
731.202220
1176.955072
771.906769
1107.117440
910.373734
687.110994
1047.943209
1241.783327
886.345938
1121.592635
1005.707215
592.421154
646.455955
851.752235
949.136840
1205.624972
1056.843774
1009.689605
955.385799
1278.683509
930.521259
1261.938284
1030.245138
1083.554627
1047.469792
692.581223
801.931863
843.798068
1023.421230
779.174734
786.621721
1171.661680
991.170306
1183.926518
673.874716
936.975302
1255.417825
662.844592
867.017942
1224.842724
1399.190510
1046.103696
1160.873744
1101.822358
856.866176
1421.481115
602.334755
1335.559855
904.013030
1034.013368
649.168298
1193.239219
879.438406
939.137668
1067.239909
992.603465
1356.681022
982.565912
954.795941
1261.457900
869.952936
696.749546
1201.917799
951.801292
1221.622910
1167.172887
1047.231639
865.013332
965.603285
1092.717968
915.375366
937.429409
1195.556549
1040.764359
1310.485217
740.632527
1348.257526
1064.926597
1033.240687
1198.064669
1149.520468
1198.573871
979.894189
1087.249702
1086.446069
1398.440996
885.727903
1094.755319
1020.571331
911.662616
1242.312244
1294.057200
944.901166
829.995621
1052.714048
1038.743927
1349.297211
989.350917
1034.854282
1289.324408
1111.922362
840.830216
1018.480932
1000.910059
721.857661
956.203976
987.872177
930.985980
815.211753
1127.064580
679.391427
1150.583562
1032.603234
903.372252
778.444033
1133.833224
899.059759
933.345629
511.387917
875.256943
1190.787653
837.072732
1009.193625
776.481384
933.158359
1175.037190
1007.753495
1556.858309
1104.200077
1195.196101
897.122882
763.050453
1189.413269
1122.819358
1027.875378
874.690092
1058.749747
717.212043
1178.468557
1105.772043
998.387215
766.427750
1107.870997
803.060499
1124.223671
1061.138556
872.633267
1239.875347
984.548343
1214.498616
915.474375
1102.327824
896.993140
1149.081539
1176.023597
1222.274304
948.807354
1039.586941
900.156813
1091.450113
1147.612807
1185.849478
1051.743427
1063.252782
810.322244
1086.487353
615.035167
1226.605501
843.036225
1038.628603
986.495327
1066.666306
1058.729031
821.313913
937.647356
1185.979328
995.698185
699.705511
1253.133360
1021.491088
1276.991113
898.206291
1073.746561
712.288183
1299.210556
953.790288
917.708253
1439.608714
590.267969
1071.095988
1226.112673
916.807403
1131.822512
1061.969918
954.983421
1280.645989
669.888315
1072.189064
926.941882
1180.744250
712.190856
912.673176
1135.930419
1340.161341
966.788887
1016.593522
876.308649
1038.337534
1023.430749
900.205108
828.705747
1043.039519
941.218432
1075.576349
690.341168
1010.509785
896.715020
687.236472
733.976923
978.924255
1102.702155
966.839089
1217.754227
716.135563
975.353366
994.697587
835.197253
809.508034
1101.891234
1189.059082
1084.538440
1097.480028
681.954834
1047.820686
1158.940890
1324.041658
1074.996634
566.764646
1034.564571
1205.873521
1115.031377
1031.290086
831.608425
900.913714
1413.294506
930.222029
1089.958461
1053.974610
860.906355
1003.732690
1028.597818
1539.249665
1313.868947
1049.214285
951.463875
796.655655
702.184588
1080.569287
882.606631
915.982312
568.391138
1091.391477
1017.541428
891.741637
1104.702436
1199.657552
692.373691
963.394986
861.119098
276.624856
923.596980
1078.603169
902.104929
1142.079877
1469.237180
1267.026995
889.818931
1013.166682
885.630155
873.593936
903.930371
994.906982
1135.309715
916.698455
1031.800889
974.909140
1198.140482
1086.706530
1189.445231
1204.835556
1044.362869
1036.624971
1162.200363
836.139096
1100.721414
1006.473335
1084.024683
1194.524091
911.465407
1133.632312
1470.993741
791.582808
753.908379
1107.000578
683.506948
1093.390826
1066.201074
806.276949
1034.922448
1193.779891
1048.147163
1146.956399
672.782889
1000.825852
1149.221504
1444.318781
1077.198785
664.876928
906.200866
1165.808657
1103.862021
1207.120287
1072.861694
1388.773298
1068.744546
980.539990
989.000329
1274.475444
1372.829188
1197.384155
891.343190
736.109000
1100.543539
1063.356531
1237.893650
970.390395
941.582571
1153.714928
784.367568
837.133842
810.930376
1299.532632
1262.507617
924.204499
1162.810979
812.965339
962.105517
766.665747
979.967599
1117.771982
891.330532
917.407962
724.649294
685.321748
627.828484
1126.688761
771.885513
769.656778
746.816551
980.194998
1096.570881
1001.629715
1263.217166
849.024004
985.165805
909.053097
1101.236285
725.806892
1023.003057
1097.176152
826.404911
936.664616
1002.108403
755.410396
629.975623
999.713554
899.479858
1137.349357
1163.802015
1159.418653
1083.467227
1307.782481
878.531397
916.108955
1084.774928
858.093579
1211.981974
1058.063119
1056.014172
476.922051
1288.319461
915.540484
1229.790053
1180.612835
721.618433
1037.319590
884.699702
825.846367
1279.800985
943.989188
1281.438355
1274.636607
955.812341
811.538656
1645.395082
999.655628
836.895367
630.511653
831.202932
1126.310683
1121.634394
916.143650
1236.651225
819.806900
903.978724
987.778219
1082.161462
968.593326
932.461769
909.897905
956.908338
1084.815258
811.851401
860.416543
1038.516050
1064.347173
1059.671956
980.639599
881.156432
1337.090181
944.767635
1102.026787
971.776406
746.852778
685.107118
830.437593
828.013737
943.528285
948.400646
1313.062614
751.710151
1206.165676
895.347007
1112.875881
1089.249327
892.147423
1243.045745
1123.693964
976.476251
693.017593
980.344331
851.805959
1360.507958
927.716132
1069.728840
780.698426
850.790861
1089.810345
1287.283974
585.823976
1161.347811
1082.444008
1175.279151
871.833429
1001.055280
881.770061
1296.511896
1192.924133
744.154635
869.168187
1167.694202
954.499601
1210.120624
1090.461596
881.547171
813.198449
1009.886111
1117.748929
938.885939
1140.916441
897.355004
1116.314457
1035.677045
862.058345
1345.722696
866.109316
1154.908263
675.996196
955.201941
1466.070759
656.963515
975.564925
1047.392801
837.711788
880.641098
1105.123977
1312.163452
999.835710
1107.716507
955.886893
717.101512
815.918193
1088.822595
926.593396
957.221594
931.284777
1063.386622
909.563403
1198.552641
830.114011
1025.882854
1098.754632
937.293289
1107.689138
793.926182
751.985595
888.493171
873.705499
1328.191094
778.790525
1311.928490
1009.558714
787.206033
1113.704235
927.444483
993.807835
1044.262330
1153.994336
847.672562
865.177309
1069.276762
1077.568044
1348.758382
813.735810
916.585016
1015.599849
928.450122
1070.011493
725.866944
957.502592
1517.338570
1464.530866
1102.036463
919.071670
662.531143
1040.434613
908.662375
1163.640318
936.817865
1060.588424
955.440745
825.729105
1318.156752
998.761272
1083.324388
970.710926
941.106214
673.131130
1259.916824
1370.841873
1053.526165
981.595652
784.267336
1346.246308
1185.275210
828.390065
1111.965280
784.945568
586.935327
989.306161
941.504107
1082.139527
1270.850211
871.965374