882.973478
575.835394
1088.899274
1029.336428
854.664829
765.985797
939.186889
997.565164
675.543640
1393.301739
935.107997
1061.425227
1019.730583
1016.225305
1017.146888
1064.455912
1053.464646
1106.336164
1115.738155
1021.489691
1302.142611
490.609343
1339.127621
965.929426
568.593922
1262.881073
705.231371
905.822281
1397.936654
703.915467
1065.935285
1227.367795
1006.026842
868.441860
929.294136
823.376297
949.112042
582.303302
912.048211
1402.916792
1377.157194
678.266022
1306.911166
1243.776236
962.405335
1208.632237
1041.574808
1350.025038
1061.909672
810.262857
1048.441978
1155.907911
1174.248410
675.060353
1136.540443
972.806109
784.219361
1399.207163
1076.815958
1323.055850
749.422083
712.791461
884.040862
664.523289
1267.047989
667.783206
1141.837865
669.361771
1018.121108
1196.893556
724.411898
1339.664306
857.291625
778.308000
957.624623
737.424308
1071.217691
1370.115046
864.342538
829.195614
953.595197
798.792204
1000.464573
1448.773029
1109.908337
794.929782
933.938811
1161.081823
830.360590
1279.885143
1254.953251
480.555842
1126.795567
948.583049
1316.925418
1176.542109
945.834688
1290.861626
1073.197740
668.980015
871.629249
967.313070
1000.226560
1219.640740
981.825485
809.575374
1450.618806
1178.073809
1057.115474
1034.881323
902.855328
1054.380117
791.525963
836.852603
925.649955
1321.143727
762.494892
824.265315
715.294665
541.756596
1415.844235
1193.940817
823.136378
835.353340
1011.304558
929.357430
986.880567
986.245326
971.015124
943.263093
818.855401
593.292260
768.198253
1186.481877
900.430899
1282.285963
901.802591
847.804553
957.807174
1318.051270
927.487064
997.913693
948.351866
1075.660475
774.133772
1256.321981
920.189482
898.220551
906.004049
1116.745746
719.118467
680.626678
1304.828775
806.023001
1233.173460
1142.288425
1763.603626
1092.395121
550.514818
923.504974
1044.366837
1088.203427
823.094764
1078.019379
1097.422786
1389.681339
955.995968
958.448130
763.166537
1371.189029
1012.147784
778.246861
1101.960358
874.085152
968.816957
653.381112
678.853911
1135.445347
1176.463621
1272.905671
993.306547
974.189464
936.989737
1453.480407
1054.872225
695.499142
1161.717601
701.399398
859.065758
1095.708103
680.354749
822.270821
954.130712
1107.206493
905.957290
1022.630726
984.349520
1173.591819
1511.672148
1048.110550
1158.888670
1164.674228
912.333566
1101.062805
1177.324564
985.804006
1090.139880
798.862404
1128.517143
1175.325754
790.458178
1233.986884
1208.941725
925.310994
825.863137
828.980646
980.082239
826.082916
1049.615758
1032.078148
1065.628370
1072.034044
946.891296
1519.574769
1093.708143
1040.631865
695.759843
997.057833
1329.308979
960.740860
877.536179
774.153069
952.569684
804.891436
1213.466833
620.429425
1053.005987
1061.932374
1084.501509
765.379851
1125.057326
1449.893497
911.543972
1327.542822
911.678665
1092.710598
1237.443845
979.092852
1150.682243
1292.656272
1433.622565
515.975429
923.295591
874.443140
528.016410
1026.292632
1130.257665
807.078451
699.370925
944.046823
784.535033
653.686669
1497.300721
1171.624615
1378.758855
1119.773454
762.100610
996.197070
883.910824
1220.135772
1150.777200
1214.121066
1148.429188
927.639068
1244.478182
1232.258921
1215.790108
841.354507
1263.584411
1108.998400
977.890282
1080.878613
735.296430
1301.802186
1051.211661
808.220015
698.690288
776.566805
976.362630
1177.302516
954.931968
970.049553
673.775821
665.513523
767.858490
1050.793215
923.797567
720.975798
1181.074656
1150.075386
835.658131
1299.221383
1220.333866
837.149874
1033.228506
1109.630342
639.622041
1151.164834
1340.886817
647.135916
1054.086761
1191.424765
1448.758683
999.363279
1277.723775
1326.982546
930.499206
1144.271155
957.250527
630.455143
955.936225
649.033992
929.952119
1063.169561
1078.465117
1209.845306
1042.606802
928.062406
758.081575
847.445263
1290.106598
1162.995460
1237.620448
1060.176986
994.990704
874.818011
1161.347767
785.929395
629.693880
599.706181
1196.662912
1034.688106
1287.882771
1247.815287
1094.031570
1016.745560
1227.633159
506.415441
907.627420
1239.919892
970.521869
958.232665
1357.059301
775.889733
1027.440905
1176.700062
903.416878
1297.248829
847.394580
869.122545
1247.447656
1077.615015
1182.511920
667.123123
1492.420969
535.614548
1140.989959
882.963246
1233.872184
1504.742006
1174.772863
980.028505
1104.600377
1403.354989
1060.204996
1153.200405
1237.246400
1110.310880
924.183314
1282.726683
1008.563151
1188.848733
976.841191
687.492428
1171.145246
576.141552
1086.453760
1145.122474
1239.070394
1124.476809
817.112825
1082.040740
674.036588
947.466332
1110.587762
1213.599693
901.182546
1015.178176
855.891593
859.530984
876.318731
768.942143
923.615478
1122.954872
1228.464270
706.451869
991.452849
801.896283
788.866381
657.045285
838.673197
1164.328433
890.132618
679.780960
1182.189429
1170.156431
1030.971033
796.521932
1625.721600
1468.773049
898.344169
827.567261
1197.936147
1063.637996
1007.494956
1037.035435
718.274781
923.885181
1386.057960
928.071623
1350.875138
1241.785786
1108.109482
968.896140
976.113542
1042.755794
1129.927137
781.765185
1060.024318
712.966649
1104.830119
1160.207526
1002.855868
909.437633
965.094376
1083.348423
947.032615
828.962367
965.753990
921.725993
876.850996
1191.182049
942.658674
1271.269630
921.229966
798.781927
1081.090077
1156.189706
928.853146
1124.706933
934.398336
904.765964
1234.625230
1062.179318
1349.855073
1130.462040
897.859000
1248.448934
932.692721
971.121963
1108.195584
1250.644392
832.609463
946.426474
960.918281
868.437731
1075.175218
640.765167
414.998260
1154.579680
1055.561226
1175.008833
725.782124
687.504146
828.393329
1285.887466
967.605375
871.558480
1353.920930
1082.864225
994.148466
1048.700256
969.812459
1465.478376
867.122488
1112.078123
1146.737194
908.045002
705.471254
1018.114780
1148.984668
665.946319
982.737814
710.642130
1106.935493
1278.791153
782.366344
711.243115
809.468025
1232.817068
1125.362932
1520.780076
1157.745936
670.866237
775.173266
943.513976
967.436450
1147.294717
984.978469
683.336897
759.165432
1070.896445
1500.125725
1132.355796
621.492356
1583.235745
704.876134
1070.864496
1118.966509
1082.614140
1090.894459
1288.001387
1040.806616
1439.412999
1197.251835
894.805902
1030.939582
899.324566
976.662130
1098.452057
875.258625
1456.800555
523.334931
718.271637
1076.835310
1485.574080
1289.898530
781.031042
1057.887837
774.211004
1288.937151
1008.046644
981.845264
565.637785
967.594265
1188.393870
991.156351
611.010276
1053.813820
1447.767370
825.860097
596.003397
953.919722
840.214479
1070.253043
1253.987030
1082.981232
747.601668
1277.534586
1137.119193
789.963033
1086.769514
736.856683
1172.745869
1065.450461
969.407291
1001.542918
510.325578
1279.786033
823.968675
1213.801512
1248.647560
824.969291
954.753206
1096.695224
967.444820
1275.649413
1057.544496
994.105469
814.748725
598.843206
1308.102164
1443.384912
1030.320741
1046.863688
1247.996230
798.449801
1245.646709
647.735576
1011.981379
846.985700
942.287491
832.857395
881.285246
882.132152
973.355044
1280.820656
1216.725951
783.459895
1484.353318
924.933035
953.915335
604.210696
1208.073890
1076.227039
1259.276767
1049.642278
1268.828901
663.493662
895.264746
1078.285491
858.157840
994.573657
1134.674677
628.569647
841.455550
973.248912
830.274768
818.493816
1277.304438
1097.605092
1176.170382
699.777920
1055.734137
1505.039918
1164.209638
1161.596862
864.840265
1308.946048
1093.776627
1265.620639
1041.431644
1237.890098
782.481716
1110.920408
871.017818
759.609558
1016.289701
756.818096
1089.250163
1056.808160
810.410904
1023.171940
770.748108
955.724595
969.637016
534.151992
1292.495508
519.727702
897.315796
690.817909
948.973207
1171.181580
1219.828538
673.524528
1318.554625
1333.647761
1154.912596
1565.571794
1193.580575
665.413472
1393.207273
1104.273709
1242.203614
907.683424
840.966109
337.378521
1005.155314
1074.693731
1073.413997
932.623563
1577.829248
1191.974287
911.150216
924.553527
1199.245467
1302.839740
753.346712
852.217482
801.837463
1005.588055
1024.113444
1015.135887
1031.110643
1124.794782
692.022453
1069.611195
1051.231659
1081.487037
964.306623
1171.789210
809.914971
951.518899
923.746771
1103.398473
1016.945173
828.604089
1121.229598
1361.577154
1004.923875
1162.472356
1342.195751
780.707537
1516.823610
1147.003442
1060.252996
721.888183
1168.198020
898.624062
999.383065
1364.727095
943.653530
969.723767
1286.601857
783.406870
1102.876718
1496.908602
481.166395
1322.286885
947.577034
928.403845
1270.692693
1165.130787
1293.487911
1028.445549
1040.840502
1161.498608
874.522944
671.145188
986.329001
1016.609872
948.799982
1121.542068
911.091600
881.234396
1309.383063
764.063303
907.368173
562.357690
1017.786168
1091.593624
652.934853
900.097435
903.174391
916.468482
1310.651287
834.807959
1051.788540
1048.829949
989.471853
842.225973
934.773512
1383.348881
1151.359384
679.015353
1217.077877
1027.686034
1020.016818
931.237999
711.764406
868.139793
1177.189966
491.732667
1083.121498
1623.394470
812.797311
1644.597589
1255.274305
1193.233382
1068.345369
615.635919
1045.126850
1343.379218
1136.051559
953.441262
737.004071
1217.282432
839.839660
927.961415
510.027458
1223.021535
765.381151
1068.516658
1246.607837
1363.849680
1847.646358
1125.133535
972.915767
974.853935
1039.981627
990.027926
1210.184131
1059.879846
1141.415963
1024.972205
1209.429396
1065.706674
825.162279
1278.601138
1282.370528
788.651442
1323.229549
713.847689
1086.668349
1240.379312
623.958429
851.640268
1204.781666
872.820572
1008.768735
1131.035997
819.309581
843.298056
918.043762
1161.504915
863.299288
1042.807274
848.969074
1144.231704
721.470661
1139.602865
905.590622
1077.778398
666.096052
872.735688
1110.303385
1113.100988
878.174630
817.161888
940.966907
1100.385743
1099.769247
1007.072471
1076.716611
900.788742
734.674727
782.928462
1121.043001
951.887540
1357.176995
760.223883
1155.805957
994.586676
1153.285007
874.410052
1066.277064
1443.449656
1208.270228
795.034285
1002.583762
1203.188146
947.120047
1276.475198
954.496356
1592.904742
940.849794
640.578465
709.434463
988.852928
940.546365
1051.171674
726.125199
996.430659
1197.694322
1297.015695
835.112545
1297.328584
1035.894640
995.372815
998.863816
329.660625
1091.884255
994.747557
899.674596
857.777085
773.515673
586.503219
1420.947487
607.913670
714.957057
1399.797085
1050.020212
1139.536607
1143.116435
1043.761144
1060.628121
1068.313992
887.251448
751.664594
970.404362
775.430448
1466.714112
976.250416
775.873776
955.358258
735.523512
1161.288506
1155.999712
1008.488781
1065.372704
985.319525
824.971151
1030.843475
831.931577
1225.547539
1394.996518
763.177715
881.545195
662.217133
872.937783
513.465945
1353.933981
792.083663
656.517498
896.690805
1182.932509
772.997701
1093.371119
833.400020
938.653424
855.825530
734.048620
1309.297751
619.550032
593.787170
814.176887
1477.268013
969.785315
802.171458
1406.540618
388.502959
1208.310444
1001.553737
1108.914054
1056.467500
1111.109662
1080.217540
633.701991
1152.948133
1289.208766
722.684157
1166.903996
980.947549
1228.498190
1174.993365
1188.263090
1304.713069
864.811087
1111.170986
1266.191679
1046.271897
881.792479
1365.141114
1053.139223
886.691114
1390.696024
887.408229
717.840993
1052.153010
879.612551
1163.495014
907.032394
751.652620
972.035064
1168.490567
536.149422
1173.451648
884.995059
718.490595
1520.251278
1101.630634
728.519597
1181.137337
1282.467032
1037.416716
1138.321252
1131.604888
910.300978
828.416765
765.185090
580.393797
943.039856
950.352225
531.530660
1084.530296
1128.745717
1189.469482
771.318222
1123.326553
1193.866826