705.153617
603.871265
784.322432
992.089265
1187.595082
123.321892
917.850366
821.502477
1024.100014
1192.611532
597.590243
1216.301421
598.851269
1320.049913
904.024839
627.362415
1679.159219
1771.623952
788.524491
539.136489
804.080739
931.664442
859.422730
1143.546461
914.842285
1280.068050
1354.437786
805.268769
837.079029
189.863978
963.188891
1072.767407
1034.874963
559.942044
869.586617
612.185957
1091.692705
905.817019
813.991187
547.417974
894.345460
68.331767
1599.838302
475.489228
1407.232050
1342.444941
633.913014
353.828777
1206.187767
384.036747
432.877699
1066.018925
863.818106
1335.331403
436.755347
683.603564
604.847305
628.349374
644.112601
1406.958668
559.872667
1222.400307
1040.025800
1111.972754
869.657565
778.088870
620.208083
1306.473949
862.192911
1263.371023
347.808422
654.490962
674.911437
823.656967
894.153741
352.336053
960.727862
808.614904
910.357513
1037.352728
1292.765024
1178.789395
938.205786
826.841639
594.442810
746.744154
974.253556
1220.785921
1412.577867
819.532062
566.903312
999.675942
1238.640984
1772.654770
1450.566121
1512.700288
1453.244803
994.975255
1197.571055
906.961718
1880.331276
892.097239
1330.282470
1347.428363
930.868503
1349.891671
1164.931114
1219.688523
1648.294242
833.970607
1616.994540
1239.639254
466.456866
986.661081
993.113503
1444.482729
1362.342030
249.127862
843.841281
1001.654659
430.508674
1283.228024
995.055734
918.741480
1172.830259
532.701749
803.445651
980.908069
1036.694942
1164.210791
1207.211584
985.301773
1348.656648
1004.641854
794.698779
821.274126
750.427566
996.159403
161.366759
858.284649
602.840293
1098.439341
1569.294924
675.646880
1112.397812
1460.427800
905.423223
621.340453
610.073180
769.550616
847.671063
980.989541
1104.937379
1133.072700
709.904018
1007.210729
1244.785715
313.656063
726.468942
1028.028057
438.486242
1821.242715
471.444627
962.794139
1634.209219
852.282135
1708.209767
300.514545
1008.199861
839.106207
1035.584889
1086.713283
655.075998
627.600542
986.814799
1211.134625
909.682527
1088.898707
992.102100
490.115100
959.597704
1027.279023
459.391044
915.285240
908.036047
982.916159
915.562776
1157.548132
744.156748
882.576355
1560.300627
1046.609395
1525.821086
851.220192
625.903261
736.345122
691.726317
970.218056
1112.228659
-213.565542
1530.283884
921.809089
914.274829
779.577681
211.182584
1579.198109
960.865545
698.272979
1338.703858
969.538305
1177.096536
782.676924
492.561896
370.284222
372.113880
1151.411788
1274.921143
1031.678287
935.556457
791.830311
1007.366871
741.332956
1038.804135
1477.366033
613.664052
1335.447121
786.998589
423.541893
745.166494
1256.895961
1021.029676
1282.926659
539.000531
759.675285
921.850515
585.485439
523.123964
1127.959080
1070.050671
619.471557
1632.383871
442.726113
1133.795981
630.927982
1311.871606
758.956411
991.373278
206.764666
1237.417763
926.940611
849.463162
1871.777346
1070.116241
899.439109
48.495864
903.638372
1581.082927
1002.393595
1320.890372
802.392238
880.283959
1074.527484
703.469733
1445.378919
1680.284853
1385.123992
1056.040838
1124.142256
1370.640970
1385.148488
698.360086
1537.327235
1095.887623
731.330258
809.031635
1395.925484
1233.174547
1250.062498
1255.791292
793.780495
1248.166222
493.104265
1734.141067
1079.882463
266.965096
511.271479
972.997228
991.677409
344.353239
290.898420
1483.141513
442.604362
1067.250093
1304.322724
898.732788
640.659129
648.886675
928.910200
1173.386073
483.374501
1341.252819
508.900711
1429.755139
320.239782
411.896077
1281.958096
804.740308
556.670713
772.410216
591.947056
949.225555
962.961002
1363.423321
669.383345
1073.510885
776.154565
1192.288090
1019.384590
1120.046888
1468.343280
796.968967
730.050151
804.238321
997.812449
1270.578231
1282.392254
1055.068510
762.776512
1269.449476
845.412542
1100.153047
810.928746
1520.186651
713.759937
736.509153
357.003533
476.779865
869.649588
1175.739329
1272.737200
486.266970
644.888248
1080.264661
934.669261
1431.522426
799.145182
1492.889559
614.173911
1083.323704
1287.619569
1597.452064
1105.847636
467.232998
1248.565095
916.680914
737.590189
2207.410994
1491.307432
1637.988210
882.462530
794.250480
1243.959143
1420.863789
1200.468123
793.517517
1296.048787
971.365561
764.636777
1272.476835
1090.065595
1003.283034
791.816537
962.467659
1143.319619
1038.498070
971.265375
1226.992218
531.121795
777.342053
927.167756
1661.839548
567.703010
917.121085
1039.352354
260.478033
1190.549376
1342.040938
1521.243714
869.417256
1537.627698
686.396986
910.546640
1149.363977
710.106660
1272.208124
867.194774
518.761617
471.440553
927.709496
1045.562958
1084.529094
1285.869358
1051.141846
1652.271444
678.591978
954.334448
287.706055
454.421871
1108.153405
1503.860939
926.080518
951.047304
1229.279035
828.418120
1094.838647
1661.869426
652.518340
458.321422
1337.148834
1746.433527
895.880669
1001.248809
750.843239
724.262271
626.746345
844.102140
916.555948
537.484743
275.253890
424.210490
453.048252
964.649539
767.368801
1563.094850
829.195036
1211.846438
955.601661
1128.317335
654.773406
967.393131
634.918815
727.370972
1839.700510
839.482747
784.512479
593.191669
964.581900
1192.902720
1009.097905
1559.431919
1457.548640
1136.636367
656.638949
1573.942470
996.887142
1639.271006
775.012310
702.327689
1193.073162
1015.890487
1097.113825
1146.231620
969.973790
717.641585
569.231919
1456.534222
1094.050765
1140.912454
1070.851160
711.150022
645.114902
792.305141
1791.692574
955.318613
875.937042
844.252152
1245.573927
1219.911935
1465.037543
662.759558
1278.772003
1354.272748
1495.794181
1178.280071
1739.211456
1363.545554
132.926961
1020.382068
1059.906401
793.997783
691.356552
610.229504
505.592593
931.008658
581.350806
1270.693815
1523.857795
1296.247250
1317.245931
962.219034
739.614287
1350.714737
658.745985
1342.067900
946.094239
1141.179513
1104.999855
1072.743961
1389.049890
553.555995
752.649436
933.221803
1037.002373
1035.202234
1580.105258
950.023769
1073.432274
1369.630773
968.182427
1441.141961
785.385611
1025.566472
704.543592
1286.389559
440.376720
822.941456
1120.190704
789.397372
1065.449993
1011.027538
1170.882155
945.585773
424.610093
1680.123624
685.668713
1553.388017
1333.582384
528.655184
1627.750748
338.088407
608.722938
654.066710
753.972240
71.043813
1100.425951
1231.300571
910.823733
919.873104
615.986721
1164.096120
1182.432835
464.998002
919.408808
867.884202
1504.236649
755.731663
1071.464630
995.692521
766.582154
666.190212
1062.799930
1085.127675
1455.736775
1027.324102
1124.360113
1009.230718
1056.489063
817.575909
1110.553086
529.943774
657.323851
486.384605
918.440141
883.104246
1226.583255
892.026396
863.094409
939.802415
1250.152283
1017.717801
1083.376297
1198.645409
631.191230
928.384668
1335.410432
1601.822129
1017.897037
866.180936
782.868142
866.865661
1308.125172
770.047277
916.177330
754.120888
1032.721242
1246.220120
500.839017
992.174714
1314.314337
1023.832481
944.242840
1424.742491
333.679835
686.807410
931.415209
899.474424
1481.144345
987.602591
317.500328
623.650866
1613.505527
1164.355341
1185.559186
980.667484
1435.188057
946.905713
883.805906
1229.212101
1189.057123
635.914995
798.714750
649.388344
1381.344811
1461.201301
1214.539596
1011.790108
1164.660128
978.149090
620.004043
1269.376279
902.758769
1125.108144
799.359433
1496.998439
687.087433
1801.229209
1515.665694
965.864848
571.750895
554.771763
747.442649
800.015381
971.928547
910.495673
1074.376346
1387.374431
1110.267707
977.898286
639.814352
1213.316386
1266.504631
760.350773
683.380547
1201.816122
1406.678370
754.745260
693.432622
1432.304742
939.077421
1245.564175
1262.362416
1048.961835
1205.498487
304.304607
800.380759
513.871824
704.653989
1360.488477
1201.720997
1179.217464
557.863409
744.316554
666.001629
887.448587
365.168219
1213.617113
950.628110
318.132655
820.380174
783.353329
1062.672621
630.128741
275.688355
1035.159376
983.386901
1286.250485
1221.441828
919.582388
926.057742
1214.042884
725.000525
1096.008223
827.752164
490.375842
624.062571
645.030364
520.480178
1164.829136
1157.290067
1030.097209
903.990425
1228.007348
672.376791
657.393227
1256.740498
772.304886
617.920132
809.472760
1477.212973
1235.453195
1219.392085
1102.491757
883.534464
200.386453
1727.273389
933.297260
305.901930
1211.608207
1032.737008
1153.848818
1076.722187
929.907404
1354.128993
1548.544481
1576.044930
1290.663368
979.499926
634.925853
1581.222106
1257.267856
-3.368161
968.881071
758.178253
401.997395
1498.928503
709.373227
1781.058158
1250.459963
1202.922508
1135.835024
901.738474
368.314514
1755.544762
496.463443
930.858516
1221.648117
816.449371
984.319284
411.126739
803.075886
821.892952
890.767245
892.039822
298.066206
2216.835423
823.752768
1308.753046
1124.827786
1356.504248
780.825569
464.898427
497.404031
1342.406174
657.927570
1690.161171
631.086578
1139.618253
1511.368215
646.878251
880.951992
236.043726
627.885182
1106.924896
1137.628205
761.322429
1665.814252
489.279301
595.182112
1256.499217
1278.393077
1433.909663
654.087632
601.078313
1067.094460
1416.582101
762.102734
1281.295582
579.878041
1180.288167
588.048765
1061.215595
1540.798175
1610.754093
1426.855996
1398.997074
1329.116902
1185.340946
1438.802181
1283.727532
872.940337
402.258691
801.101755
1282.506663
821.859782
1194.541266
1471.948812
632.850127
1005.698262
1145.460990
1113.609176
1021.251049
1051.641272
1206.058961
770.838163
1280.109666
641.019839
1298.597910
1481.169795
1003.604806
810.768269
798.347436
902.464882
629.813494
778.157118
687.308069
1084.478139
454.699113
1277.098420
589.452686
1087.791414
1146.479386
784.306012
838.824135
1061.418146
49.139663
837.897907
1522.303916
1099.949823
1035.659725
1296.184566
1546.281938
1036.232623
754.805183
766.137312
1086.688892
656.198676
877.938034
1045.297069
875.740357
1064.642824
566.535073
1258.857323
199.501987
979.606900
102.766824
1019.045616
487.246312
1330.346538
1164.635277
948.409280
1139.238293
546.908317
1117.575464
1178.386623
1099.789191
1028.685202
913.114214
1950.021315
608.007962
1916.855204
1282.585451
839.765064
986.979996
1603.458463
1248.587612
1486.745523
912.414080
927.549389
1369.693367
1039.392146
783.580379
980.354032
1129.138040
1271.496854
1064.014963
1132.004245
773.612779
563.263353
800.716131
961.024416
940.296107
655.685414
498.665235
1163.317601
895.920045
715.853984
1386.425280
1462.091426
380.165527
1158.308375
650.373351
1308.028113
1015.686409
1432.243128
1163.570537
467.958445
501.471558
391.877404
980.521903
1033.142808
1227.955097
1612.497551
764.920927
828.822297
1047.285475
1346.459390
654.326345
966.267728
621.396535
1220.337664
1450.763880
1179.020023
810.178785
580.034427
890.222732
433.591893
940.058327
1292.144631
826.910225
968.453514
1115.498262
1756.459415
630.421478
731.541844
845.021258
1397.289229
581.606966
1080.541298
662.959847
839.486308
1341.173305
146.108552
795.974195
586.520774
706.735242
1076.677418
930.113198
1268.640131
785.906678
665.283944
537.116779
1366.654883
1168.674584
979.878563
541.620455
400.446252
1145.557264
751.685120
1224.776834
843.068112
1168.361115
914.750205
1073.652131
1117.328821
461.023899
1074.595465
529.579735
1286.327914
1181.475819
1105.396993
687.163023
1441.872481
578.675920
769.343062
1538.462990
1314.864037
1198.752613
2197.995658
1111.316022
576.863329
402.257899
444.313260
1437.605998
2018.050087
842.636347
940.683091
915.673035
1700.629525
682.109714
1183.353927
1350.300850
180.452592
1058.608987
1247.970556
497.701393
737.615961
1332.387678
936.015928
1035.055954
731.952967