882.114684
1043.443950
1178.122012
868.957157
1165.622489
1146.565664
1059.641130
997.928212
993.599790
1017.640650
1118.540788
1197.513282
1083.063358
985.435239
1397.369512
822.722326
1068.012327
955.124568
910.601282
885.674751
1002.900213
1112.950670
1036.355015
879.536837
1025.971417
968.523986
1095.447811
1488.927376
950.922676
1115.536036
913.639566
669.558333
1000.433925
971.534519
822.960794
1011.897297
1009.320119
1095.789132
1214.112470
1104.995566
952.590876
980.380692
911.319847
906.941596
926.091805
1036.224110
1263.969204
924.420229
707.580377
951.425647
1001.193613
773.930900
892.278906
854.189755
776.370836
581.094310
1063.972845
1267.395906
909.374858
1167.285135
971.576259
763.917288
508.037204
854.314676
837.765773
664.858037
1391.052678
1042.596083
845.836422
948.769842
1127.308742
703.073242
812.165342
934.780552
1029.154905
826.032127
858.308919
1024.095159
1312.735569
1170.861316
999.404444
1285.982376
1097.824308
1015.824675
838.672457
1200.494973
789.546508
953.618313
860.529906
1264.173111
687.481698
1114.945563
813.698781
1251.678660
963.547793
921.927086
1286.049840
973.506724
919.204633
1173.655878
823.218665
995.806890
771.588836
1324.886341
958.525063
856.848244
925.937784
1222.332206
1255.637706
1130.665533
1082.972147
1297.066763
665.382937
776.036020
908.906511
823.075007
905.640155
1043.926749
774.951476
1194.470149
839.755855
808.883493
960.395794
710.229246
835.723966
1082.282077
582.835001
1037.416110
1304.553611
623.098232
850.967396
1480.683414
1006.851095
562.604900
1103.879396
874.921948
715.769085
809.891213
872.054878
1054.353702
943.273701
1244.624674
797.635362
589.803832
835.260527
756.346202
1019.574800
1134.018801
906.759220
1115.879523
1014.990212
871.045890
672.260260
948.586136
1040.466051
1159.719718
1204.239151
576.324720
1452.985469
986.606415
975.077351
967.999563
926.750896
730.448747
1063.521258
1378.803338
1452.246491
1242.719059
747.750441
820.839871
903.616820
814.636033
1173.799725
1181.272834
1298.099679
1295.479779
1019.231333
1008.999024
995.042600
925.629757
1246.113967
1177.340790
956.149274
1002.779040
944.630327
1137.367657
993.219615
1092.170894
1150.459813
834.064693
892.189449
1063.405455
1056.589168
645.885243
1158.753783
1135.093720
932.849467
818.793577
1139.599799
960.358699
1075.882345
1103.943439
854.489358
1071.244025
845.279570
826.593868
1133.093341
1163.598732
899.360321
985.285125
658.857270
908.070030
1293.275626
1063.699699
944.485026
1052.041853
790.026489
971.385562
887.575784
1013.628163
904.590291
1402.823426
1073.192985
1121.871564
846.595423
789.322640
909.681017
853.636426
1004.530099
920.954163
1033.983729
658.622113
1207.682570
972.534709
1097.240939
874.761290
1121.614156
652.616976
788.646824
660.267620
1282.435967
1271.406268
814.921401
809.303739
889.876492
548.754039
1218.965069
870.637753
1122.438273
1011.108221
1080.468326
1094.974419
724.182080
939.504898
1103.424114
1059.967632
954.727754
1169.191374
944.980738
647.304250
1244.489305
1090.259519
834.059815
809.242968
1181.482032
1335.769256
1211.879433
1396.177055
1016.849522
1118.200978
1180.628164
1153.954352
1182.357073
1107.165407
881.895543
754.750565
1243.167384
858.164735
1130.581980
891.976844
1203.081135
1001.922801
941.536702
1135.450873
1053.243007
1068.740717
1327.374429
840.445220
889.451213
1245.901950
913.393947
1079.900711
1305.846473
1044.095388
980.511801
854.504292
1119.355531
1104.714846
1057.614284
494.624242
932.200734
1156.520318
1135.970101
936.701671
994.555593
1164.837931
822.645431
949.650745
1317.312203
1284.851495
731.123866
1301.748261
1344.789477
1053.736052
1289.538363
754.222457
1074.376708
723.327667
664.438856
984.178405
1320.511091
1032.286134
990.311816
844.117443
1329.985442
777.108715
1088.189594
1138.483397
997.153405
766.323444
918.415255
761.090366
1097.550064
784.481216
1134.120241
924.891185
1216.625686
846.404717
1141.644181
1062.409397
909.209904
1016.492165
1109.790892
974.032080
1066.200666
843.401510
909.512530
1153.702577
690.316026
1082.901462
1307.548106
1305.152090
1198.400408
853.632863
1060.354631
967.756083
936.466417
1020.068786
1239.224950
752.441970
970.864093
893.226686
931.738931
999.962501
967.373396
466.901727
946.583747
782.366297
790.072471
606.068074
977.884395
1014.975591
1108.286728
607.797696
1093.079117
883.318998
1321.628074
745.705304
1069.470630
1264.133617
1392.177565
901.449332
1046.823033
1121.577650
1094.792516
1161.230241
873.287332
1208.974624
726.785207
1077.398797
1415.137129
691.160677
637.106711
810.647753
1069.216493
1265.278031
1182.151530
1156.139010
1090.352981
1162.717313
1347.082514
1107.908671
611.464275
1085.693025
1036.114255
1047.178716
1253.339316
1178.697431
1141.330314
999.208225
1059.280051
1288.055333
748.615643
1148.733234
1035.580913
793.477377
798.447014
1029.072907
1115.346599
989.971159
1214.444898
1519.512136
897.518181
944.304723
1409.501860
1044.373917
1072.220216
1205.790317
953.571172
1072.748317
1058.210497
1139.086382
656.983011
979.335272
1142.527419
1115.728797
1192.468177
1112.621552
1136.663631
611.019769
645.046862
1295.477298
945.382383
724.874164
739.301823
660.130009
847.083123
1181.187569
1073.490689
695.202562
897.884127
966.875297
860.234375
845.787633
926.010399
844.632380
1281.647202
850.367300
1079.181792
669.745883
939.872200
1065.994808
1164.279351
1192.472334
1195.761411
1132.728459
1168.059552
961.748763
1178.174545
811.561917
705.706316
986.168177
843.025226
1092.768066
959.004959
1018.363662
806.114529
587.063847
985.837761
1268.834057
706.808671
1000.410552
1318.179236
929.102444
1002.651072
1375.296357
806.337002
1314.039145
750.567776
1024.846690
1202.173851
1241.259612
860.084736
739.519020
879.884594
1129.442066
1014.104246
904.032315
1020.317204
1253.542705
1254.283634
834.511617
920.548663
1165.453077
996.146202
919.588636
1005.199227
1143.537499
1114.422542
852.751677
923.286777
821.501041
875.226698
1132.600134
909.174688
1018.869717
617.235765
1224.281843
1318.527247
1065.785526
1001.638969
1163.869428
821.233304
1038.026181
1076.543428
931.826773
1115.796841
1297.639413
1046.263177
927.197907
917.374311
1015.373255
1092.486854
1066.084499
1135.659564
833.527358
853.422091
978.108624
870.777041
1479.893441
1236.569603
1178.380326
715.335924
685.843310
895.639611
622.027622
1241.702320
1108.599989
1123.967467
1046.722756
1151.794940
1061.433785
674.426388
711.405929
975.247187
1142.269496
1096.120782
1044.686776
1111.756942
898.714505
1125.126601
817.504446
736.379006
908.028385
1405.389723
1143.663923
1071.945774
1299.362524
653.665122
1334.047453
1159.862898
1085.042087
1129.349040
1107.672291
826.014301
1249.942426
1087.023040
936.523208
877.934394
687.279171
1164.741413
1006.305944
1370.417199
927.519265
1088.857275
1274.822608
1284.094227
907.038006
733.479005
1061.384384
903.408625
1451.798757
994.117310
1331.023930
771.020343
906.945058
1078.434173
1088.782807
1313.723720
1110.488450
1066.781186
1183.913190
1370.103201
1016.036237
1080.528979
853.926990
830.828290
778.139208
692.624928
1056.300193
749.166106
1054.764355
1258.144548
1286.035298
912.948861
894.587994
1481.805636
1014.133622
1017.779098
713.240142
877.903522
790.192140
833.052014
929.707253
1116.207341
773.489476
828.439535
1297.279004
1232.265621
921.621664
837.713559
1058.346592
1338.007683
873.956087
1298.981439
1120.983056
1041.829913
1257.423332
1336.326575
646.208838
792.093943
1040.948090
1227.449090
1099.042380
1423.958265
1393.027579
660.342183
1060.167630
836.431825
860.150137
1000.187696
1019.061560
761.849856
1109.847729
1242.592497
1038.031782
931.984835
1196.584393
756.665394
1285.307369
1063.616201
771.632619
1063.315019
748.531528
912.816171
1039.295643
722.062865
997.044966
661.954779
1114.661756
456.838977
953.735205
1112.626412
1292.870130
661.963319
1163.821068
1210.123645
1059.125343
1169.514541
1342.890810
828.210513
709.425265
1107.949449
1460.046532
1310.574432
902.428166
1200.048183
1272.204922
1184.112364
805.162749
830.806604
660.216510
1096.845809
970.963990
1302.078071
985.632975
948.973015
1019.448779
1122.995349
887.861643
941.677012
1104.387363
895.673291
1100.868434
1167.384332
1209.808755
715.690336
1313.201593
1008.537450
1291.289275
940.854429
715.689176
1153.276897
720.402859
847.190981
722.749912
1155.990151
1532.296808
566.257769
1053.816646
1167.351278
930.620458
1027.006889
1029.195654
991.350106
698.489755
1210.614072
771.918123
955.086961
1599.932174
1095.553264
916.313770
860.194678
1044.773832
1102.828375
1200.749326
825.721059
772.025146
887.496523
1095.235240
1104.659263
933.287769
985.037836
916.682687
624.285457
779.028306
899.445362
1075.321067
922.606933
794.504800
979.861225
843.697608
1125.263427
1361.696182
977.187540
1089.603692
1064.948031
943.726565
697.511494
1137.758206
918.359342
1131.163543
796.582354
797.920071
1177.420672
927.238998
930.426575
1090.495595
1259.218215
1076.376038
944.319381
712.163022
591.272998
960.496060
1002.709188
802.757431
888.831422
524.704155
1322.522609
690.175698
1216.827657
983.711709
868.050936
1200.047330
798.424910
935.601937
977.786728
867.818065
1071.706729
1135.441932
749.392115
539.928272
928.264973
1520.916143
923.392926
948.762579
997.873767
1132.411050
1068.674841
1127.434822
985.042783
765.482604
1433.672058
941.311991
765.375248
1098.876531
1077.006063
1282.176179
984.411671
1139.540562
1052.122988
680.507561
1047.668486
829.059990
1101.656101
1560.029939
724.342298
1113.640409
789.145854
916.243489
1209.155651
909.640924
892.082007
1218.718228
1295.718730
942.014642
851.986350
839.357389
1107.286302
1006.609329
852.428957
877.268094
606.986723
745.438525
1100.907531
831.180372
926.012861
1096.326168
1159.057812
811.139103
897.714663
1229.500180
825.250627
1386.533248
839.443822
838.137588
773.180093
808.896649
984.440127
770.083092
1524.769686
1025.696966
1248.348960
1064.575102
838.922891
1104.166103
973.500070
1010.756137
1318.064267
931.402882
420.486148
954.330825
1119.394086
643.555062
985.318396
1169.842494
919.785516
971.766739
725.958979
932.514233
840.594987
1089.907200
1076.634478
734.458594
893.037704
762.545027
1037.288301
990.724502
844.547156
1041.763595
949.588153
867.815984
978.553440
1452.090716
1026.667258
749.226035
1258.635341
949.799435
1293.546779
1092.608929
733.144494
857.511839
911.881671
840.964757
1149.778963
739.822499
1064.452932
744.892182
1002.643352
474.573677
1110.414291
1240.866720
1041.547250
808.187162
1015.083832
1310.735027
1176.556146
964.681591
1338.030799
1145.052395
1229.601090
957.347330
894.776429
1301.680147
831.060422
1282.623199
1073.607228
510.410492
710.579826
1143.538716
745.894938
1325.715211
961.422179
851.440688
872.757234
1267.162804
825.019204
1168.721401
1094.674901
1092.951647
1484.717377
897.033322
1135.280670
1183.399927
1158.645604
764.985409
1016.824359
1111.774530
940.822991
1130.356961
1062.285776
807.121139
737.103595
1039.881330
1114.533112
1046.084808
614.266464
890.282829
1184.294313
1460.885407
820.066802
833.627215
935.108483
1149.863228
808.277076
978.735749
1002.572627
1035.269326
691.185340
1089.868182
1057.671411
737.236284
1195.925843
1146.303545
1013.244933
791.633239
1152.196009
483.712281
903.254166
808.411160
819.209637
918.519952
1267.413945
916.468047
1040.724451
862.173535
902.562710
1102.915935
926.726559
762.282411
1042.388424
954.623233
1087.610532
986.930439
1037.122984
1092.356830
992.818999
882.932454
1106.975179
1307.450075
1101.805366
1208.152345
1134.676023
1278.874335
1177.532166
840.885702
1325.168107
927.920809
720.250032
762.522829