732.790386
1050.321647
1442.498474
572.094855
1096.760961
462.859518
1040.859010
323.071376
1187.075341
1497.799724
595.873662
1262.275099
864.828544
426.528736
1368.417929
1012.623559
1204.968106
468.498378
1268.466011
1155.140166
1242.843088
531.438283
1234.022106
1462.590651
883.662082
1292.184339
937.014646
916.130102
1515.048743
966.105199
982.694388
938.071392
1271.877467
1100.429553
632.186184
1793.910978
1466.160507
1090.280037
1267.836027
1175.643801
540.646935
971.099452
828.399371
979.259866
1171.544509
1782.840878
1653.820019
1531.595755
768.862128
683.615111
1178.719384
1359.303922
1039.006956
1109.196949
830.732601
1390.739859
907.553343
1001.153062
675.340955
1787.497489
934.885950
828.467616
1795.694463
737.064074
925.162706
701.404928
933.692983
920.152036
760.609024
353.748898
1142.797771
1028.636449
1170.252333
1422.247014
292.927886
1039.285689
634.565580
982.269642
947.606639
1270.737382
1348.967775
307.931826
987.471523
1616.874670
891.856561
619.938406
973.231034
983.125136
1746.285834
1079.165235
1553.992715
1304.328257
1363.716126
1134.542140
1075.412174
941.814520
387.540486
1024.474843
597.980708
1322.853611
842.773454
988.526012
235.324276
1295.687915
584.959462
1078.628147
1007.830509
781.396122
441.686303
759.734302
1491.286382
315.823763
1126.979066
837.377212
666.408579
1589.766412
746.757239
1170.618817
506.861873
1279.476947
127.194738
1221.342649
1521.092809
614.175250
1231.273343
1081.708702
437.988512
943.064920
672.034622
1401.406691
-9.921735
902.583492
361.243371
1411.477186
887.380788
789.793564
689.042111
329.103331
1483.720230
1268.195045
593.170315
1212.218905
926.551801
1153.921114
736.956079
1276.231667
1120.460041
1145.140931
885.376697
1008.341479
516.674490
1482.598426
1031.775531
538.201745
939.034632
1218.681890
700.025211
1406.338539
1210.184471
645.764995
1069.189619
1284.317532
824.046934
989.651510
274.430665
1222.260337
1632.053189
1431.436747
1119.184896
1240.101138
796.336374
822.001183
750.153519
769.782443
1965.785580
549.217087
1127.143058
723.463908
800.729721
523.321518
481.882732
704.360309
512.880632
940.855617
1157.731509
145.506310
885.769662
494.950630
836.623380
1959.359283
1075.181180
1078.940058
1256.866384
1171.328858
613.730563
630.293026
998.522493
335.459542
593.098049
693.127862
584.727603
554.415017
1650.129405
843.307682
1129.705726
890.732440
1333.698955
984.181587
867.989873
1298.972469
1338.363614
788.912183
428.126448
434.871854
1511.679612
1306.956001
1182.365174
1192.804903
637.896849
620.447105
1224.312655
674.255346
1993.181588
769.889840
1093.603205
984.432388
739.136833
412.696759
894.559021
837.742592
1394.599888
954.464075
1049.257684
1139.213703
664.999499
499.352469
799.709201
1323.164673
1383.062769
1363.217429
725.694128
1050.298538
1244.306061
1285.078789
1239.478853
1151.624813
1260.875433
1472.414820
1629.610903
854.314945
644.012946
1329.012903
613.401033
1023.255898
1331.077150
1190.249942
938.472709
1342.198167
1170.107021
1451.772310
1859.033151
1606.745797
2056.264654
607.422919
757.737323
989.287915
888.828454
945.401697
1080.537502
550.474704
1044.992699
1497.474943
1010.680168
1233.533883
1417.584101
1178.452171
892.231001
1279.081477
939.867105
354.358147
1668.555280
625.512047
1336.099900
703.790888
886.472537
1087.058088
702.907166
1172.812628
120.060693
504.205868
1540.929356
1362.822886
726.267015
1188.657195
1130.932231
892.936374
1534.247579
1218.474107
863.816740
1210.980516
1387.807585
-21.954753
1198.369519
899.103946
1434.945235
681.994449
1218.838267
1458.210183
221.513771
1639.924917
587.115182
753.558790
780.244883
1163.002011
1153.372611
704.480426
901.444570
762.143735
1566.246923
1787.914546
1304.121701
1351.969724
826.479708
1238.144058
1384.408352
1408.113998
927.203648
1205.394197
1185.046333
600.718132
765.144005
1133.763995
1674.302997
904.340369
697.190021
534.085190
935.582871
915.854113
1278.050965
835.973084
1312.648403
1455.803622
618.969057
1298.735988
718.913074
904.071686
1200.623865
1522.710517
996.763878
428.702311
438.888007
1245.700194
1164.541514
846.710750
1234.102531
643.740929
823.806646
1300.374340
641.395907
955.532126
1318.913849
1332.477923
799.142444
1066.116807
1278.158114
894.203288
756.990304
1241.556599
969.146849
604.693262
880.965400
1337.048691
1006.944936
1273.862366
1150.291666
444.263074
1161.433567
973.792922
1005.219336
1197.365535
1331.228954
1239.707380
985.786545
1393.764970
1269.675604
780.101646
1375.387352
681.043671
280.609643
1137.603460
1200.746430
674.686747
1147.834006
723.187984
595.367982
1279.910937
1138.359181
1250.862846
1426.348363
881.317102
868.315657
1173.163277
858.396745
169.377613
944.070348
1254.885314
99.509699
1113.691810
1144.436432
808.111656
901.217235
646.327174
1935.105818
824.742212
1259.153972
840.025324
741.921428
717.296180
1063.406615
628.918975
1585.532562
737.552350
504.599101
844.104795
1126.665222
1141.773273
945.995022
951.397413
1272.210355
1173.429373
671.382842
1195.657093
556.654971
341.569041
1539.595132
1313.371700
1417.159153
586.222875
1564.801338
964.528817
960.987765
1411.335394
822.887970
610.729596
775.163620
966.091803
1075.283942
1110.584307
1640.832923
463.797920
710.473470
471.780592
1272.760957
1247.105825
1037.869985
278.958812
563.548188
944.453706
1142.186927
792.003732
974.159442
1444.082657
416.986391
1060.830827
794.011179
1189.426009
1497.129449
1732.011178
1016.891536
921.669696
1081.072617
380.390052
1330.850077
758.423276
439.857111
1100.497627
772.233801
1358.991576
996.965015
901.022004
895.508799
1050.753591
729.839448
1146.133775
747.767955
864.338638
732.981669
1120.134773
1344.827543
1324.744936
321.874356
1126.389598
685.461931
1540.627458
776.920556
827.866924
946.358442
847.758451
572.240672
831.934552
1716.799784
751.823543
931.659895
1114.423270
1603.829590
902.167848
1231.687747
1093.093917
908.570953
643.376260
208.723400
1175.815572
354.649243
782.703254
1030.033273
1303.345322
879.950126
505.729253
1208.676501
1066.891393
1090.613082
1803.585183
890.498708
916.410298
1063.964604
1132.366078
1133.727643
828.204543
1535.859379
600.999818
1262.713488
703.258753
914.316469
1621.333757
455.834544
868.072830
1301.564926
1072.057509
863.504565
1557.595500
1382.737915
1072.323941
972.205587
842.645816
1240.049068
599.463879
226.782382
1008.467697
673.166809
584.049103
952.414520
948.015041
811.150083
990.943589
1367.633051
848.218433
1126.024798
374.836208
803.677374
874.092872
1225.836582
689.531855
1031.215928
1361.247028
825.606677
1332.260285
663.624566
1192.459890
1416.552537
863.562502
1332.028495
1231.242582
1609.473767
1276.111145
1363.700438
1044.229262
706.174947
952.503574
1080.357841
912.102025
1246.213719
884.144584
1220.258882
1168.152968
876.380024
577.283945
601.840620
478.069453
1021.114719
923.295173
941.671639
959.107327
829.154464
1037.903552
768.498893
515.062533
1172.318411
1135.781342
877.088095
1259.379726
1028.031096
1308.265849
1456.279280
1153.064359
1350.071779
1386.845550
1028.549589
1450.450430
984.085458
833.087531
675.718953
1178.675342
1346.613148
1156.030758
1531.705456
1236.120548
344.078518
1000.675495
586.224912
1479.548150
951.474965
641.239305
2032.398307
1016.208819
784.692181
343.660385
546.629463
621.525538
578.978540
99.462114
969.108009
1143.840709
950.018139
1191.508730
1144.674411
918.938890
1143.601324
911.769585
1437.964566
1140.077743
1624.220556
1379.413380
1286.647745
1293.660712
1744.100795
1507.063234
817.955125
757.981602
727.172931
553.038734
882.088733
899.852829
855.652528
2014.286042
845.630262
336.187841
1151.127071
1139.267532
1339.590165
868.069425
697.644256
992.849825
1082.068686
1032.347519
996.220160
296.742276
1520.743150
1069.192222
560.663310
910.010098
799.467505
1238.163809
804.575663
1404.620691
868.940344
1119.127718
727.388748
839.630322
856.765624
1648.886128
734.427058
392.211569
945.655440
884.069736
881.429362
1405.540164
1348.115444
945.249923
1621.223647
1153.778667
651.472608
1015.449242
773.816841
1416.636197
724.213165
253.650402
922.029020
784.584054
1524.191955
247.211761
812.651428
1288.156607
1257.254459
812.177679
1311.255348
1253.203997
1490.845073
1389.048178
1047.127691
1234.075666
847.873408
1234.818788
1053.715026
1150.772749
1199.278579
411.633234
718.920810
1806.779659
1388.756601
1613.810377
1086.667181
1237.883319
732.655714
1657.859963
1339.883237
1270.016865
857.964511
1155.661532
917.563193
883.199015
1513.535941
1255.237832
1293.188835
1058.728882
851.554243
1540.572057
465.889456
1368.963705
908.845711
1270.189862
968.073645
1133.932412
1047.616396
1353.792958
893.967757
643.935202
1036.820918
1146.328354
632.431519
724.237983
1169.860188
519.472820
934.137756
957.274763
790.273768
737.428543
210.295906
460.689101
1608.628788
632.653274
581.601901
1436.557312
1265.266659
639.960129
891.962649
832.450309
677.532915
1472.184283
933.284118
1226.923976
997.660669
631.296640
633.409249
1108.683017
1339.103228
471.918183
700.207396
1281.700283
849.223271
1427.857449
823.565335
710.717835
971.934292
942.085779
1382.599185
1203.652007
756.272850
1052.039019
1472.431531
1444.573773
1499.627489
791.147097
811.666294
872.458448
1270.495929
1178.816963
1234.447990
1275.615781
1724.539010
1371.365266
915.754513
508.376296
1552.573126
940.235707
1081.296884
1391.431952
837.458811
1277.703655
518.430474
1428.833319
1064.966027
1033.323214
1097.199234
856.671788
510.862497
659.436124
830.686904
1565.729379
1134.408291
1396.048522
1611.063271
1292.388885
1095.905515
734.230990
1266.859110
852.306591
988.705042
782.519677
1094.309253
980.226688
1536.127514
1225.082333
1252.457796
439.379661
697.625130
878.668024
700.390989
1327.266837
1009.277962
1308.928695
984.241515
620.370497
1535.393305
690.871887
1249.341102
1576.450646
953.593922
1058.967391
1058.605310
776.207461
1242.924692
382.406251
1223.033822
354.533314
1068.214428
975.355342
968.319708
1038.904935
952.047352
1401.307268
1310.279576
588.584888
729.871452
1040.873129
948.748142
972.520054
1286.121216
1189.510081
1699.347585
722.234054
1519.964192
995.730431
734.943121
1069.714640
1713.178871
1262.916270
373.148282
812.726738
610.155424
341.811240
1202.688328
1422.866737
990.095832
710.989079
970.211972
982.527470
270.175258
1400.464221
1435.515288
645.049269
1010.086958
1288.591306
1013.351837
627.227556
10.003860
772.936659
732.548163
1173.190840
1326.643554
279.564542
155.234811
392.488375
403.700295
1159.735846
856.709800
724.199271
855.940966
766.952518
996.902351
1145.302641
420.609204
1065.566049
710.216266
694.887186
1230.945048
1687.454582
668.516966
782.916392
1681.515899
1783.643459
962.063209
994.895919
554.907608
1076.866546
528.585463
1039.055077
1405.200415
659.328788
1056.746151
388.113687
1164.968208
1169.693282
1144.742332
1459.470235
882.684892
1207.358595
894.896014
403.023770
698.890333
826.207294
-209.856516
997.495888
801.131897
744.382414
1197.424636
1150.833448
1092.183362
991.426102
926.873766
1643.835559
1372.235593
1234.569063
632.971306
1091.683057
916.113732
1334.709544
886.065358
823.838078
838.579488
1215.282091
1003.247987
1453.980419
869.795214
1238.371570
581.034925
1397.421621
862.604773
939.264393
1151.142738
1477.183085
1398.493317
1203.488313
1080.804195
927.667072
798.554554
1193.177250
642.327016
985.438255
624.854691
1144.256170
1429.474006
986.176514
1255.325254
1093.156237
998.600456
812.515901
650.582775
1338.714449
936.026721
838.153203
1388.074496
789.060507
853.454468
563.183395
654.048849
1192.881720
479.349370
1474.251519
617.793636
891.133071