1081.818370
902.950654
878.575410
1223.833455
1033.790515
925.372906
887.228108
903.269321
939.300369
729.041947
826.935151
919.459566
951.914370
967.415304
1207.218596
977.574045
941.933248
1152.083321
855.482040
945.170104
1213.484039
980.166060
1136.417412
829.984191
898.080219
855.990583
945.130796
836.061425
1035.624460
1043.156855
1125.729133
952.892411
863.513188
833.731541
894.765577
793.101198
1335.483121
1220.535956
975.146703
978.688604
1151.359829
913.264647
829.016148
898.063572
1045.812958
1236.241578
1039.390333
946.028464
1015.239859
876.709119
987.300528
1056.957625
850.727717
917.867057
1046.926559
940.079805
1045.271684
1198.668688
860.871162
764.074595
937.754810
917.501095
1009.663401
1032.025575
1142.439263
1071.528970
938.730157
1098.097807
910.323098
885.500247
1051.739696
1039.233689
1275.535862
943.844888
866.690040
1005.872218
1212.374366
910.040613
846.892661
1068.877197
814.300122
829.154589
840.960555
1050.490350
1163.544224
889.968947
1001.050395
1028.154178
1058.966873
1219.022285
1362.646494
975.266151
923.500857
969.045354
977.730675
1052.356851
875.127941
1068.266659
864.312553
882.717599
1222.538981
1041.239057
784.822434
1079.747519
1227.428312
1140.719139
993.975330
1021.235582
1078.931517
721.849108
962.030500
1008.582392
985.043171
894.152406
956.941289
1131.510846
1128.639048
926.750174
1060.490442
798.945771
1151.131105
1176.622526
1051.955980
1069.296966
1094.762761
986.077476
1182.833338
891.300793
1124.931194
1060.268416
774.163770
1004.689048
1074.310043
928.043543
1093.301910
905.055426
775.588242
1052.010213
861.624434
1247.048192
929.278170
1074.034053
935.951796
1055.535960
1119.276622
1056.830253
1139.040815
1006.525221
893.602351
1039.432008
868.624914
909.658930
1076.482464
904.606085
788.053179
927.287045
882.706178
1101.931468
912.625130
991.835022
950.378076
922.918736
1065.491893
761.065262
1106.315040
989.785292
1205.212368
874.858571
742.578528
984.772902
945.345409
734.193488
1138.444576
1158.565704
841.533546
1116.411235
954.642555
1020.976515
1194.673963
1097.239740
1032.012490
925.951897
1162.754346
819.445722
1047.882168
922.466453
1014.520415
1021.097126
832.322686
1000.338305
1016.692935
997.121725
1041.855205
1079.563824
737.804345
1056.921485
1183.482566
964.136347
906.669521
1031.980260
1243.220068
956.483895
940.674047
1000.436655
817.721386
903.455890
968.509550
926.865426
861.261087
986.374856
1030.132328
852.998699
1010.965020
999.715590
1029.345813
1077.010146
796.876994
934.029070
1061.293034
977.865699
915.053407
1047.421876
754.900773
855.760235
1351.832906
911.694451
1114.817025
846.059225
920.956731
1091.613605
772.168087
927.606197
827.244820
1088.781458
1195.603481
802.091552
1046.731939
836.282410
933.225983
904.614405
934.948541
1050.882514
1029.452583
1160.849240
927.533310
822.447785
1004.470306
777.164104
1019.352898
996.523364
1005.343950
1096.317016
879.542442
925.854186
976.548681
998.013407
615.931857
1063.063378
990.949722
1270.643637
940.391941
926.785849
1210.112481
976.770602
848.704646
923.339021
1005.153450
1048.284934
1032.683833
898.666021
1009.314805
914.389729
946.444193
797.231886
1080.299528
759.879830
1015.105291
1173.014489
984.424119
861.960690
1155.886471
1175.967731
1009.660868
973.369483
1158.297179
940.052155
1000.644103
1073.686979
1094.590160
1169.674102
1102.613987
881.731263
1083.098750
950.224914
871.973550
843.067651
999.691855
1056.343587
1307.278107
968.588824
979.517308
1115.545604
1410.786303
1236.051072
1028.491732
962.623406
921.045911
984.582329
1065.129651
960.446864
940.246947
1248.625976
1038.479981
899.090709
951.684701
868.066703
1178.407580
1115.500798
1003.959703
1117.572293
1200.868516
887.208456
1308.002964
1132.669278
1011.897204
1070.732716
1248.835091
891.010745
841.863704
999.810287
886.392720
988.497918
1125.921842
999.679755
1033.516405
1096.536000
1057.161802
1016.234748
965.428938
1042.586963
1089.571919
953.850897
999.193794
988.141850
1091.410060
982.648997
1334.359954
889.681833
1048.629338
775.890678
1090.055426
1248.930681
838.454507
835.062396
1130.729145
979.578042
875.886387
1137.157777
1154.754935
1085.306480
977.937323
866.993056
856.711957
1029.796312
931.283596
1051.939590
902.857524
851.681412
1094.101095
1258.897387
1131.220463
1100.243989
1131.206507
1356.007023
879.406073
866.566342
793.126378
906.418381
934.263492
995.047233
921.739986
844.426045
852.164376
1005.186264
1122.016881
941.754548
1129.254715
934.067815
898.181718
913.168221
1217.519873
1068.117409
854.353287
1012.145382
1084.326961
1051.214087
922.473891
1043.174043
797.307494
997.888435
998.640715
938.639884
908.370135
1039.661867
912.095118
1133.982095
729.018438
921.900551
1167.222556
1019.873666
779.880908
1146.105952
1010.163065
1196.603216
871.957402
1157.427228
1042.341321
990.187504
1095.173481
1095.213640
857.194061
968.890962
853.210882
850.393457
1005.541277
1242.370466
950.791960
990.282659
794.213648
923.104874
1211.077581
1047.583685
962.653359
1130.844781
906.570888
929.946174
848.549369
1032.734144
821.289780
976.428675
1086.836781
989.417417
1008.392698
1071.689133
1021.009623
948.712485
849.028503
934.980754
1175.417077
1033.792224
1248.774585
709.838503
797.750690
1052.953267
836.997737
916.177141
1106.348071
990.530594
903.073488
1046.569476
1185.095827
832.317248
856.323241
911.377426
1103.193672
1081.353504
1306.758116
1003.723941
908.922651
1015.439461
750.678309
793.652589
1207.402791
939.154008
1003.177350
902.392515
938.229785
967.253722
926.825316
802.151920
757.022867
809.805842
1071.400607
1062.282940
1044.816321
886.158797
1095.724090
1183.950691
955.616245
1093.443506
1083.617659
1017.295000
762.320621
1086.342777
971.926082
1085.995196
1039.978520
828.275338
1190.369218
1212.415013
856.983043
1238.363626
1239.396831
1020.024792
1181.330564
996.001072
873.383678
1109.514342
1146.659325
1188.044757
1134.988071
957.384510
832.962143
1000.974334
1010.648249
833.296228
975.483336
934.307406
1177.064345
886.761695
1067.466774
1216.565245
1163.958189
999.390091
1145.073739
999.748408
956.784804
881.173506
1014.459043
1017.899445
1064.548963
1079.799933
898.145636
1020.898377
1131.219581
971.500548
993.049831
1123.360361
1024.759528
1029.227742
1095.601123
1020.586108
1000.481141
1119.336099
978.529216
1132.420858
933.768151
1059.375063
869.661319
1231.179481
1139.804418
1060.659370
1219.405854
1082.004074
1067.163950
1155.192221
848.442333
1020.406692
863.781540
1121.372598
999.166314
1185.902699
1202.934257
1014.870926
1041.462296
888.029090
1070.695267
941.871132
934.351931
1215.708898
1137.177762
945.041146
818.304350
897.496846
1058.435982
996.209707
1252.286798
1144.323528
1054.664546
1186.368993
1370.733437
961.254294
1104.927773
1062.876369
835.545158
898.324678
1128.000265
1042.188529
1075.691151
859.923700
977.746976
909.805619
880.885124
1145.792240
1000.230079
965.670892
983.266522
1048.714044
987.021414
1014.437702
618.873037
1062.495277
906.222954
974.380626
1178.172291
1022.572984
817.672033
1408.617852
1012.837938
930.849400
802.360194
1035.043555
841.699421
1191.720442
1033.898317
906.590152
945.053219
774.419163
713.286712
1012.316627
1095.830613
993.541209
1194.531891
983.655234
1061.275475
1118.296749
1108.025273
1132.734179
1146.785466
813.545378
1178.067412
796.514720
1114.509799
1188.994196
958.058969
1172.122474
1006.001302
940.017904
894.569869
986.026455
931.068157
1145.722385
1051.686529
1042.940323
1152.764685
1114.065215
730.162627
955.973559
935.709799
678.945463
1044.552570
837.793374
1093.553033
863.922089
969.015384
1127.678625
932.055477
1020.393141
1158.846163
967.543612
868.643602
1156.517455
990.047243
1140.627576
899.157520
895.452361
804.025552
1177.333971
1028.374217
952.365743
1091.498401
1009.709399
1013.706388
1139.684373
1081.941125
907.561197
1102.955931
1007.014270
911.500327
1000.336200
866.043892
936.557580
954.055395
989.725380
923.870849
839.509121
1094.184257
975.138638
907.352802
1079.434942
751.040584
849.748300
934.409839
1007.510073
1085.316572
1030.512334
1116.808236
1081.080993
1009.411636
941.815614
1031.893375
876.912616
1070.374503
983.076945
1052.114424
898.868012
809.614193
958.827136
1014.383485
805.365480
1116.523742
1017.164054
1079.125059
1150.831477
760.450969
1028.691065
1176.517879
1046.256065
659.425728
937.177620
977.421566
1084.847696
970.639891
879.666200
996.523402
864.297606
1056.702229
1081.358503
1083.449382
939.015916
981.546433
1075.772037
978.499761
967.943265
896.110237
1155.901398
1017.932674
1104.060491
996.571082
953.376450
1004.740661
1381.288553
944.157072
1004.774404
1078.553191
986.565755
795.759784
1115.466691
843.749312
1055.594071
997.653827
1263.928439
791.824772
879.425317
966.681240
950.460708
932.476845
863.167418
941.811958
1123.550096
1066.817954
1239.395074
978.979404
1103.488425
912.859463
1225.651607
970.745231
945.879911
1112.312380
878.850567
979.820456
854.549685
929.338734
979.301463
707.230416
856.531794
816.767355
1067.210664
1206.429759
1137.690992
956.679368
816.671608
1026.731556
1073.835829
1100.263846
869.739729
977.494003
1006.165975
910.069896
1108.469721
918.304831
1024.707025
917.287583
1086.235159
930.332667
990.508953
790.911158
805.575146
954.446831
1060.111978
866.965627
998.276758
1205.119342
1048.528406
978.099978
1088.219172
1039.068757
753.197512
781.291500
1021.819077
956.176170
971.183165
886.622387
1033.552985
1107.430448
866.227966
921.132676
940.817434
855.545351
1336.375697
895.777836
868.157167
1015.509193
1105.723142
731.367238
1124.196839
1122.429653
1166.267441
1030.559069
802.900367
894.929012
825.941668
983.620870
905.018838
913.666350
892.365278
1124.334488
1010.796330
1056.811638
822.400180
964.380068
887.484856
1019.533237
1008.986295
859.452391
1000.613232
965.167712
852.203747
801.006183
936.769397
1091.037789
1075.442726
1079.364416
1003.016836
1029.098060
930.817274
845.928233
1195.768187
900.901358
1076.858416
1032.519655
1091.511894
1198.166524
1038.637418
963.129140
1105.751355
1049.479020
1096.249720
1140.079259
718.394469
973.022412
1190.932632
807.302865
1004.243166
1112.997048
980.344176
1004.042796
827.111897
946.046361
1107.007857
912.231772
997.344896
1231.650968
978.550171
941.649711
1087.185141
815.711706
842.609718
1140.950352
1015.665464
1013.168959
1135.333357
1136.527830
994.288399
994.660351
1003.644916
669.248043
956.865064
1000.292577
890.809973
977.224148
1061.066288
979.411175
1129.890645
1118.839284
1131.617071
1152.649602
806.891256
1019.755362
814.586151
1067.130226
884.169868
848.653963
890.923599
1138.950473
928.939807
991.269184
1188.028739
865.217186
1142.035443
1304.633340
1114.169243
986.415088
1000.832608
982.049184
845.025778
1186.985851
1110.590668
954.017156
738.404681
818.206710
941.805485
1053.396436
1000.506900
1029.371851
940.206690
1128.342876
1091.591831
847.764801
981.845332
811.789711
1112.522508
1114.696808
1119.258267
1049.991417
945.327371
962.241290
1227.523651
975.019432
866.319070
932.177430
901.271673
1057.737750
1130.304374
1049.167299
1150.469033
1003.170848
1037.523748
1289.637527
1127.044473
1057.081358
868.044389
828.984696
980.772691
1126.405435
1081.764795
1284.333464
1126.863286
1015.366729
1044.923787
957.306202
868.914564
885.148275
1050.599769
1044.992403
1080.681583
898.221918
968.075319
1201.490833
1130.479305
975.758038
1077.607233
1081.575391
933.248857
1073.805986
940.099235
900.581529
945.144940
1043.637959
823.800904
894.061513
1021.433885
917.735750
966.334328
993.450923
1084.634137
995.373591
778.429180
1004.566928
1093.155354