691.119641
1623.594131
344.555252
959.987670
2184.004241
1805.793741
1034.077143
1013.667922
1654.271405
1378.697238
613.174862
380.106922
524.166017
1531.462304
242.202246
1656.840085
1312.903489
650.079488
1733.564133
681.183216
579.663969
1379.499934
574.552903
1559.443368
634.767636
344.447168
1836.721686
1373.974647
1347.509183
978.566332
1928.533935
2051.653196
865.305604
248.588434
890.374643
1363.580700
1586.191328
1034.094254
1769.264015
1618.977683
518.401603
1101.520198
1731.497745
-54.137595
1689.559857
309.553947
964.139617
672.843362
1505.630850
1203.870998
1055.123947
1052.349249
1107.581653
589.027568
525.126607
1218.584049
1415.938452
2165.682457
1482.015935
644.262877
294.050296
1004.341866
863.900386
1387.265337
1586.364596
1231.026584
734.717527
1179.782791
1041.826741
1186.909211
515.570780
1365.653214
1285.658386
1135.374740
1302.125547
1311.740832
524.190315
865.379497
1326.760633
1104.491858
429.020224
1463.640364
417.494822
1239.713805
951.535630
1560.307167
745.911168
1039.769813
-44.102118
1696.095213
1298.718581
1945.470793
839.307017
792.601592
886.261414
379.346270
1126.290765
886.163808
680.055849
714.443251
710.076110
770.579238
816.656206
502.207419
895.594419
656.608267
1647.555578
323.178254
1566.673793
1191.509040
1294.572589
246.748708
1389.968784
1816.365117
408.238652
1072.456076
1043.547201
1995.034672
1527.545783
1258.866242
1215.629076
338.811294
2500.777978
1948.619089
798.659965
1662.064930
1490.417506
2348.998211
1480.186266
1389.080004
1951.115074
1221.498657
1629.120190
546.158374
1108.261407
771.803765
764.079644
1234.564148
-210.576248
1487.011612
132.705482
512.051726
1211.735502
748.070970
347.960290
656.815007
1553.037069
975.760592
-1.081079
1036.808842
438.082091
1122.382693
479.260470
697.223450
871.751494
80.613228
1131.328530
1068.960353
408.674385
1795.716254
945.873519
1475.688798
1951.535998
1239.331766
851.748077
1769.728166
783.435971
475.071170
139.231793
795.021265
1113.490173
1680.670889
1940.085986
1616.619201
852.009516
764.400551
800.642496
1209.424273
402.515596
343.829674
1010.751278
690.525953
936.428990
1019.032147
913.697473
963.694186
1069.649330
732.362009
709.775803
897.152787
1953.822877
215.821064
99.552527
533.653881
1551.952746
324.162534
987.108430
1225.954918
984.389041
1176.513003
2048.705043
2494.197470
388.909645
1501.863903
1016.467885
535.011619
1279.681339
192.633119
2637.890073
1171.011206
1556.245466
658.763728
1185.408183
1388.558282
901.197183
1231.649224
1500.919964
1194.079899
870.606716
2073.262664
1682.999320
682.905106
1077.829015
597.771963
1000.512778
847.686679
1624.769411
-228.325628
1217.029610
1400.413592
1145.083523
1112.026943
206.132378
1959.807865
443.747594
789.715298
1312.874047
1671.331520
222.859434
778.824602
155.504459
652.153815
577.868472
1564.008651
1495.668964
901.806459
1372.168718
532.362349
992.206121
424.030019
851.398063
1371.402605
580.560823
990.142437
1198.399279
1093.218822
991.161037
116.147097
498.707403
1179.657932
1238.180434
1299.120703
1539.859565
987.241759
1654.119065
301.524185
1199.533054
1490.317030
-463.952330
677.657327
804.954460
382.369658
-324.467101
2187.158689
955.021589
578.675726
1831.303614
1453.714863
799.371539
164.516938
1346.002679
1197.458605
936.900074
1343.008899
1135.408611
1453.699830
1008.380909
1084.555147
1313.801186
78.312285
930.709768
1352.459604
1432.946579
2810.867291
411.141888
437.752447
467.200954
1742.664242
1438.915655
7.891325
214.863011
-132.455764
318.916093
1259.283075
1790.432347
1107.334191
1698.365529
1041.355324
13.989177
1167.187547
1039.663685
1691.055452
65.640586
913.191991
1079.997811
932.368418
788.151275
1338.199779
1264.684437
721.995118
1159.462866
668.623712
618.334183
762.983614
464.632606
1762.981584
1710.517129
547.555282
1360.538248
-16.317678
909.093464
336.225091
1553.061226
1056.078810
1160.155109
238.553868
1250.836411
1132.732164
427.082857
660.883505
1837.619663
497.671045
1315.597945
1029.275413
1869.924200
1257.256846
1326.254955
2057.123662
1343.819006
1477.656849
576.420060
1840.341342
55.894267
1111.371721
590.923778
1446.767018
1267.798301
755.166329
95.412159
1479.963398
957.880773
935.026813
943.189044
1361.199706
1571.935589
1086.860060
842.909698
721.743441
1371.256454
808.307753
1262.912249
1050.225746
1523.646256
1709.496611
1493.763745
843.720902
964.674688
562.597946
1092.552555
890.226759
1715.579309
1333.638545
836.783080
1143.917922
1183.860127
1053.016709
719.968922
1066.487063
703.448826
1069.824463
1529.523222
1270.782607
443.255365
657.541551
1394.414245
601.344556
1415.650791
885.311723
1947.401985
1397.798195
1254.077829
640.666155
734.402877
308.792604
1392.360656
1046.042157
1207.888542
1472.595308
331.085160
338.901724
1108.410418
612.766344
1191.392212
1333.646839
-168.557016
1001.111467
984.499930
1434.692967
504.365133
1300.058583
1152.103536
582.366130
-705.183628
1183.029471
864.332811
941.930765
900.448040
1032.059881
892.966466
868.134987
1123.631941
708.941001
1053.640378
802.659559
951.561397
204.080956
789.789691
608.308125
1638.321861
785.724795
1681.123899
2055.987201
2031.917809
-42.860929
989.808273
1213.695191
1406.631227
2140.251669
682.905316
723.813731
415.562211
61.502182
983.461748
11.251879
1096.875895
536.708824
615.641154
922.287087
942.986345
1985.411564
815.941329
-154.055604
1747.796371
1216.642088
1406.740904
1204.622613
729.738813
402.671202
959.787999
311.053134
-337.255798
1534.688063
559.515304
1374.304309
678.161129
1383.432853
2100.352826
871.164633
608.332049
993.587884
1454.170643
1984.334569
752.044944
1486.067645
1554.217946
951.110185
1152.018439
1016.390993
788.158686
1076.677855
647.022458
1033.968554
1119.727329
1371.227744
1279.072165
548.698383
2009.430707
1650.737125
806.155207
524.655990
923.344191
565.588777
1763.770704
143.204856
1618.462621
880.003966
1477.359593
801.297752
1291.050134
1802.881081
661.224417
2013.067763
759.312898
1177.495038
-545.332680
1373.786764
1621.225958
1334.330630
1727.541370
689.918321
1320.024512
1999.535997
1184.807751
978.145206
347.469536
1242.056038
96.932481
492.077648
345.017193
693.258692
1755.169654
935.034181
1122.168981
1388.774648
1370.647092
1622.942118
1475.342544
687.269807
596.880030
572.830919
899.103374
794.638766
1645.196576
1184.403388
830.346821
487.379840
554.329475
891.513027
1204.672116
1677.683869
155.064290
1010.316126
1386.653652
363.605837
1784.075864
992.053608
1744.779372
1091.419379
130.105642
1193.156121
1838.049378
118.076565
365.114996
1598.485450
721.984650
934.900565
1654.728692
800.803792
533.929277
1290.679925
827.220089
120.052870
1022.008936
-157.577156
1950.839721
604.797763
864.960478
743.685662
902.252229
1816.547319
1088.159553
1138.130887
742.967474
1315.414561
1464.861309
313.674956
971.834372
1240.277396
754.192803
1393.801120
194.272062
742.875648
306.020335
1170.890951
1075.727611
1537.349331
1771.171630
-26.899981
1290.373938
750.336042
1531.343434
1678.592000
1562.669048
1140.286335
817.885638
-44.262386
529.496806
718.800922
966.095686
731.747842
-164.519705
781.290689
1555.698489
821.998080
1048.741045
1302.948784
1292.307733
1388.618422
73.854647
1219.329021
308.150234
1248.422201
539.102753
1350.994234
491.467317
953.777030
723.643966
1996.448385
1007.535249
1054.953188
929.866881
95.419512
36.852837
668.015124
392.146887
376.716199
1380.493000
2600.981950
702.957587
2131.756156
638.792980
1017.565612
1237.602320
747.895952
1068.325522
1382.544122
1142.998273
1045.387158
1480.444014
1557.512051
1237.696746
361.267413
996.197846
1149.775615
269.524082
643.701820
825.803641
988.185512
245.950328
1624.878047
1136.869782
1401.601198
458.353041
979.320250
1357.380857
1443.171099
1058.629496
1078.112621
1547.204379
576.788899
1207.447212
189.850123
719.301372
1263.797063
1442.671315
1332.728455
692.597613
2570.958466
1462.326817
1250.098771
691.721029
793.512360
731.642696
908.090761
1639.268807
1257.365641
327.363805
1926.306603
989.226903
544.019012
948.278662
896.480361
1500.707623
1686.760548
1347.003901
607.013647
671.237766
1798.800813
889.802533
607.552148
611.896874
1851.598940
816.293179
380.254172
853.374487
781.303184
901.265277
1926.766928
1753.930334
1286.042772
411.418455
1380.144045
975.413301
252.225738
202.418978
742.393039
1154.236217
315.901653
456.837786
1494.246923
193.333756
1419.008846
816.171481
900.073849
1271.887638
679.888780
973.170571
1266.553059
561.370744
666.638429
1419.418371
875.000251
1023.866562
1054.704559
1178.871027
1457.828699
1045.033746
1669.561600
849.382439
205.463998
911.816088
1238.794564
862.464005
1153.151738
1185.096980
1548.642140
561.513691
1317.087599
135.941978
1012.696586
834.030388
1214.082199
1337.699991
1321.717475
1206.827867
716.385301
881.439516
1094.714159
979.689735
1315.300477
1274.513866
790.398822
913.721508
1019.620446
673.610740
268.849150
1651.172397
1146.248854
1903.314009
1371.086990
477.333271
607.793186
654.088974
413.755704
559.553459
954.376583
605.357341
607.602588
522.895240
1686.278710
954.391172
677.828427
832.368389
531.424774
226.621631
1216.595472
1487.108582
1511.936572
1316.118789
1656.681705
2329.318345
1198.080446
1533.170020
253.177260
1364.424768
-71.469890
1239.984394
1061.718915
827.046491
291.833001
1520.484372
481.235936
1551.755236
1688.883542
446.847835
1170.658790
1399.903797
459.437469
1396.207148
1390.061743
515.198934
353.646557
810.941427
744.052013
541.701187
1662.777961
2759.684843
164.258030
1074.326454
1270.501168
1342.617618
1148.206506
701.577209
1933.498406
181.558305
1314.127472
2098.180838
1021.941699
1056.395727
888.261959
1537.073177
-238.589256
1986.567112
1246.858530
1102.825965
605.531448
1507.640851
1214.033323
1264.249998
295.860105
948.992583
827.169321
1257.124294
1676.786614
800.858478
1021.216475
-23.125303
2091.479984
287.555493
797.130913
1527.822631
232.822811
946.457975
871.793079
1137.539190
1122.706699
1026.960399
546.344291
2135.065025
1560.601837
1195.329772
1450.516746
810.761019
1909.217812
527.927861
1063.476025
1348.569561
865.332657
1125.570796
1788.403519
895.523217
729.485360
912.515231
1921.818075
937.404056
1878.355652
498.649066
641.426272
1890.346418
1495.630807
1483.322983
938.042078
1719.413166
1442.316383
107.854285
213.745834
1376.371895
1496.858107
667.060606
848.096424
963.000118
760.743917
1349.330869
1598.760918
1353.015216
1279.026089
828.833325
1560.113011
1075.780639
-22.290501
888.542404
1663.504129
111.716327
1000.939847
783.534316
1477.673254
756.782949
950.911179
1019.703635
973.509169
896.089319
234.714355
955.512967
1946.418262
1358.644550
-655.537242
652.133200
1701.967168
1534.909986
388.540380
612.591101
1152.970624
1316.237477
1509.906032
1149.933867
1562.272505
-91.724226
1314.864353
1206.030016
651.610814
991.096278
721.008291
503.985916
967.637234
2040.845692
1234.344412
352.254733
241.969730
523.666054
1000.138838
381.942330
122.001365
837.405862
810.940068
354.754607
1746.536607
1157.576474
1060.049219
1947.450930
883.209131
1472.640577
1391.395392
796.153737
768.437947
891.087646
1271.068369
1495.347480
608.961772
613.887530
2016.573221
699.981439
141.528755
2127.837949
1372.025633
2604.076704
540.117071
288.510350
923.921684
764.022014
825.117988
1954.996319
1287.944295
1176.475700
929.527123
331.835591
847.754358
1340.341398
1456.657194
491.583034
1016.669962
1053.214954
-40.017371
-214.704045
2086.161397
99.093365
1357.529675
647.616110
869.942637
932.033088
1575.581050
1218.553142
623.383649
-688.397286
454.430152
1215.899325
682.091719
753.678099
1406.577436
511.511089
990.619776