1385.646869
366.753355
1001.466331
430.429894
1476.760846
1144.085659
2030.040590
1596.714700
1091.138406
468.786480
1110.705848
429.031366
1021.522070
667.268223
1150.003941
1007.821484
1274.984174
1085.402462
1514.771938
806.984260
793.375043
981.055834
1092.485011
1198.269719
676.878714
508.033276
803.688920
775.041754
711.340817
583.420118
805.358213
1712.664251
1105.215875
1297.146600
711.815638
1030.812945
440.442612
736.445037
661.652462
467.967031
917.125447
1652.336689
1327.346542
1060.829296
563.861556
448.417064
619.379696
765.463980
948.609821
1216.387776
545.620193
1145.795721
642.240949
683.080909
1218.070153
319.204554
881.084359
890.131585
1240.460126
1041.357684
625.754941
1025.970336
872.151820
1698.057603
1542.610519
338.623220
1509.346376
1150.959083
956.871800
1269.188108
1408.243678
475.251657
799.792858
168.991876
1164.995316
1336.812107
805.209819
312.848980
898.521183
855.074731
1340.975200
1624.190123
361.981866
736.316233
1424.573333
788.650035
1394.334805
1088.455342
780.746324
169.560808
1238.145102
1196.511870
1892.344530
542.689439
1300.861651
1199.097408
488.327227
424.531471
1182.023086
589.373879
1093.973226
1005.700173
947.394264
1141.958829
321.105794
937.003031
1252.777257
992.933304
373.599274
1693.571084
907.838308
1052.684230
1057.052710
1147.466173
1460.431488
1424.506109
843.899502
372.834774
787.147398
1247.935074
1455.328653
967.692875
239.703270
832.925164
1408.317371
773.822225
875.397794
1195.491694
88.574540
1611.703824
846.795594
692.428711
748.565949
891.374104
2191.961841
624.069616
698.834339
599.849670
1956.015694
369.038267
557.802131
1171.213459
782.209447
389.643578
829.666752
1567.935380
1035.575180
726.545734
1333.338325
563.181006
1112.682412
946.792421
577.600696
867.150353
750.783215
1137.028833
1350.673885
939.040958
1103.981569
577.870064
1573.412184
1425.615549
1439.806922
2306.980768
978.308819
1091.385758
1128.133213
1391.578096
589.153595
842.966340
1373.071397
1213.005621
742.766930
1582.581588
1330.119905
682.002374
322.826839
1167.754958
1353.749258
331.809080
579.572172
838.471919
1130.485734
1602.037247
532.770798
408.684952
1161.321722
211.891947
1859.117000
746.600125
1157.557254
1130.462253
1266.106544
731.807777
1049.731162
470.290898
1159.660824
1594.235840
1175.372713
1018.712018
494.365631
1581.071487
1430.716622
346.912426
939.988145
629.297301
1010.560677
1160.851775
1125.471833
668.116674
1046.839783
1408.070888
1280.494056
384.551872
491.189929
1242.237191
754.239267
1535.196070
600.789236
408.316934
1639.259248
1154.421817
1380.696171
803.164708
876.879420
1087.998330
930.780695
555.219896
126.350120
1288.934338
1587.206433
696.136575
1155.499982
867.299839
732.739292
937.161046
371.785004
1101.347797
863.346846
1258.394480
961.212835
982.422354
1362.598291
1063.748004
643.470737
639.585554
1453.751690
2050.499891
1281.716158
457.982678
269.586831
649.966261
1244.214453
904.467473
1331.223053
926.426804
606.576751
1365.396210
562.827047
513.543726
723.216724
1535.658803
1362.052428
1351.476584
533.657224
1377.160608
1232.858169
1200.595844
1346.895071
1058.785928
938.593502
455.500277
1312.875111
1592.779594
919.135648
1213.732872
1085.714380
775.682045
983.699166
891.266656
1056.396052
898.732161
336.936871
439.859289
1312.717066
640.575375
1081.538853
473.064065
680.321119
96.634473
1538.468781
1368.846750
1227.122725
1091.167154
1339.944684
967.526116
914.303545
1237.527701
881.261035
583.298274
1194.599888
1722.582259
1079.818344
605.007510
963.079768
1333.598254
1249.984656
741.341073
605.083593
516.663761
904.868419
1443.751960
1549.146361
561.542753
1335.077909
1555.973079
856.179709
1031.846521
1027.404456
1112.396443
662.639591
1182.174730
51.543740
1399.503590
930.017290
931.503407
1043.185206
945.484350
1565.331063
1677.643411
559.855022
1136.739651
1176.100688
1277.950975
11.294162
948.049514
409.276775
130.721193
776.088096
286.357791
1681.895929
1172.994232
398.473293
963.727445
1423.693410
469.316564
1765.616904
255.676395
669.569358
1129.235993
262.499222
515.122072
1290.847345
955.518679
1277.616965
1043.382963
412.017277
1601.786866
1286.043162
545.781438
645.665143
988.620058
862.875003
1306.290858
1662.966796
1507.222787
1100.026863
853.371843
1171.654616
1027.375365
989.533418
685.066247
-64.099054
288.683421
965.230196
2153.124013
1078.164690
359.802708
1829.059403
1993.365168
855.837803
1391.596291
1400.517238
958.624930
1160.149841
1156.298747
518.131545
234.241942
759.896622
1029.565834
1025.260499
938.123810
1443.404632
1186.384530
799.784007
1619.482000
947.103676
561.328942
463.021258
1084.900767
581.658815
1074.021822
1052.609517
1568.141870
667.928635
1094.486721
1781.911486
1016.267346
800.994507
1229.825871
1093.592213
804.646863
1322.105566
900.738937
451.873118
771.627002
494.115780
1109.736168
1173.579751
524.756836
1296.728328
653.128698
1687.886084
1359.768707
1359.388453
545.510436
1522.530740
723.504422
259.174920
1336.965793
902.354535
1360.109846
1205.243613
188.055309
1558.680667
500.905859
1270.607805
1202.714026
1371.433708
730.586968
910.150284
1221.737391
874.551413
1336.573392
895.631658
896.481340
1005.587067
1663.414580
1029.419936
253.971375
1280.460110
1438.624098
937.560478
558.272602
1068.258035
345.654217
534.030904
855.534126
1097.497740
365.373413
952.109079
1047.041505
837.243625
425.385465
1080.334623
212.730550
998.244505
466.642021
403.890654
357.420809
903.174099
1929.757623
562.412537
939.791383
678.243582
1584.258225
995.255999
834.092802
448.430460
861.114773
1214.051458
41.839220
953.823532
1619.946091
1212.289951
919.114256
1045.905966
667.991521
629.056966
918.031696
1044.954886
548.190335
1220.929882
1060.126081
1035.206924
857.513960
2055.430186
1412.767953
823.915366
870.698662
994.024532
1193.218679
650.833296
636.498013
1367.123059
1843.377401
1502.951476
874.292266
1197.921323
548.948504
688.965265
683.965300
1918.544274
789.244380
808.566648
1606.787380
1217.839822
984.825455
311.703426
1215.821961
1173.318078
1421.787684
903.798550
1082.522128
1197.195903
1048.772492
924.140163
1378.427675
790.730211
1001.159694
591.911504
1671.633287
1188.529195
445.768697
401.573363
542.414347
992.628373
1678.263890
1084.481245
731.290809
1593.883952
817.163240
792.152323
806.099502
835.119987
460.007725
1078.045030
1167.277187
979.266363
1386.924547
1139.478232
1283.028720
452.250323
890.975504
795.084278
942.226916
279.945907
886.710086
1650.369254
1434.412917
425.592249
1174.969161
1613.903585
1045.054668
813.003893
1138.955211
502.120058
1469.408771
1502.862017
1012.765112
555.302748
1192.141987
736.651767
844.112497
1429.988470
1009.127608
1316.863841
257.436137
401.052070
695.813691
1177.552902
989.422690
630.536841
687.120668
1955.188023
1441.233431
1560.037032
954.927708
1101.849335
347.469262
498.423302
1137.460327
640.614628
1023.545984
1335.744721
1158.189809
894.934161
1174.791425
1528.271949
241.981444
544.776333
780.736438
949.988259
741.428514
1555.840573
1321.095641
1446.570054
1464.466038
1386.200317
1064.531973
1112.900316
826.821025
1435.847375
1848.881137
1303.487729
1351.267408
844.610868
1565.830923
1270.935862
201.519739
357.151253
666.860971
1160.279175
704.803153
1119.533833
-59.631999
1142.335608
1889.897484
872.976781
1165.374110
661.586281
997.739634
134.116679
1396.840454
258.722241
916.904140
699.166926
971.982978
1212.680563
1360.276206
2066.838519
313.789249
1018.120791
1407.455612
777.884652
293.252217
743.946694
724.560693
1115.901868
1588.414316
1212.594636
954.344293
1387.364262
1291.568922
1753.197995
706.894347
533.365324
-438.428443
1502.049948
2084.412491
1348.955139
1597.398593
844.037511
1211.348807
1477.825911
899.193348
1274.490452
725.730277
1135.738907
1637.044089
1286.488651
1913.623516
786.931792
1373.998760
1808.144390
1188.048147
1197.651171
1029.172163
597.334373
1422.752909
1302.282107
1958.051189
486.512941
885.110937
399.475331
765.239066
1429.897221
764.958116
1325.895645
1254.222812
1413.268860
1265.241459
699.866973
1154.942169
1082.647180
902.240783
13.105746
1236.124547
335.136242
1701.524497
814.850974
1132.204621
1314.255040
1694.013181
1650.387580
458.715736
683.445453
1519.491126
1173.203408
971.203921
816.335104
1822.283844
902.250025
1476.447074
943.645072
442.647572
1104.908307
717.859001
1141.248077
790.880932
1092.705958
805.125319
1087.273028
1542.625742
845.377552
1373.942624
1704.367367
1260.458717
625.906582
930.375861
761.348893
1328.870679
1758.282919
914.099899
842.227921
1231.965638
1123.238906
576.690391
581.570695
1212.137779
1419.231821
1375.935644
892.076379
990.943488
1441.245612
1348.668662
612.857098
636.125849
668.864577
602.779166
144.734389
1070.561807
1200.645341
1140.436644
923.878329
662.570968
882.660378
845.529488
1410.163913
884.120247
1392.124086
1107.908004
1120.226543
1121.851187
396.440857
968.198322
538.722460
742.776712
1398.230207
581.951025
791.430802
426.448859
374.655346
1175.745618
510.587969
1052.558151
894.607007
1352.102794
1230.453818
896.920398
719.889941
567.806680
519.004821
929.275645
333.330298
907.027001
1329.899367
1396.391204
1162.685122
1191.050561
380.456943
80.989217
992.046793
1237.783220
1414.984280
368.789562
744.796912
1867.417868
380.551314
1098.675513
995.793393
242.859116
528.296323
1496.748949
1022.680372
1407.131902
422.148776
324.180734
1818.348118
1265.162902
966.041781
1350.227123
965.856354
1470.121743
829.607133
1825.411645
911.383744
1026.892270
381.720003
1695.265616
628.384401
353.182590
1081.309550
973.097289
912.102357
1421.426966
339.881093
211.800193
1085.753947
355.352996
947.214017
939.820043
1196.344199
1275.419974
1720.286786
1605.397052
781.664058
542.253604
1487.908860
842.955666
1319.564398
842.865634
1362.482520
1033.460773
412.795557
1000.182805
1240.819803
1004.910890
872.577131
861.235388
788.070163
1231.389078
1309.299599
535.716780
1208.857055
1324.812574
251.069007
1323.057509
582.100302
739.272788
196.685038
529.578951
1154.915498
624.013728
812.729752
1038.133404
726.445340
1065.498213
754.489551
184.712944
1215.838684
845.641234
985.995811
870.524301
802.787678
529.702361
671.593653
725.826608
889.233223
1818.435834
1589.761879
-207.382083
1221.518779
563.946609
773.658710
1599.289519
579.827504
2041.360941
1207.480003
842.500479
741.603689
1151.293400
916.396574
1372.182977
-15.746151
544.751315
1034.440364
293.945027
174.419966
1962.345621
633.914693
1328.730000
1170.951773
560.026965
877.441319
923.750247
1472.017483
908.161531
359.417618
1332.037808
559.866751
1105.331312
868.293460
1521.089117
739.407435
1909.152282
426.032645
719.141508
1459.981564
795.176312
533.559041
655.998625
965.482375
880.769076
561.084499
372.973371
617.961143
1015.195661
1028.043286
1133.785251
1426.846932
1305.603230
1380.586667
1108.900861
613.876630
733.817287
1315.506366
1048.888288
986.563548
306.046359
1313.651987
947.050043
1417.695909
998.476032
950.781015
1958.966455
823.926656
1183.939601
1422.660674
601.328246
991.237891
872.042345
1587.644355
1869.215490
1083.757342
913.439767
360.713102
2043.246318
1484.877405
333.910713
1611.515146
483.199039
562.712939
897.190632
640.481690
397.643643
1206.785912
1136.952607
1314.432292
680.540311
278.352451
1178.457374
1568.031090
1428.094922
751.936496
815.808167
686.467780
1625.924534
929.843943
1478.635242
557.394162
705.037043
1251.804331
708.566177
1219.328683
1217.494666
879.889287
1012.295692
983.145136
1049.650762
176.862108
502.003380
90.434878
1465.603929
491.001219
1682.298750
828.909937
1118.917581
1474.735861
1929.114179