1814.152957
933.135710
1829.325097
-286.576821
781.754551
1108.518454
854.144923
122.394906
318.387342
950.081536
1166.889922
487.714851
469.563255
2439.596733
66.373011
607.005718
1197.434245
1494.629340
498.243724
1087.671143
995.569685
1588.559929
922.700602
977.520125
1340.132669
758.362547
242.747464
1151.020482
1389.125148
1195.343991
1352.763753
1554.038416
1277.976372
1368.722496
1813.936882
1638.439403
2247.611843
451.939976
1045.869234
142.781008
1156.478699
723.735437
668.801044
599.680345
1754.374922
676.826216
5.052195
1113.857709
1854.146026
1236.434334
1533.099048
1777.639885
1951.433803
1315.912222
527.198803
980.524015
-635.508800
565.424887
1035.252269
1845.840494
-25.380879
1327.257515
557.553453
1424.006492
1680.205567
1369.390804
1053.285332
1314.036425
1600.266317
867.891769
1522.078862
-243.820428
281.140114
951.179265
696.133120
490.309652
1023.510978
142.238447
785.312916
462.337296
916.796483
475.358993
405.973231
1450.634443
1306.993457
258.670169
1111.343240
634.754190
933.292344
776.836781
787.057306
964.230511
88.183732
590.555512
611.992957
924.837053
459.021817
1793.079967
1052.810672
882.169677
1394.011844
1792.185587
1389.254258
574.989639
1370.841094
2046.598494
1553.490792
1100.893087
995.022215
165.686708
361.979037
1277.193623
1227.064796
1964.317914
1047.036623
797.462308
1338.585824
825.112199
1643.967779
941.469814
202.551148
1009.609905
1801.886418
478.889541
836.593093
-216.918620
700.774086
433.697398
607.806623
2123.269269
887.796904
771.518596
1067.161275
1414.183085
994.572439
588.665339
907.549320
1532.475800
199.811128
704.068346
1253.900783
-240.581408
510.515937
-321.047345
1774.789282
832.298940
132.096604
726.251292
1372.905461
858.485355
860.024355
1013.914990
1634.425041
1401.254937
1670.534355
739.506252
2316.364287
491.700787
1092.521399
2155.362360
1084.500662
1302.968776
829.926262
899.050883
484.302487
1109.720048
1522.182085
-392.605083
702.105810
1732.910313
-270.157848
199.348939
1146.931210
570.548022
42.099050
1486.346491
1267.869970
268.786626
1623.784607
1569.553215
817.921177
439.175957
192.732167
1162.610988
1675.059094
1163.356059
892.193668
1566.713425
706.169389
1027.875195
1014.680968
525.033803
714.331498
1004.219613
1577.302676
893.173801
-189.852739
688.502556
340.040909
138.847945
778.585781
709.801772
788.909172
576.992740
2858.559358
997.729366
1117.300534
1484.386276
829.273517
306.809203
1580.018900
1871.587020
557.859389
-37.325108
1079.305404
1798.637568
1282.961691
135.438057
1663.469998
566.141209
952.454100
1470.022486
468.425277
843.019423
978.390658
2402.718212
1640.235441
776.195102
1238.201355
875.362691
936.256261
-79.997932
1125.609001
200.179169
861.930145
900.412690
837.773343
914.085798
840.540347
133.788921
864.970100
493.390206
1846.541040
1083.741983
522.942615
711.060789
534.249036
1106.059938
1086.849634
1077.975234
1163.750380
1210.374900
1432.726721
139.355631
1017.152108
1189.249628
333.425257
968.690928
1904.922106
546.082986
1531.176420
951.656854
2410.743026
1191.090178
450.046970
569.606564
1070.255893
1315.854154
1543.293348
901.657392
637.409487
957.508863
420.172703
1651.873804
1304.040786
583.876362
923.685483
876.906650
889.415765
837.959611
1396.252318
1952.606943
234.411399
969.769811
1304.293509
1161.772809
1242.107326
197.543291
376.892296
1475.710048
1369.336040
1137.512741
1649.231474
1790.111844
1784.238660
1727.173365
1659.524634
549.749855
729.372398
1302.876286
974.333268
1010.240171
1357.347766
239.708626
761.880078
1065.841053
2053.847470
1064.896206
1111.017499
203.642482
888.909266
1614.824756
899.774081
869.861030
1490.196421
865.484881
274.438841
599.369083
980.179345
617.358652
738.966859
1458.527356
1300.246097
390.226037
788.856362
-377.481422
1646.348177
1319.385190
353.544713
1134.795937
1576.750223
1339.307337
734.394581
507.133812
485.271592
881.819718
565.274814
496.537361
1778.991061
475.398836
1648.977474
521.461261
1373.457169
297.959906
678.622160
992.327451
1358.460398
1361.485702
700.325753
909.026665
730.984091
1069.048830
458.407494
1340.599575
1096.948649
1199.856367
-83.263154
965.293093
884.142471
918.836505
1003.237883
726.315320
528.816588
828.553101
904.236828
1014.203985
934.797739
1278.753780
1433.444444
206.591269
2247.056924
1038.131002
1161.250510
479.518450
1100.794292
1230.859325
1419.878663
1096.951454
899.880805
740.519790
795.052059
-329.272406
390.743834
875.543855
753.706713
232.116103
557.213210
2155.095716
1523.168191
842.064668
752.084214
1697.166572
1614.611620
734.963536
1133.594957
292.827546
1152.011321
1063.426088
925.467970
1301.439768
964.864969
563.807508
1295.075013
1153.148657
1201.886932
646.069332
1724.981114
1205.274076
637.873291
1387.678883
458.902255
555.307725
968.083254
155.300844
1171.856670
1173.723304
489.086496
1147.224164
1310.784668
1356.814183
329.703877
1653.323827
1141.346565
1489.900913
888.951685
1819.651950
2088.057987
1251.405186
745.774354
1033.286774
293.386421
1834.803480
737.444729
792.777932
705.672578
1776.589427
389.104273
1966.984291
1197.620960
968.132444
1108.497514
868.805177
1354.164521
768.853146
1536.428123
1115.766975
543.335296
1287.194235
1013.556626
1082.875784
757.979259
2667.540733
1181.347216
1456.712473
1964.905772
301.417970
210.165334
240.804480
1507.513808
837.954952
895.463508
665.234688
577.728846
1212.455732
1864.197302
359.237443
1575.522371
-187.458112
1381.915605
695.829707
220.441393
369.243407
1743.186301
842.621149
187.385790
277.018632
1421.361343
1438.671277
518.229677
1182.833378
1052.384899
1018.479981
521.136835
827.174268
1940.396674
1286.413681
997.686860
1050.556291
1521.406828
978.909308
947.077775
665.480529
1254.080631
1427.185431
1603.907239
871.055533
1303.151287
818.371090
630.875461
1493.601476
1565.872649
693.776450
968.934766
609.502682
1315.141317
-10.994664
1357.442937
1159.544161
811.014818
1392.327714
568.300329
422.303218
711.413495
1495.187000
1358.286442
614.349002
1419.082145
745.769653
820.678569
881.257621
468.866804
598.314809
-56.046621
637.821129
160.548962
1733.482137
1441.068593
1066.051041
6.427520
1316.890710
969.700824
1038.329167
805.894949
661.391964
318.148320
-33.357631
930.542067
1318.101102
-165.615385
1404.289935
1397.031617
773.171336
1383.327605
1638.289857
-58.518955
382.168920
1198.483344
1301.262617
1215.613875
1027.885555
570.781082
576.049923
388.204255
1174.950056
456.529907
741.561815
1345.265686
1321.817075
1200.027991
1790.522981
318.478454
797.724973
37.328438
1343.036382
678.392776
1555.000023
446.137300
813.980377
408.763758
806.843641
1425.656685
984.550244
1955.990932
600.363255
1789.616093
667.751775
858.532422
663.959975
1785.609257
493.284485
196.845343
1166.845110
407.618189
1215.293203
1703.901759
1628.358184
464.879706
1017.270863
42.122891
737.472097
1379.628596
558.621386
484.890312
354.495380
1863.300231
2075.797080
937.187425
975.529530
682.010351
1169.041880
2104.863993
538.090790
1246.340084
515.619330
1748.764525
924.955652
1261.027781
1326.034442
-42.166492
1167.672752
1171.923122
1493.330611
1507.167635
611.862354
1257.060106
1281.982599
1271.970458
1243.773512
679.998219
1275.655911
1749.355525
1359.647589
1265.281219
1003.446477
1368.716758
1636.952554
1064.539553
356.082812
1304.058521
60.229294
1110.448364
528.449455
806.198308
1340.978652
1068.715037
1476.012666
225.487725
489.626797
2245.610328
645.713933
864.598585
834.445124
1170.145226
1700.455483
1669.503810
1268.179044
1259.736177
1114.762615
924.248418
508.322753
595.318454
571.183201
991.643558
176.996456
1633.392076
437.061086
1465.192277
801.244878
803.495817
1307.485079
618.009372
1578.059829
1500.312359
49.543428
1856.480553
1166.744865
586.454189
722.769676
574.884456
854.636473
728.737210
1064.305213
72.109692
252.328224
786.795740
766.897132
1480.417351
1138.437414
828.369730
895.706004
1880.128016
1030.156373
908.935899
928.688874
545.861908
608.067538
650.374714
808.197905
1309.167706
623.588398
495.044977
423.821797
1597.087155
444.680169
1109.557607
1015.663234
1368.968998
1659.612418
1166.582179
508.431862
1133.187608
587.065693
776.059063
873.819554
1979.188658
1662.865191
1959.703136
522.851046
176.142181
1584.304856
687.079017
694.948513
788.376703
1539.366508
982.481716
926.562128
250.655521
1558.390134
1672.028057
1442.464072
411.030765
956.126437
1097.775328
1538.565779
1079.781706
1448.379733
696.600078
1092.722771
1030.938260
842.154602
2357.816492
41.785075
32.470854
1931.199587
-103.090267
1763.650415
946.502798
323.360405
1188.072088
2022.647476
1083.101771
864.982895
625.898762
929.183778
-408.349738
313.365847
560.859961
727.988735
1187.800356
982.073865
960.427469
1144.597434
1602.763617
1072.895865
891.524359
452.572848
1046.316355
1122.464683
-436.858680
694.198872
690.244356
747.673250
1033.709550
543.448937
976.070529
1113.541692
1640.219630
181.100398
581.184063
921.283775
272.418276
-440.869856
606.245493
136.054658
464.568034
885.567249
781.041465
781.337103
1451.241591
1621.882298
208.158841
305.398780
1428.059636
561.759826
74.222222
588.859588
902.463576
1455.327769
985.215650
1766.471454
1113.485727
332.045172
1467.487388
763.249411
890.265199
699.772652
471.443501
713.320768
719.812413
1938.191938
818.071810
1245.692023
998.160384
1211.681715
897.248996
602.343796
1483.042525
553.362779
1197.084433
1664.373438
1256.464028
1821.223394
1632.913185
924.431514
1843.805357
860.083754
560.574164
1339.666057
295.294314
772.676139
394.359179
1817.642469
1119.671326
198.155035
830.143694
400.994546
-43.850441
1367.313140
2201.342110
1632.889050
1200.055294
1361.430317
827.083543
688.247799
446.885352
1169.969690
1936.948561
422.854161
474.721608
716.083283
889.310781
1095.032342
146.372962
626.014405
178.272553
720.392124
1162.339875
818.107210
1265.978790
1848.080439
1036.855226
1371.131970
715.711356
1180.533582
809.066465
1569.762613
726.488521
1392.219816
1237.909936
1136.558394
535.559119
874.897372
1658.664080
1371.919710
539.232896
1024.851621
742.657541
665.813885
485.335546
2031.348287
931.705816
1151.699686
1450.388745
1289.147361
1317.520007
569.049341
607.332239
987.307407
884.062459
1431.766539
548.794807
1676.556550
1737.116926
858.239457
725.952827
870.497310
443.115717
1125.752108
377.585256
462.185813
1381.855674
866.591873
857.571115
760.643813
1231.896308
1389.421198
1093.230225
346.710014
879.857744
122.256179
1262.914735
1135.790728
1249.557432
2174.614180
1065.040779
2567.186939
2154.716063
1421.888546
1084.822713
930.365147
1716.287673
842.155688
653.532460
1162.244554
1912.178498
1606.421065
306.158823
739.532783
952.812816
786.679413
91.567381
972.231312
1533.300453
587.110789
375.111019
555.231585
1440.323526
967.361946
79.433139
383.551132
1611.093557
1339.177547
407.444671
2033.118994
1164.213621
780.180742
585.453867
1186.500624
1892.849777
820.015608
1361.523833
1340.645599
1231.057114
1554.756571
1127.897154
1339.411661
545.543117
2180.570569
1281.706931
1153.515885
1636.418095
521.591158
1323.649033
1667.409978
530.128351
676.854300
1723.679838
1448.412160
393.820674
866.785985
1139.827597
1085.990842
676.522345
494.332801
1199.301044
179.203471
412.071497
1485.123945
1518.843399
503.248918
1154.029502
900.458727
1526.687247
1378.813274
1724.203004
1135.711877
1227.659128
1346.541992
-26.160757
2075.012882
1994.779972
1852.353145
327.228720
723.908465
611.831174
738.394081
216.653079
96.722006
819.711132
748.768948
1263.065489
177.637264
976.148001
1046.689436
1000.541075
251.998678
1352.709745
1352.315322
1066.787913
232.223547