997.601834
1483.193484
1066.066357
137.983577
1017.941785
147.598322
965.513508
1716.920430
1074.985053
1451.127417
829.613857
413.185488
599.858385
753.359302
623.424729
1959.661749
1183.600159
971.344624
29.574201
70.763122
212.140261
536.804704
759.689095
1014.884738
1285.239269
935.993324
196.734428
2072.145869
516.057519
1171.619454
1283.630688
949.740096
1106.216416
1151.142196
1559.595530
1372.281674
1078.554997
570.331969
982.596346
526.525398
634.144054
429.246833
1053.065519
1446.457101
679.480887
636.922343
1310.503225
799.570820
1623.622630
113.789838
1974.229834
991.235425
1499.038693
1106.191262
733.644644
1272.601337
1061.686408
681.201738
1273.179626
1198.604751
695.921936
777.237586
853.882966
760.123405
1197.981500
1572.072297
999.691097
1485.393473
790.631983
1217.819523
19.456718
1536.802498
154.399380
724.278885
1030.487133
651.516439
1906.082802
1492.391458
1575.150728
147.864773
1232.827239
348.492847
1543.771236
1326.504205
330.229817
1427.603173
578.011831
1814.605378
501.861080
1064.148923
458.394850
520.897101
832.744752
1887.019371
995.869261
1322.377002
851.873443
415.322989
-19.700054
824.728790
-182.855021
405.464906
1616.703978
1223.943965
1196.111180
447.398680
615.715631
157.448006
886.973565
672.273857
1039.505339
1402.253607
104.967518
532.735798
1694.250878
947.022218
1383.019799
1142.669166
371.676280
344.080336
104.706386
949.710244
1290.585297
1872.150854
1274.533131
1745.259475
953.740613
1393.993948
-360.972155
1020.028856
1124.930089
263.035068
452.632565
949.038345
929.398040
375.131005
450.704353
1289.002964
939.372942
1298.519397
1379.160093
1559.330485
195.647382
640.936910
365.767641
730.693859
-3.432769
201.244603
805.784843
199.819962
977.441546
717.037713
1896.505096
980.935136
902.262034
1076.173267
1244.704158
838.496994
434.197799
929.741010
683.660604
1264.972281
800.502327
790.221369
1128.037441
650.613706
1060.694436
1331.421720
1428.073154
1974.037487
838.074369
964.181264
1206.458988
749.957102
862.429720
1501.821424
758.473200
1021.337969
348.862249
1194.114246
1118.623562
86.304363
469.891675
1721.141879
1931.461122
1162.094412
1380.057539
671.023701
1345.215635
1575.543281
1226.720984
392.290561
605.884993
2096.267118
1152.633368
1237.251737
1146.182356
1439.586372
1394.772655
1384.629069
556.951054
1080.092607
52.532382
1350.361442
1134.304963
-308.901665
894.654765
679.564044
2030.091636
1731.882426
1557.939979
725.581042
1067.664847
592.349627
804.288656
54.451627
2018.368262
690.619743
1931.552446
897.482881
2180.639115
1204.896954
1769.259667
818.831267
1345.551904
1269.653424
1707.485786
199.456832
121.906496
318.857287
1435.466931
1307.617820
1797.551626
1256.980853
1224.377768
576.536979
2478.845864
1096.929341
399.688043
1156.866161
689.527656
484.230952
571.269568
1567.553331
1105.323971
213.189454
1242.956004
1281.095704
467.621129
1065.647067
1177.179538
985.032050
1359.714409
1273.117008
1087.280750
898.310452
950.329465
280.594605
1250.253751
758.671216
1402.223455
1529.320744
1076.590924
1124.241222
1535.054091
-227.642318
175.344478
1009.826183
678.114938
1215.658583
491.620534
2062.672615
1007.745302
1628.201168
661.119758
898.594199
1510.513094
1191.090302
1514.277602
1872.598274
1480.777989
686.077026
287.703786
1999.623989
1151.144819
917.543608
973.537243
1267.027781
1695.560582
145.373312
-426.933830
1815.209542
1198.931165
0.382317
1373.588136
1094.474101
872.769097
397.418138
674.317803
630.991980
772.764697
851.713486
1132.046143
-188.473464
935.694329
426.836074
-283.143475
1403.065639
526.168228
1140.021768
1899.060578
1980.914188
874.051035
1337.657601
1190.958772
919.907887
1566.347951
85.270924
1275.170388
1098.213653
920.311070
707.979132
2271.639647
1876.005841
-71.490030
582.994378
822.033011
1268.720279
-379.628280
866.712697
640.620960
1384.985808
985.589827
297.117820
507.667353
1436.138124
1480.642148
1270.520045
487.571312
50.959235
1475.027772
998.255721
277.850181
1845.001197
772.533501
482.938805
1301.622691
943.092404
1340.164806
886.036914
87.734617
1220.690700
238.686820
596.210861
2039.372861
-479.437289
1572.672469
1374.852141
1396.525915
1796.233216
733.668934
595.943262
1344.839344
357.160934
1495.236516
939.380192
1369.763573
1705.029467
807.500740
970.245137
909.160164
825.074540
1002.320405
476.967517
170.048655
715.228960
1258.235265
613.659356
1778.325776
823.118227
956.114472
1263.323105
734.860380
1451.033821
377.219598
1933.212427
995.842620
1948.251518
1332.780958
-442.913261
1621.441134
810.475339
1436.858253
2359.805584
1621.636932
2095.042669
2077.232419
-125.689248
1472.420300
1749.819707
947.166165
1601.655764
747.629289
1621.684787
1353.112112
821.563659
448.919305
628.619949
869.524087
922.800390
1258.168916
1356.315865
562.762695
1007.371852
1461.401822
1284.715170
2318.023274
1301.213849
486.417799
1176.784393
1362.514573
989.191220
1096.488810
976.643802
589.990408
1046.687810
967.254311
500.358314
452.124998
757.383153
578.761220
869.309347
1479.395815
299.933726
234.673562
576.831561
875.078379
1161.240646
706.741417
273.087426
1414.790740
303.814113
973.647853
898.430434
742.036475
1150.467451
115.869958
1512.324726
1358.608165
861.865237
788.121145
1019.439809
664.101366
825.649176
2644.263947
281.483581
1651.622515
1205.248681
1273.253737
1229.606910
1145.503260
-121.632073
1916.809208
6.645327
851.207020
978.412832
1515.842407
1160.361360
674.792388
1372.642551
1783.801614
341.232674
-78.260772
752.573185
1009.915468
1206.964862
214.704388
1404.791406
1568.511838
609.039195
1666.532443
2006.209957
1098.865163
2299.147415
1161.001999
1330.399922
1664.060290
784.996834
757.376004
712.970114
880.297344
1638.206148
1094.355580
792.810307
1603.663534
1285.458610
578.065713
-46.504060
791.830889
1298.945032
555.974587
1755.981501
2023.107504
1316.252827
1524.439138
541.738221
1474.568879
1095.129986
1304.857355
1369.404571
2001.961801
1027.839560
992.731442
958.240548
1310.597404
864.475078
814.056819
920.116167
1682.369173
1398.150076
1153.041243
376.137801
1070.313759
1203.559809
1096.802089
1357.877779
1242.426142
1611.211115
1286.025514
-76.450319
1700.503453
1340.065281
1256.384524
1166.008073
459.636508
375.309015
1278.974460
471.128541
1460.168409
1537.340631
271.472553
629.203032
1676.474561
976.377817
636.929194
1411.579840
432.609365
1377.231854
60.628376
737.748262
221.715548
164.975556
1389.564917
375.861238
994.781611
1269.145907
1779.422461
1522.449677
1257.242052
836.812766
1407.628401
1089.321095
1748.876792
1714.822713
443.997677
1341.130853
732.335412
682.214940
1064.456767
397.110226
929.169236
10.197351
1497.539624
2218.971249
1012.187062
1651.019377
1635.075770
977.235145
565.063532
563.496689
712.245296
951.986011
1064.484926
1158.978420
1029.827798
794.382946
430.198032
1598.972848
1690.470084
707.446656
195.687102
1239.400297
993.685120
398.392633
1998.385487
1669.862079
1220.597774
1209.648385
1294.148812
1444.174003
902.184408
1089.759912
167.650199
2143.824702
1092.238754
781.551597
480.375298
1164.402200
150.231885
1374.048466
342.712271
456.072239
1241.559619
1521.648441
1222.683667
1970.741389
972.441539
879.571950
141.923297
467.381290
1488.346292
1152.728425
462.653307
600.561167
945.531739
1855.337799
761.913970
495.664024
1779.255168
1005.154592
677.180826
1269.246785
953.650684
754.744634
1102.474804
1516.634287
1096.242182
853.103037
426.486351
1825.457557
1337.328025
1813.680997
457.276216
1440.055631
1152.916240
979.439197
1280.832295
209.720973
630.652437
532.101926
1040.194836
446.970160
1187.637508
1665.871623
874.452031
599.127789
880.917202
1518.903668
289.460024
762.630705
1144.052711
1573.395916
1520.743349
652.939748
993.023039
675.864367
730.806492
1087.024546
1421.949366
1336.794090
1652.545006
1007.997197
906.472769
761.943016
559.978765
1236.225764
1461.461006
1105.053986
567.947147
1363.884387
1415.796583
1205.432756
603.151060
1439.052767
986.826065
1273.476979
518.246334
747.070955
678.891917
1213.434011
544.838319
717.451849
708.533016
996.486617
2079.016475
247.644129
272.962263
-374.669322
770.320676
1136.584335
1143.187772
1039.671812
1257.371832
431.033022
717.268204
667.956066
1076.273365
1575.227124
1391.363605
743.318108
1008.288997
1019.774319
564.700155
1129.407246
779.398175
1443.015330
1050.143011
1482.644561
1697.798012
1553.101244
427.521769
811.294977
591.005899
861.872680
992.755278
1053.163470
1158.775011
634.906365
1498.550332
1300.431041
532.308529
1391.540673
941.044380
1104.295643
466.351474
611.206928
1349.374156
385.798850
1289.620208
383.250873
559.956983
1185.408983
1159.392706
1573.715903
431.166524
2149.470103
450.604357
1139.516174
1094.930281
1400.533366
637.154679
926.524583
529.069362
1420.556678
1203.437290
1145.277201
1652.674031
1049.571400
-163.589654
500.722937
159.207322
1713.394911
1011.054995
1167.300759
696.562087
60.772060
-562.408065
354.389280
-30.399096
1616.757061
485.563403
1320.403992
1088.298553
1132.020173
1419.825825
2050.254574
1033.323483
1066.221722
1427.302486
757.953210
379.310045
282.132209
1337.205243
1195.694014
589.677591
1327.572791
453.769217
1183.019508
1464.666367
993.415306
970.906053
417.558957
962.068121
305.129720
695.903497
1219.396054
974.996582
977.672606
1022.041927
3.127416
1273.673113
375.861649
1485.917738
151.391620
329.038694
893.911026
1211.584700
1046.357918
433.677301
1869.421953
1262.724242
-4.582167
173.938089
1043.336018
836.775766
1644.712387
529.161764
584.115131
770.524457
957.563420
503.461013
676.648160
645.946016
1037.151271
725.064214
640.076572
62.969982
1552.161272
944.159977
992.415628
1634.969614
1015.155194
1043.912083
747.228374
1675.541178
1549.537513
575.716207
1029.105053
142.409827
946.221216
1556.266913
1380.236752
-156.916488
1723.121928
1857.080781
614.849957
-149.991565
919.819562
797.327465
1230.440369
988.465246
532.157474
807.686542
2237.776212
1300.901193
1146.854644
809.284882
1619.516561
846.851175
1463.361309
673.042301
228.314216
1260.531839
1784.491775
2040.871845
784.518395
1636.853881
679.669464
949.209955
1483.411138
949.862236
84.709528
1129.687957
478.953866
864.666379
627.571586
894.269575
799.181196
979.017726
428.703331
850.271762
836.946398
796.767795
519.177309
1504.624173
702.470781
673.166149
1197.838426
1240.029442
1599.161794
1024.698820
634.921487
274.887933
1192.776098
1575.308899
907.101624
1728.500026
1589.493109
619.375393
217.966302
854.311329
1406.586617
-237.147374
-138.094149
1755.729624
575.183241
1144.214399
1477.480292
1269.946865
1124.136084
1489.478052
652.466618
517.011142
-226.858159
1220.737094
552.668153
610.999979
666.144280
172.002138
1056.134655
1437.702039
772.344864
2393.310196
1122.412335
1837.005123
363.311153
1076.370613
868.080859
933.351837
672.931875
786.393724
1057.589090
650.974584
173.364567
1912.989020
1754.596858
1669.877768
1285.221499
1440.891609
1306.163323
963.001593
1531.788903
1088.931018
-24.284604
1994.527098
954.288903
1111.557912
1371.810413
1291.060414
-123.729267
322.828282
1679.605112
705.595672
1193.755729
1417.153761
747.743179
707.234425
-595.285357
772.923420
812.400474
1003.660898
870.714853
1192.686894
441.655252
833.171303
637.181005
1126.869976
1869.901542
978.855312
827.927843
998.930652
1263.697441
785.528261
1440.956422
1080.950492
718.249440
763.670594
-146.160460
825.217425
1101.481142
1472.138846
494.380781
204.617007
1540.922310
1401.157794
1300.686721
1152.647701
1047.941723
1445.291437
877.524043
1373.889060
542.351223
1565.478409
524.338019
832.461426
1254.372136
1720.662843
1128.519023
1660.052239
704.832764