876.818305
1278.074971
852.128532
962.628652
853.073887
303.025921
705.978972
1061.821042
710.022087
1287.795155
1560.087377
972.801179
1129.131257
1090.155726
820.092821
1585.119939
960.832432
983.580270
1117.431209
1118.640013
873.256737
1125.701359
614.043085
828.628664
1663.586229
998.872743
1381.272333
574.750187
1389.581264
1144.238686
739.239164
1443.754268
794.623001
1094.746502
1042.020056
834.617238
937.736896
1209.147798
990.975060
1435.301969
899.787883
829.726509
617.070205
1204.880500
1193.029579
523.790357
1308.751291
430.387770
942.395785
1227.883296
1126.573879
751.553452
380.839091
1179.854112
1101.159988
1226.418716
1915.973471
1074.796692
848.878159
789.215878
1289.160739
1472.177752
735.489434
1342.797109
1285.875338
1011.314613
1021.903939
1297.108838
797.989366
1061.413647
1215.939895
1278.436482
1586.059492
740.998619
1449.508469
837.272832
1052.502494
1364.621355
909.884812
539.002673
809.385933
1108.809794
778.225656
1533.546403
1183.905097
944.299426
986.040933
1207.868801
844.026514
1289.219161
870.170063
990.615428
706.444572
1238.813014
1045.921757
1048.579609
1204.448711
430.767856
889.457361
1436.343092
1224.088686
1010.716921
1210.524525
1168.559276
952.648065
909.053905
1376.315555
856.734280
991.133840
1153.484253
700.653990
1559.473998
768.555161
334.661884
638.470086
1119.234957
997.356371
793.306811
915.297880
907.551355
1484.059874
1720.314558
1008.680547
1184.851975
957.184682
886.581701
1018.603797
479.007958
1322.367857
947.029592
1077.414882
737.762769
879.720777
1092.452696
605.245690
1120.349575
624.683257
303.942428
1164.499377
1253.724132
1353.390494
1153.528591
994.586137
1723.528092
583.941059
1413.598541
861.941946
631.088418
1095.104936
978.198021
1184.246348
1205.274957
1205.929728
1026.210383
987.383084
1328.861728
854.846219
785.884194
888.857452
764.054879
782.273465
724.780708
1189.733370
697.362980
1496.076314
470.854083
781.289676
1343.592063
661.840950
957.958119
1022.293115
1010.728017
1241.350470
797.623096
780.015607
899.198800
1279.778007
915.648961
1213.023566
1063.198568
1321.135341
699.610282
841.121510
971.841494
945.897287
1223.916056
675.864200
1120.798222
1336.627186
224.201296
955.230298
923.261839
1163.123814
1616.254305
818.871520
1122.263495
622.501513
1193.194533
1238.309776
1016.629776
946.391536
620.672852
951.723370
970.591113
1071.141536
436.096166
1047.630300
1247.053942
743.542386
732.451223
1144.345296
1009.911591
535.927698
1247.924864
1104.430686
492.646570
730.492644
840.770337
1338.880769
1315.318522
1403.280739
978.486991
1072.570955
797.128023
1113.940066
1129.849335
1429.078374
1125.023519
-9.513624
1261.694288
468.109030
854.041248
490.894298
996.750012
956.413587
584.153430
888.900358
1401.643867
771.591671
784.058150
1335.905893
1498.971914
918.510653
1346.157883
1096.204133
1138.260880
1501.132280
1392.746364
1110.021707
678.363418
1756.162690
1168.335151
736.610790
732.081009
1023.036221
703.098957
942.082148
668.957880
1060.741864
1143.999632
1307.156196
872.547921
914.480191
706.922701
770.080122
1017.781639
1036.543962
664.737668
990.440505
1216.061835
995.256625
1838.252118
764.571134
1107.827717
1249.722426
943.824234
1015.298776
993.493095
1048.677925
694.958749
1151.681855
1128.933601
1327.342796
1552.765518
676.790677
1223.351875
1067.937169
1372.071332
1213.714911
883.556788
961.438595
989.969911
1295.735706
764.171436
729.168488
1014.211999
1077.104847
1220.736672
1228.175134
631.037622
1245.134780
948.379149
753.041421
1475.738080
912.984048
966.536515
918.996853
1273.451095
1186.971936
599.272125
1351.370509
1010.253633
826.714064
1068.105750
858.039447
1037.258524
875.264546
437.308467
1294.606891
1126.026481
1217.333898
813.727826
725.284516
1191.511791
1329.937984
1249.527560
1134.332700
785.945049
634.010967
1165.424908
947.330016
1362.844664
1231.369946
1243.780218
1170.102714
1022.991196
1273.325761
895.312212
1055.706404
574.158097
777.337442
884.438885
1116.283334
1001.323866
934.654233
1433.323244
983.682028
1066.074558
1076.844425
959.097363
508.296106
1381.514805
961.642344
1128.797644
830.507445
1099.738427
565.928960
1320.500522
1030.978242
1681.576843
1004.909893
1003.296865
1050.007290
957.021744
796.067656
1049.275256
1038.746638
960.874341
990.525601
1165.832566
804.086814
718.270552
1437.669488
630.059032
1346.071902
986.902162
900.716380
926.143105
1451.438976
654.482728
1089.148660
630.647973
700.621454
1091.046096
719.766873
688.924567
1149.765499
1418.489679
1273.144855
1286.560849
1162.063790
1146.156209
299.135662
1158.334368
1236.257964
1338.077981
618.738266
781.092798
986.900987
1180.074959
639.573570
184.918737
1112.435696
841.497309
1147.851344
1363.073812
1157.643172
1027.575355
1241.513852
770.219022
1129.225075
1228.513552
1194.289589
903.275469
1174.923865
1256.846883
900.662068
787.836838
967.000277
914.144901
501.713668
1110.731485
1112.428736
1255.410579
742.830580
1252.685590
1536.790056
997.916247
659.186397
1529.548706
891.189608
928.138230
1162.131816
262.872442
973.408717
1198.964337
840.326700
1008.873797
695.382336
660.226862
904.582564
840.944972
763.839068
1079.232264
1130.763190
289.066128
1004.387656
823.063455
946.891601
645.988344
988.296549
719.549100
1094.378491
637.352845
1052.654945
1123.404801
1487.783936
1000.208995
1278.452903
858.397964
682.104719
1112.748330
1232.769728
1468.496022
814.519909
1149.335411
920.843269
750.909825
1546.005725
769.948539
799.519418
1486.966160
920.173222
899.576898
1109.813866
746.437834
690.843165
430.378073
896.768264
1155.110138
1453.602696
907.527635
1222.559516
803.636968
1125.633137
1487.219561
995.619849
1062.163645
950.850199
1365.804620
1266.105803
761.811556
1238.750302
1388.717298
778.216212
593.789468
1055.759490
1044.515355
1347.438449
1274.082181
1475.794948
1288.782948
678.836180
743.724698
400.664276
851.335639
790.926884
1647.862479
1253.455811
832.688741
1051.809619
429.818233
880.230359
1006.844128
1123.371398
898.161969
1248.855649
1303.281434
848.555801
831.304365
985.735864
1070.863514
674.068527
502.974577
578.380355
1010.808040
1189.946438
1328.555830
1571.234162
611.805347
744.694247
1259.885498
1015.916043
801.053075
1279.272389
1470.217412
830.132367
1410.071554
918.915851
1245.147174
1213.216441
962.085693
1053.720109
908.604356
1011.984876
951.677037
539.933347
1268.225968
953.978101
885.738191
1223.156525
1502.568111
996.425423
972.533350
1174.776531
1403.682794
860.637819
1427.242118
1367.043151
780.344160
1326.914412
1123.541386
1205.677483
1359.179377
1530.507241
1503.160586
897.237187
1001.633827
841.379607
815.780239
860.427490
852.369900
1173.771297
1539.521721
967.148662
794.615324
1011.544585
997.874967
690.905943
1052.629619
542.159722
1458.056110
912.842617
1220.056790
1175.135870
769.175254
806.558385
621.443513
806.800369
685.819867
1058.525457
342.669201
937.422726
1038.716492
1439.316285
886.546505
1562.358393
556.265145
1147.643164
1406.682276
1224.888649
734.874406
940.936777
1271.266668
1075.295694
753.380018
929.531529
1382.927734
1313.143836
916.511794
973.368444
702.901142
655.832837
808.630505
915.345912
1210.280240
696.889270
1471.362122
589.537510
699.581256
1056.317030
1102.796114
730.708981
1621.910245
929.427058
1386.675158
1037.310304
715.338686
760.551517
1084.194647
1068.850728
1241.950990
757.889181
872.291033
1015.556650
1131.942332
1330.999116
1297.388278
546.842142
700.654940
1158.544295
944.509686
1117.662277
820.225950
997.501594
873.827688
785.505598
263.996151
1379.291241
868.104315
860.512588
1518.631560
814.112627
1043.836350
1179.765250
1558.221237
990.511760
921.868084
726.849031
950.967510
889.744404
950.587347
989.933581
1275.829821
1672.680672
841.345732
787.437522
971.805182
422.564147
1166.768773
1351.247847
363.980559
812.864664
772.756032
892.844354
671.987508
1391.478567
1203.508043
971.268131
953.826494
1244.731980
930.473045
605.255733
535.320112
1181.582097
973.876625
1157.529134
581.748946
929.432670
1243.419891
1011.400733
787.087164
1059.680564
1039.249219
1127.869434
868.035178
953.759368
732.576695
1164.940417
1428.174613
897.626018
1132.736706
1232.292317
937.040294
800.090000
839.240356
1034.607893
1396.609019
962.695807
1404.534507
1080.117316
534.073157
1074.115022
1393.226869
567.756005
744.812879
755.846456
1299.141766
1116.277103
923.412419
479.695955
877.849080
1230.259158
1386.974483
635.909458
1223.905247
976.050074
1046.350277
1023.176933
1427.963190
1929.138777
1173.336310
1391.941251
405.784422
255.953166
1064.789632
1208.011591
1214.948194
864.441122
1469.171798
776.080903
1183.351395
648.590495
1316.184485
1073.335559
919.817562
1391.127816
964.834379
522.368777
797.220607
1051.846923
1491.193939
765.159253
940.019234
790.878426
884.907186
924.536934
641.996991
1102.729357
594.916609
1127.806463
719.227834
1146.853301
708.706596
914.474712
654.580032
1030.966762
887.350423
850.858704
973.543079
1196.140751
1409.919306
715.160013
618.910448
1102.553552
853.939463
820.754208
1508.822419
998.713837
904.600044
1067.124548
502.673717
1247.189371
1070.596666
939.935288
701.920506
1057.979762
1212.376275
763.579055
835.006471
978.001686
1420.674141
988.288273
1262.029810
872.074629
802.485448
894.770697
1026.034245
741.022121
1106.609316
1325.865527
848.698154
390.179631
1151.263107
1050.603825
846.864467
1124.837435
935.706225
710.940816
1423.539961
568.733518
1103.302931
793.876197
1047.262813
1400.583401
816.805051
887.251448
823.448110
1497.143616
857.038134
1152.148533
1133.633380
1442.043679
807.872982
853.837175
1243.954200
1077.815800
1223.482687
863.664820
1597.302006
906.814591
794.744132
1266.084445
910.703653
1264.798042
1218.549680
846.606414
1033.959880
960.833052
919.903004
1391.378341
754.065050
949.211779
696.537265
1135.773383
1096.781471
1122.504103
460.460414
1126.345987
791.945198
871.042349
695.338318
1305.189921
717.226605
1019.704080
731.003033
1265.257811
1352.305951
1448.524839
1110.080817
1099.627025
1112.491673
1282.027652
933.435958
874.513063
1172.455996
610.003348
791.191971
1591.122741
366.075235
589.734539
756.377159
916.159458
1235.357614
518.571641
1170.260758
845.292627
1296.209771
750.328190
1223.315118
826.926248
732.201834
748.834598
593.171971
1412.716311
1470.695481
1544.822464
1386.324970
1157.230044
696.263565
1425.802650
831.375132
989.690694
757.087056
848.673077
767.815118
994.078800
1198.820543
473.726562
582.941305
582.446871
1329.394563
963.362225
1397.792855
835.214984
1210.792316
1355.951520
887.782712
1287.146767
962.061007
1127.540175
1229.781428
1320.068719
1160.333212
942.266412
1245.717805
933.554335
1304.645187
726.493596
1197.186387
1011.552643
1139.227669
1026.076540
965.869067
1345.589066
790.454963
708.186075
1000.176793
981.812895
811.074686
1048.380962
1121.575776
1079.919014
456.810567
1067.408631
971.740846
680.270748
950.474668
957.023685
781.714409
1451.321161
903.408192
712.832077
1273.174391
1314.856042
1048.685491
1362.540412
981.632148
1038.564580
625.586709
1296.427681
894.395809
1041.238548
740.931765
1186.732793
751.320231
589.193996
1087.876554
724.899586
261.378354
1281.376712
1124.299972
735.136113
521.182475
1282.499580
677.544348
1340.915852
757.032559
1405.683333
1260.584880
1544.323862
683.625904
1685.467919
1194.410944
1487.779713
949.531450
1298.707607
793.836046
1344.973391
799.634784
580.886072
1030.176059
943.490399
684.059872
1664.773049
1237.341729
1436.953491
1067.499766
896.343460
1052.858163
1244.280781
1662.489995
823.009399
1209.263483
918.059804
676.917777
1092.093408
899.930792
550.101337
1168.784394