1017.080765
550.619882
1290.892368
1422.701496
1671.884274
925.356610
441.870753
1132.579205
873.694927
1124.981633
455.947836
898.585022
549.710300
1352.327116
985.500851
719.753116
727.073839
1079.415709
1293.410523
714.310705
1643.082478
965.772490
1365.650381
1145.399880
1047.650650
982.423897
768.986158
931.991161
898.398556
1314.555117
592.105680
1145.389599
377.002958
664.999810
676.280747
1245.220070
568.282207
1049.266726
1539.425499
1072.583951
663.249712
1092.439829
561.412676
627.767070
1264.874101
954.998567
866.321762
527.064591
720.857352
961.576987
295.892830
1281.247960
1013.814928
750.971578
570.774717
1007.484399
766.643929
918.431328
1313.328120
1592.430204
677.050520
620.466235
1122.221582
856.784545
565.087106
1875.033865
1255.991188
1070.283407
1024.943670
1359.984465
944.196857
1317.268976
1478.628567
538.674934
1382.995372
1339.286260
1049.825417
1243.641134
980.741448
1066.728208
1260.259297
856.764820
889.976650
1356.713735
1214.351248
1288.108290
484.027105
1403.229605
867.346230
1043.889836
1513.341041
829.895068
548.991519
58.475587
820.092019
928.866456
850.550322
1060.362344
1522.458379
994.698295
692.898455
1008.367535
1159.320306
931.549310
1071.683210
1075.115640
1070.264113
974.132780
1039.496015
1215.491420
1066.551307
892.560258
708.101407
809.233690
1164.899509
1399.640744
806.568640
993.848924
1216.601732
815.413774
1314.595649
885.074802
656.540915
1632.291646
1442.862262
1035.306370
1301.182124
1001.245929
1199.684549
1018.479416
1467.822937
1275.864037
650.956333
658.791181
1008.508480
609.515209
941.559412
881.134080
1176.802093
1216.772622
502.335421
734.861308
489.888227
913.935481
1838.103751
1219.589165
1356.171281
482.321433
442.940496
470.698990
465.220899
941.420634
959.595519
1153.794914
1293.747900
1308.249064
1215.983285
763.622879
729.733996
897.684167
1239.872210
944.487089
968.758961
903.164275
1447.390852
981.788731
561.249231
861.580362
1030.055566
1174.870008
1043.828500
896.470172
1345.755547
860.897661
409.985612
944.908241
443.391583
410.070260
1045.548848
1118.291271
909.736615
696.986127
530.322993
976.485090
904.816061
724.857187
1131.939978
1124.707581
1402.058815
766.019436
893.133535
1382.572548
687.686422
574.009752
1273.571037
1469.557436
90.623565
1027.601219
961.624811
1386.375842
982.688609
982.492160
1346.798003
654.448994
700.018628
1300.511040
1370.650794
1192.971479
1287.322237
1305.475362
142.581340
615.148160
1198.641004
1064.365881
1225.666281
690.300728
1471.093491
1223.500499
945.421245
1334.419201
1181.791138
1067.556280
1199.228264
1063.753087
639.042867
761.860473
1294.877413
487.543090
819.803648
846.621440
1250.775065
680.477123
1457.512423
1012.306929
817.699405
981.001368
1842.942929
917.045720
1507.872146
1380.971648
1467.517792
566.996036
677.308703
876.003241
444.087415
986.764328
1243.873658
1327.341120
1065.191160
953.471158
659.210361
974.469067
1094.291454
1036.205576
628.289180
1212.535994
1108.322257
1187.673265
524.617466
1310.269048
802.900210
523.052213
653.620868
969.677916
614.706987
930.214108
982.728115
1061.710432
405.182586
702.073102
717.028840
1545.453070
1141.239058
819.338748
825.860770
922.698702
767.535828
1232.184738
855.070197
945.745051
709.205624
1049.487370
506.628206
1020.962808
759.906389
914.633696
478.242701
1291.290325
1388.483890
1320.960977
1042.713161
842.446572
640.178972
761.987663
1099.065898
1007.464200
571.484285
1093.623342
1091.304198
1511.254808
645.419171
701.509850
893.603059
1338.286128
1071.859613
643.491678
1909.164492
686.406697
873.351404
1206.970149
922.490694
1271.302280
1199.516016
949.137678
927.563045
1165.020024
896.603528
935.447931
1160.310934
1494.533154
692.140119
968.124513
1782.338530
659.510812
597.491578
1352.407375
743.008837
1328.577674
1187.755682
1162.963701
1261.126308
1087.117312
1393.961301
875.394472
905.103707
1269.429731
1283.056268
927.413345
1088.266785
570.477277
1587.081289
727.018630
1026.855775
878.834600
1825.554955
785.665102
1418.361748
698.726413
1001.373996
839.233155
1129.228481
768.509640
1049.713974
549.111417
895.926485
1261.162366
927.739989
1352.686774
1010.095141
756.017438
870.678180
1886.247841
1038.558878
1405.398217
1154.577159
857.755297
844.702491
798.260550
959.517504
1199.396307
1165.675672
1237.719659
951.990322
825.236113
975.883020
775.135185
638.411070
1407.042003
724.423311
667.604745
1020.734603
456.434151
1037.630045
1062.216154
558.792410
587.081753
1058.190772
1231.357539
1232.464875
1051.442953
1650.811827
1127.864015
1138.300049
1236.034057
1174.397674
616.348032
859.044941
570.855813
918.988592
725.957704
1249.966009
643.470637
375.381224
544.581054
740.258618
839.132786
1063.450704
1516.795398
1383.978651
1540.041909
980.068286
1688.068962
824.747213
1017.148856
734.951972
916.389559
919.180489
753.944730
1032.223859
467.664840
866.615837
1118.520068
1106.210067
827.704845
1122.716788
845.372964
1564.469700
970.269283
1159.317377
1359.367244
1216.573017
777.725037
173.046090
991.497082
942.616914
1297.171733
792.929959
1064.396804
768.134055
883.011013
1403.647205
1053.075876
1205.407465
1004.228213
1334.512824
1100.632767
699.442424
498.127522
680.158224
1037.185909
1257.861957
1041.214981
1121.451987
795.716376
1026.869596
1041.388761
1266.891062
959.208933
1603.714036
600.526863
837.238393
739.429079
699.899553
1175.593936
713.919867
844.364601
1229.597093
1155.178414
1636.390598
1074.719723
686.749986
801.446827
783.049437
953.224936
1864.929605
1197.441438
858.232364
1066.828739
910.788186
1635.972702
1677.560678
1017.258880
996.004522
778.181643
1030.357115
619.609099
966.913617
807.095815
1169.432283
1481.321207
951.310132
1489.891904
1368.648591
1141.208217
1214.814087
1220.319682
1147.853463
800.821068
1201.646510
587.749300
1304.193743
998.357489
1021.266136
926.458396
647.401141
844.267283
829.033758
959.856412
1299.705688
967.145895
1252.114860
1150.995345
708.906050
1185.979602
1235.430405
1026.760708
1430.967909
793.569473
950.334320
1755.419465
1255.270556
977.518823
523.586141
559.109879
520.671245
403.693874
1238.210367
1416.805393
1339.540793
803.858256
1359.357112
1356.253064
1351.865201
994.517030
1294.982602
152.960540
814.644796
940.306162
1359.532514
922.788020
986.107048
935.861397
1336.768616
1259.907228
1372.536193
923.919225
958.900637
962.064928
1233.007050
712.926244
1023.003234
985.077264
1292.596450
1125.803873
595.775182
1501.183387
743.827358
1300.068811
1043.528350
612.305582
587.101725
1143.498788
1065.889476
1070.089110
958.621079
1782.250910
1288.560642
912.329425
1202.134160
1064.872379
1122.053280
604.887174
569.008274
889.440684
1126.446000
683.528961
556.512040
798.500870
890.019601
1616.866490
1470.835816
963.588051
607.401857
933.088246
993.042438
851.070004
1364.362521
712.629367
664.401053
1152.348483
1447.309637
1037.915294
845.035107
613.321415
1198.659513
1172.318502
1220.536902
1271.935161
1297.350008
1141.478319
1263.169597
652.560411
491.450817
690.009267
1324.572124
1018.651452
704.585165
1045.058726
1004.104336
711.990056
896.711990
1058.703267
851.437619
1462.294835
1201.517935
738.491305
1201.664338
1235.700390
1213.381050
1443.838949
972.539021
1121.799369
470.555888
1073.199576
1082.788028
770.000515
456.466891
1600.840960
887.870114
804.800861
1737.698159
1044.105203
677.814540
979.973409
1446.073780
837.907685
1387.174512
1342.980296
1191.574906
896.333615
686.244588
1646.035601
676.788961
1022.857091
333.841036
1152.203400
796.304399
562.849052
534.060527
1211.368714
1303.925140
938.377230
617.405283
564.567438
1846.146236
1215.029226
1126.606068
711.960199
1000.812422
1379.596068
999.972819
1096.802922
1237.065965
1319.441791
712.561525
813.906324
1076.189266
1201.695451
857.671832
742.888666
1023.730229
1161.116485
1075.478115
1599.691328
782.807214
1560.823381
1061.679238
921.196295
417.026369
820.259640
1051.092527
1155.259132
404.700393
647.637517
1074.139654
514.109089
532.187943
927.231576
880.480245
1261.170551
784.000100
1171.893531
615.111714
698.778252
885.770123
958.951890
525.967195
1411.971293
1538.319322
583.624114
796.268482
1664.581010
1231.641519
1083.556822
1017.970796
934.002105
1169.402901
204.268916
399.576613
1152.516072
1108.593997
1100.691892
824.051448
834.288779
1829.929609
605.197486
811.210555
414.742553
1311.901012
1432.443893
1146.486287
1307.375710
882.910550
920.286988
1184.607490
794.884887
790.447370
1215.131202
731.170320
995.798949
944.126693
1402.994369
1134.468318
1288.469753
984.114505
1070.147907
930.387193
1806.926400
1368.854910
1043.828662
969.569275
876.892917
1268.113112
1456.528070
469.895634
1433.592262
1215.228414
1243.248923
453.518134
885.231103
737.443133
1271.830788
1336.404528
1409.881763
745.269053
1122.295317
890.532134
1174.542057
446.445913
2109.353825
752.724000
726.050055
892.628728
891.466342
878.293455
1350.133215
803.071330
1104.049864
841.636314
1062.800325
1166.926018
1238.155415
1212.128653
639.366529
1081.274718
754.036976
910.631998
1502.543286
1245.494594
1278.681534
563.922441
1034.659309
1378.857179
792.277659
896.328932
1379.750157
1192.082295
1452.746500
504.568454
691.938678
1491.212812
887.906174
1365.380842
1374.492708
523.510881
722.669126
998.663578
1266.563263
553.460282
1157.796656
953.940481
904.752147
604.125015
1286.895700
1552.583479
839.266299
66.267605
1308.212002
1171.595187
746.869478
550.982390
1262.949719
1424.528437
877.141001
380.091504
1614.060061
1068.929414
897.203650
297.009340
1330.025023
1569.636652
842.443451
911.710146
624.804235
1112.665748
1048.525242
571.594415
1498.950003
831.345543
1211.282319
980.976068
1213.381616
421.202010
866.405773
1102.254270
1066.838579
1134.476283
1226.260707
1511.605383
1020.208119
831.046515
1016.005594
388.233609
1126.761311
182.910072
1086.146805
1374.949592
993.680009
858.954337
1671.966104
1472.147269
478.906138
1031.678753
989.088745
1381.060012
1013.725834
698.377862
1090.717766
1060.121096
792.207061
776.074455
583.982124
622.706486
1532.740461
470.219228
1088.353722
571.730323
1434.367030
592.791609
1298.306721
1611.233276
712.791065
1290.789091
1043.864483
1085.324890
1413.996700
769.969908
997.956817
1291.260348
476.597501
1236.949162
1086.885286
527.360883
697.050940
1100.172620
1031.559090
1023.548361
1277.344190
1263.223641
1137.363499
1082.797505
1127.922460
1048.894894
1375.882052
859.833422
734.814829
1276.193813
734.349169
755.903550
716.229198
1073.595955
1393.336131
1050.929281
1050.160173
912.481148
1016.568019
1116.830208
1637.069464
1096.504959
1449.688572
813.880201
1241.563324
874.377919
1178.168003
647.317269
1087.852032
738.985987
1083.280205
534.476309
1161.867123
1212.471470
515.280557
306.677541
1214.730799
878.647448
609.883815
331.720697
933.783508
887.190994
1718.849349
875.929942
393.836446
1339.717160
797.965451
544.777619
1552.972294
764.777816
1014.314803
1179.380758
1294.554427
987.120212
1060.547536
1375.159456
933.469012
1206.702454
920.314136
1123.698284
1298.072948
1291.005803
1661.549791
676.678277
829.882006
1241.318721
656.983961
1296.279904
1064.415087
987.293608
971.521581
1028.026562
865.553028
1044.883999
919.978323
1232.336717
1286.666868
450.242369
1097.318534
382.561642
1048.720275
1063.664299
848.356819
1415.805345
1197.453994
1011.143651
1004.030585
1263.947148
605.970782
1346.685359
997.828254
1288.585199
502.101879
919.028514
1297.218896
1562.688996
1078.620477
1046.222200
828.645236
920.577374
1377.875322
952.228092
1229.064050
1197.368587
1111.538083
982.079888
1743.644432
934.731605
875.865596
1203.689835
1039.675653
568.435450
753.456899