797.244102
894.686075
1126.199728
827.473859
735.247068
1405.498333
538.477132
287.864967
1427.024231
322.762882
890.561375
750.051765
1245.390303
956.971900
1821.722636
1226.681615
946.066959
1160.938305
1041.208963
1693.345882
1135.039554
103.570188
455.006325
1020.170701
823.869593
1039.909969
1648.420637
1205.478992
1196.880165
375.643400
1670.199737
1373.101392
317.762534
-16.479791
1572.822574
566.639491
1191.715688
1609.628229
927.496523
1305.409988
543.598836
1245.794859
89.375641
554.833774
526.315347
1176.865618
-107.407769
1599.647050
986.317333
1030.861323
1316.556283
1317.934385
1304.698641
803.632408
1939.893590
702.515601
1010.886911
721.868147
1380.829024
1352.408054
1754.480551
1581.370529
1953.133511
905.673328
680.778116
646.460052
654.746445
363.467383
865.203190
509.014704
1566.594298
1520.734184
1261.931608
1220.143635
1065.925263
909.381699
1270.872709
1728.490461
368.439488
1351.256361
1242.201749
1318.356386
1040.120506
1120.811812
920.996220
354.893151
351.354046
1284.118285
1227.469446
-248.519193
893.714060
1562.005040
291.601102
1395.622495
1440.023323
1458.567290
246.896389
1806.536042
998.499367
1726.886464
845.610077
714.919985
239.197617
1616.238816
1020.122073
1093.000636
1033.441778
1284.689869
730.750458
1446.018807
416.447121
587.116375
957.573781
868.674843
1029.919624
679.610572
1115.801259
670.473573
1255.111336
1227.684056
719.279441
1073.989530
1040.075377
836.048078
1109.275664
1011.811238
1797.667691
2546.085317
883.771201
770.756356
1182.915033
313.029194
1990.715305
1564.499064
1038.970737
1352.679223
988.819629
1930.610623
1913.115178
987.031275
874.178187
1420.424062
970.514263
1006.934308
1026.197605
262.603526
1746.557544
84.643680
1533.457033
-137.923279
1434.998719
755.888937
2247.540998
1340.927170
629.922498
1442.455837
949.431661
477.212717
563.820635
1158.297920
722.951450
792.495000
-59.121542
1682.778868
545.046277
1633.195036
510.854183
1403.625689
811.152149
986.324181
1095.569496
448.853023
1165.970943
856.580836
1655.036961
892.869152
1462.706677
945.213967
1172.169200
789.275154
-56.243598
455.493639
138.019380
391.381330
-316.645004
1129.862549
173.944652
74.559182
1188.584347
1176.513339
1063.772779
812.726556
2.885771
644.639950
644.440241
237.792338
1974.357997
326.958777
493.871709
1701.216102
1380.890916
356.123130
240.572797
882.802198
1391.873435
947.266990
1115.543173
1649.996493
816.693780
1386.585603
1353.300833
343.035317
717.725119
1002.974524
609.248318
403.917785
887.141515
1311.555290
1098.299455
1231.858997
1641.337303
1347.274801
1269.538111
1033.791508
827.754828
598.798295
1314.454041
704.117333
707.413341
1132.108898
1654.429707
920.700439
1737.608513
393.139091
1571.426530
1589.325975
966.504834
1862.703265
1131.483282
960.570074
1195.121564
1274.700899
1150.523747
738.122574
235.891850
498.342446
148.222033
286.483855
1014.303087
1299.128313
804.608606
1081.619712
1242.808302
618.379490
943.199239
1417.277363
266.351895
1357.641982
1356.934895
1038.758014
1435.308029
1614.583022
923.177022
1712.650537
440.548389
-145.915067
298.746982
446.929086
576.018052
870.470993
2157.055999
1429.620214
1229.426465
511.628339
1548.667146
1341.235831
685.061846
278.552761
456.960991
1178.360782
1365.830566
844.748901
796.855825
962.033607
652.864043
725.227217
182.093019
707.871075
1000.245320
2186.398878
-0.526494
690.636385
1264.662410
743.969938
817.148881
2027.775716
1788.306129
717.932846
1117.976762
246.965640
934.343283
518.483456
191.510295
1301.372855
1207.789574
582.254287
356.302929
-22.621103
996.000028
1498.506601
1449.533877
1382.810392
1749.848039
1987.632493
1329.797658
279.329538
634.784352
1476.789840
815.801369
681.180454
1010.551146
1240.041699
895.905417
1871.973168
1222.368085
-242.503496
1197.905866
988.319948
459.768486
618.394340
481.025502
-23.955168
787.002764
1384.783981
1426.115223
908.856367
1205.889659
1243.732545
1088.944404
1222.280558
584.492432
338.061558
952.107795
1200.423921
1877.153086
1011.227672
976.936729
2105.732150
2402.618532
927.471730
813.576002
1323.367418
448.822760
829.818252
718.962779
766.316197
885.736107
1373.538125
1198.643818
1263.597146
905.035198
539.513807
1044.866326
1370.561104
745.921318
447.469434
1412.802457
1442.806474
1793.732139
1890.406177
863.910939
-100.415650
967.521759
1038.025279
807.818773
1367.271383
1679.350654
709.410162
2195.546170
261.957697
757.623380
1104.836922
714.391565
725.980256
1907.669151
1291.848295
346.673645
369.444656
68.402720
1144.427822
574.200389
1245.072795
1323.426936
770.606666
923.279900
1239.479062
702.662001
1313.659982
891.206542
701.857526
1556.376081
792.266638
676.685422
1605.096989
1315.946118
850.064798
1195.555301
798.237160
1478.911431
799.894753
1361.030083
799.190860
837.323471
699.488978
1122.275730
968.704283
589.513018
996.212229
1384.717602
1439.628239
1382.938903
369.286617
1015.058313
709.250401
260.875354
1052.632919
845.545541
1103.829041
962.138797
417.948139
329.124783
528.233699
1403.010183
1096.384713
1035.973980
1068.978784
446.775654
1402.526498
1078.186351
1702.531312
2516.883655
1077.070218
1248.996945
1467.100703
768.637452
467.316847
1219.203263
1203.409774
1076.443503
2258.086835
1356.827255
1566.968495
458.264055
1120.193272
676.036524
1643.877108
85.181069
909.883890
1898.272245
1577.563728
740.031874
59.419168
124.417890
1616.876360
1784.498467
603.928466
1418.003720
1066.055825
646.850705
1576.750286
1118.157232
205.009205
1775.555654
1503.284546
672.471485
1032.547257
1134.202861
1035.089565
1085.905400
1526.791445
403.792650
522.080213
1234.354593
27.883691
1024.351376
529.487655
352.878100
1012.077241
66.394791
1444.338338
1097.430603
1317.102117
1190.200447
575.101053
1538.887575
1276.112327
-203.073122
577.255090
999.626830
311.053998
366.129693
460.463998
886.844680
1230.676173
1189.737071
1274.898348
1165.799600
938.793634
617.724942
1359.601131
1144.690284
648.087851
-32.448161
1408.979984
1148.479132
778.504003
-156.286439
1164.694593
634.163675
1346.082580
1836.955216
1243.556931
966.125742
927.800304
860.235435
1172.243812
1721.576012
774.318200
1145.692360
652.938209
1224.685068
1620.822774
1265.125808
995.730121
-6.140913
679.546656
243.988672
772.275853
1839.471539
1167.753894
1103.094428
1324.785989
502.758996
1731.987480
1857.785320
845.484287
1779.889174
1278.919716
1432.527000
1232.159233
1030.049390
1026.813882
2799.491338
1754.503773
1027.793964
1183.789429
954.086120
1191.579212
1350.574128
1898.215688
1286.249082
1352.207818
442.204121
1887.724632
1064.529020
1165.498387
928.806766
772.790931
1346.741235
1218.228420
319.579519
324.017195
393.944396
504.248508
550.186383
1429.487303
364.966816
599.071790
511.759165
620.269392
1094.034596
907.743443
942.869191
1046.587414
702.993042
268.060338
968.003310
884.346424
40.338161
459.256942
694.996378
1189.967736
645.668366
811.450125
596.945276
701.407049
605.675193
1503.708876
624.928633
920.044975
939.590788
796.386626
1227.487724
493.616817
929.130236
552.923603
1468.276468
694.766120
1183.751040
1224.660476
995.561828
298.950453
900.468618
116.279028
1265.010526
1031.562926
2217.659372
1090.014182
1294.291843
1252.645078
1192.445177
310.979731
1347.144944
594.507211
2119.234157
279.356129
197.467643
1160.608498
103.429324
632.986649
979.897246
1282.921555
1072.099332
431.908410
827.359021
160.463548
272.405372
966.171816
1088.703199
270.963656
577.227614
971.270301
1272.066209
712.625496
1153.852751
1051.455717
1574.418049
1307.048402
1425.292430
-23.941612
1124.772839
932.976405
529.185079
1060.376474
1097.588877
40.984474
1413.671729
442.380562
791.128649
675.996413
525.543299
154.722095
676.639771
744.350263
666.103001
1581.092838
726.836755
453.443001
1614.373754
1017.741910
412.511468
1763.882926
846.563588
913.014644
1796.796161
911.293634
1239.214739
1278.815568
1049.929926
734.976228
1601.010587
1156.591950
424.900026
1150.027067
1375.082581
776.778149
1880.642901
1646.022199
1019.295054
1463.946923
914.923443
1418.275772
1461.438291
1184.129956
1109.341507
1534.535639
1036.608864
1456.412797
1429.715787
1692.665171
1638.086752
1152.578739
753.791406
1048.987778
1414.006866
171.200615
307.025110
-85.911397
1604.442630
1499.872046
1320.179721
1702.187087
1218.615551
1469.796716
453.366850
449.134893
2125.780586
1544.488781
1195.778125
1064.991391
452.142032
1751.099345
2222.390308
1184.004986
415.098092
260.649992
842.623450
402.768732
962.124163
174.881239
895.028147
651.247622
1149.605356
859.207297
213.174764
850.371354
1880.967760
351.449617
619.884768
1891.804162
656.171960
1614.452755
1209.127334
99.433753
1046.385910
1354.872118
386.797781
621.424432
942.967269
865.657534
365.995051
422.055402
972.457227
833.685000
761.489692
890.101394
227.432670
1334.758595
292.462945
1061.153198
708.827217
777.071737
612.745343
609.302778
764.155266
630.215385
694.399938
272.664232
945.948141
1590.853185
722.808094
1122.577879
2238.302489
1341.051666
1886.423522
923.508950
1264.992732
895.593950
1292.408026
525.611606
536.818014
510.636113
1039.951820
1479.514420
1365.254361
1533.829973
1045.900390
1421.659794
1349.074766
681.055833
468.068328
1158.943381
878.935898
872.188386
1514.584885
166.502716
1990.811432
802.100865
702.490598
1069.466104
374.758107
1343.680418
1195.797124
1863.292329
449.721017
-3.014394
927.473549
366.584340
621.098584
1626.896556
1574.970716
715.769571
1876.950077
1461.041677
1460.616858
672.317733
675.610962
1233.803328
1639.224134
688.344770
1326.536973
799.005592
-323.153040
307.455977
1549.066931
1303.323017
877.548911
1768.757331
1226.084509
578.014344
1355.359952
697.939120
521.548051
802.772468
594.274347
865.318066
555.141046
548.894245
1534.317836
889.074981
1044.950876
1747.248842
1294.197532
1017.328532
907.199255
1157.082897
1365.274973
478.073101
1004.488809
773.444408
773.091326
1072.850369
1113.247790
-55.224360
201.292398
1129.060544
1757.684080
639.104534
230.614987
535.879390
1041.820067
1021.325262
824.687212
1288.333284
31.318634
1040.637109
1483.734934
1408.804170
-82.700358
1342.646514
1420.868562
895.218052
1734.956706
794.662939
1063.741582
805.567898
1175.466577
1739.406839
935.020039
1002.311550
870.613674
997.562580
1441.288893
1848.946300
1470.578180
951.021657
1287.357145
2104.731415
1442.381358
1636.971427
1103.362710
1309.832536
384.960627
1130.017516
798.127424
1410.005536
1940.286092
1206.158787
1512.746315
1641.172573
1610.363121
977.175186
1009.269451
1023.139897
1464.213729
1222.837266
808.337468
843.518584
1070.256455
1996.605891
883.000665
1264.768275
559.794184
851.688243
858.622464
198.642335
1179.309186
881.519601
1165.770530
859.484573
911.170979
1214.817857
1112.665346
772.697043
697.985679
1323.363737
1765.413038
433.163562
839.902846
93.938165
327.451320
1123.072534
822.214233
503.081324
1929.408653
1225.669362
537.777929
700.059118
1593.671838
777.230509
884.614255
957.041365
1328.154804
1198.669665
1365.819970
1419.919029
1976.528159
1574.139298
713.900437
1619.751899
401.743628
1199.491144
837.358119
545.584674
1237.395756
1098.917289
436.428963
784.389789
775.777391
1261.132205
709.707314
2534.321505
1014.015550
978.283828
1180.251760
132.142986
1687.078001
726.306076
667.059466
1863.670619
315.222231
860.043372
1080.667763
839.817832
858.334312
183.012942
1079.116553
1690.803102
1554.510641
1219.828841
1309.737378
503.403054
767.984798
1653.114570
1559.633708
847.756003
-140.599921
831.065734
999.035750
942.291968
1121.805966
1037.702589
882.891446
796.505998
809.812027
307.275137
1410.880959
1221.960495
1260.286199
1180.368794