542.909385
705.677366
1405.348663
865.587797
-636.180372
1253.232365
1279.146361
1061.809793
808.667835
1228.805259
1225.897107
64.611040
1645.799843
1670.859428
253.587958
457.023663
1142.087239
937.773092
434.465898
1070.449675
995.441641
670.285137
1072.534016
1936.023968
280.174385
1457.947656
2146.056284
219.588541
1209.131340
297.623572
844.095981
1269.712905
1200.632172
663.296030
729.245840
1540.381373
1491.207740
1040.493501
828.025219
908.236283
1190.988428
1724.894343
804.073274
1498.586755
1233.425847
1048.169861
750.665201
1432.300132
1308.829309
1441.124185
1573.306948
500.353059
1142.341068
924.931327
1658.246966
1562.662392
1468.252955
911.165408
757.415373
616.405387
698.956940
1489.290891
1164.029733
-454.951063
1353.448649
1238.235883
624.556060
2211.330871
1513.731197
332.500422
1232.027547
776.457424
973.986299
1137.891258
1409.005826
1111.342495
544.130552
900.264973
639.860954
1293.254147
1655.608562
507.107755
506.552515
1212.103444
721.230526
650.377393
1067.124481
1964.139657
637.927142
1969.630057
796.390398
1285.318296
196.203845
178.937276
833.270758
855.946327
775.651060
787.857321
746.403353
1929.618232
1151.354126
1095.654241
1286.257509
1162.609297
18.856237
492.231417
457.664907
1711.183564
589.885123
353.855651
1781.429393
608.520351
374.726921
1382.963388
730.135769
1566.054279
180.169153
482.910424
543.173150
758.241482
154.382854
1057.957188
491.313576
635.074622
1133.131758
786.409297
510.232191
307.518460
699.332256
1066.246584
415.414651
1618.105939
1350.555281
1197.586256
811.322818
829.364648
848.283557
1245.232799
1797.218953
424.028427
1062.917493
1314.638452
1397.132494
576.005320
676.002723
712.344227
1749.374722
725.358985
1662.184148
373.049914
542.678763
1001.439161
858.573385
667.757321
1595.592899
984.081057
1047.147704
1130.282523
1961.815680
314.570989
1219.370721
1323.149880
399.438361
1036.087937
1125.929738
1139.925592
1427.950579
564.499655
985.419309
470.183077
614.973859
673.557920
1423.341825
1348.561130
896.423170
1291.878812
852.229152
971.620975
-51.910556
889.695475
1145.049717
630.055887
514.370061
1336.896747
1698.050331
289.760016
1567.738277
888.638922
552.005849
1537.098880
1007.194684
449.416745
2078.161685
1505.949243
548.199190
2302.897555
1593.678548
1514.257469
1578.364004
1209.491773
519.673487
54.674118
184.691721
1339.432884
1193.915623
1109.927648
223.204486
878.859554
-199.951698
706.003827
1335.634186
1270.957776
1629.867609
107.923810
708.739674
1516.065683
1200.892714
1557.323231
-319.933415
936.427604
505.323790
1256.396124
455.340226
-166.622656
474.302083
1488.532012
1712.914544
1266.569589
598.658031
234.204915
908.152345
1442.976188
911.138076
504.625892
1368.559076
1237.014231
894.421738
956.207971
745.967109
525.485849
914.070564
1107.128767
1146.214469
1707.625677
257.070954
1239.737144
418.536347
2044.903846
711.153159
1199.114971
1568.096358
739.442409
1317.787609
579.407013
1197.894438
1220.870925
1020.825577
1437.124230
2096.846330
1668.097801
1640.802691
1636.362109
788.131173
414.797258
348.784251
755.687429
1759.651424
1292.131655
957.168558
1356.236610
736.455590
1214.256584
1632.236916
1478.887795
1286.555827
1329.060576
1353.913562
883.651830
380.857304
669.944981
1711.483963
1279.372785
1056.056415
1511.799366
572.219984
41.438825
1124.009398
-177.785143
1855.032075
961.115962
1584.384758
863.038327
1223.423975
1281.078895
1065.099294
920.680043
512.616561
949.055549
601.534276
1246.024098
711.113255
400.928054
1589.259088
739.524832
1036.319938
951.141062
1737.742908
-453.379793
924.862200
1176.914948
1134.921651
1091.053273
543.454413
875.748697
371.743826
822.517456
1550.339132
1246.458528
752.344911
1748.958768
737.044332
669.206112
854.951622
483.672258
1564.439339
1586.782432
276.953710
1167.724367
889.863653
547.332982
1080.032177
942.679149
1527.131596
1272.607836
1210.167599
1251.742997
1578.283494
1076.394767
649.724442
257.887150
772.212444
858.924110
1563.279970
-93.787202
1824.995817
1910.616293
1315.244113
1499.165934
1258.573449
1448.881993
930.984219
957.652526
1142.168314
521.208455
1330.740908
377.803660
802.268029
1194.197755
1706.971501
355.384899
1297.390820
1422.789734
-113.247647
1122.318049
1326.438799
2016.168903
1133.412666
1102.910825
716.544649
756.100855
432.680968
735.294347
1033.972965
191.073288
1268.285863
1369.378873
846.911588
1042.449968
1959.832758
821.748363
441.646609
1250.290732
983.528537
196.465899
835.759685
1333.848401
1170.970778
1073.493788
1799.351669
-295.031270
710.635552
664.862726
1486.756287
371.650697
1198.636308
1152.904581
1486.809455
1068.461248
1189.620803
363.983263
642.655354
358.293321
696.525143
789.166461
1449.008101
960.574524
-195.755299
1933.111761
636.735907
1396.715877
650.764804
1506.280306
1082.781077
1620.686742
1834.670895
-269.371402
1669.086821
870.197961
483.544061
695.055232
1654.107782
503.025439
1264.241487
1833.500260
446.415961
1583.769647
992.624135
779.942787
1195.942929
918.009055
1414.074742
900.892284
101.426304
1025.937757
1372.110297
-39.568012
1047.834811
1193.204931
1412.767731
1247.570435
817.918734
1018.469454
959.306339
1518.739922
1228.944290
367.155855
163.676744
613.998234
1051.365290
2035.937245
958.804962
819.519669
1181.349307
1461.167203
1243.192232
1363.575753
754.595010
1209.762264
772.528038
70.911632
1481.781123
1109.631627
1515.357639
2064.539095
858.704964
739.874892
1082.686740
337.488005
873.542474
690.165389
470.321974
277.310882
568.393569
1327.214028
758.214075
514.838454
2584.353174
1685.600788
1126.857393
590.639689
1193.342856
-276.525712
1538.750623
1085.833612
654.854317
648.446207
553.566347
1248.980100
746.697856
1043.776943
1596.313098
1061.243892
1846.367586
1020.279912
414.637600
1976.832335
732.377213
1501.188406
1978.027396
413.007888
1543.727567
843.390238
582.764158
1081.887859
852.353992
660.922078
636.742827
586.314812
1319.991201
322.139813
924.089503
1580.242325
1541.759531
1337.450374
921.706929
923.649727
282.691218
800.012738
1472.196038
1097.521449
1002.510708
1228.683793
1457.901839
911.378827
1204.937518
861.966087
-380.102540
1175.361470
1123.917760
1629.825060
1335.229414
1415.454209
654.822902
485.616116
1937.961963
997.091590
1098.950257
1523.778156
1332.978725
1044.155156
1359.466640
51.054726
1350.900312
1012.939977
1201.612962
736.199142
261.164793
657.816758
1543.425306
421.733430
909.867610
1324.424141
1852.933960
790.705633
1895.193749
1621.040059
1252.119182
748.858062
1756.939818
683.339826
683.479921
787.530397
755.626054
447.282228
1427.016318
309.089584
736.252391
2030.032063
713.343205
847.969853
1080.759270
931.259054
678.293523
1329.221569
-187.418960
551.353781
915.049852
1172.871989
1503.043984
1281.565802
999.258552
1269.217484
671.444347
1094.771883
1002.733040
1095.609088
1043.353832
1398.676349
2050.149718
-157.800462
940.135348
942.839291
1244.109241
1593.260283
1925.232467
433.529640
1187.612688
937.489960
1913.883198
1378.412303
778.188733
447.014300
897.022884
214.939326
816.541473
372.698987
630.684748
1511.452449
1049.425506
1881.892641
1357.733994
118.844684
987.259623
1533.012181
1062.073895
563.293772
1140.306665
899.456057
525.292743
1322.777143
302.697864
-247.345469
1496.703704
486.773591
640.197082
-517.224111
1254.613742
915.072910
763.592766
1097.057892
1033.423083
781.929106
1054.141767
1342.848548
193.880939
693.322299
2167.014600
1890.021103
287.018106
752.427120
310.376744
1486.851470
1740.915530
607.153282
1151.601600
802.632010
1671.620051
703.055349
1547.515218
535.552322
582.293851
799.523988
1965.147923
245.492635
1520.281001
642.326697
891.777247
965.503128
646.938720
655.853299
1166.293664
1404.728384
926.553041
788.399896
1723.064601
497.090390
529.622728
1487.098623
849.918177
748.128950
675.428070
261.688970
983.628912
753.893680
-228.356840
1209.439655
979.457257
514.681678
138.762919
937.183443
1331.471245
992.021061
1498.213688
681.480488
618.285549
820.926709
806.606468
737.427497
1148.008702
1249.736111
1310.624368
910.745847
1049.937490
256.813158
1173.023279
869.054129
1479.498452
499.887833
686.424407
337.824610
710.307020
1330.361700
624.413821
867.569199
1146.529878
-21.877095
225.755751
1134.143033
791.639925
727.798691
1439.035666
863.008076
353.912533
1357.107049
577.885458
730.074503
817.313550
1991.651060
1590.096687
1528.863464
858.530636
1108.391562
664.333198
860.879801
795.714017
1831.078106
927.948316
1036.683979
1229.231337
620.992653
110.543479
1444.451022
1670.993483
1297.403700
1206.338403
1325.204618
1082.528577
578.852868
497.956560
1185.744927
1765.490648
1090.619223
448.455371
869.285421
968.742818
556.066617
1462.828452
1058.464094
1064.990108
915.852993
1363.751256
810.323753
122.900303
-217.611874
271.161398
1500.148648
835.556412
724.057968
1853.905033
472.233657
1528.270270
1622.993824
1651.771322
1935.045484
1139.861149
1058.445018
747.244183
1580.795902
382.435971
1773.481571
936.262562
1317.923575
705.116303
1044.149029
1184.113605
1538.005144
1391.233590
1787.773922
1025.993124
859.633612
1757.545335
481.483942
1731.101026
1298.763827
1539.794189
829.587766
784.139445
739.459178
175.150184
80.165845
2358.530027
229.483318
1545.940665
556.350000
1048.781287
1049.802671
632.461368
253.255416
821.700039
193.348742
1047.167299
228.683931
1247.031700
1762.745035
1187.277898
972.975964
1450.217183
1020.326529
1318.118746
1734.891369
-169.351083
1000.727011
929.667820
1276.444408
1135.772170
128.480178
591.650925
1222.670522
1045.345804
1281.109795
1212.582504
1372.701598
1112.491875
1574.795760
969.337647
1241.265876
1319.359091
2407.867436
787.833506
1691.911426
859.334135
1687.890814
319.603967
735.141545
225.131677
19.575114
1367.418512
796.126246
1488.014528
1208.160396
920.185730
679.414687
1046.316496
486.314256
1516.095221
1810.910692
460.322113
1740.877707
1367.379924
412.880240
501.834965
478.580201
973.371986
738.626070
-26.941666
923.893314
1545.766830
1570.756242
1970.614105
902.787058
137.777591
1118.713005
1116.343140
1344.040903
810.173673
1113.635105
178.970471
1060.701277
575.317455
1985.294824
1417.442958
1046.013872
677.650148
977.072918
538.986391
701.961345
1226.100914
755.190311
942.222134
1107.366652
1382.797202
857.601672
351.439057
1852.605633
746.044516
1161.664098
1352.580920
1238.415304
393.036647
1482.215154
753.177965
757.001595
1182.741890
1711.069974
773.824548
789.472100
964.382317
1454.310330
1493.610617
1637.433918
1422.832778
786.492061
688.340536
747.871058
653.324610
1161.597991
1235.963077
844.102159
1188.675259
1418.756482
712.517953
735.303126
783.704129
1250.774619
983.827343
497.982199
1149.619338
90.749577
142.013028
247.726769
1258.075239
1367.824912
1147.763543
1649.619563
1785.402553
1634.170125
1678.457046
845.195543
804.368651
113.227072
849.962625
2033.259365
738.253844
1252.173906
1481.989025
51.076128
969.354594
581.241247
188.627146
-378.619240
1827.060960
1406.900950
17.293164
895.694209
1239.177709
723.646850
1558.192630
715.851213
1194.520806
817.335320
853.657852
1020.784239
1225.192943
233.756003
1466.607732
1948.511533
812.762210
724.581398
718.857590
1039.503102
1078.821457
555.126271
109.298692
1809.601823
368.575360
254.572341
1785.928817
1323.291301
534.298002
1814.229064
295.361642
1162.290197
1527.945587
920.966692
1905.278527
1255.572949
533.103540
694.311238
492.818858
1097.719556
1231.706078
1547.632972
1178.441248
1204.621251
1340.209457
1592.077185
862.220701
733.085276
1911.498198
-184.784953
392.467211
1304.378232
548.786150
881.413490
1299.650533
1385.261375
112.707410
1282.811324
1466.879841
406.288061