1296.976270
1143.556734
587.185375
741.273590
957.660826
1477.602374
1021.857999
1100.075586
1071.538726
907.538046
673.391177
840.696689
893.079169
1011.735725
798.217710
568.838893
664.978598
1274.808470
1034.658170
1324.140222
1349.240597
1151.322155
585.281313
1434.559209
625.466769
906.892190
941.272186
1343.790694
1046.915910
1325.375537
890.315272
914.542376
1162.859887
1099.179701
641.423935
1218.828692
694.468239
860.607905
1110.882045
1365.661561
709.817156
1382.511179
1393.952057
1231.141042
943.677965
859.102256
1079.143761
1303.899326
1441.313331
677.658340
642.003271
1419.720916
718.361781
1318.093075
1009.873717
1249.150220
556.442708
366.807595
1159.421610
1226.845856
859.150009
725.170799
1308.406120
1444.765907
1287.895046
1215.711074
1011.475921
822.018890
472.380318
894.971983
682.395784
628.598964
889.526823
1014.026851
1443.144887
1262.666174
1855.654363
824.105740
911.509551
1094.307165
1182.213935
1271.376098
1145.134735
790.769127
1103.319029
922.480228
915.540608
1421.017090
959.820732
1260.935733
730.930231
1565.961809
1100.750357
1123.670190
830.316567
1347.717601
1570.984567
1414.995264
1002.644732
751.157943
1418.811427
787.916224
725.207729
399.635552
1019.214829
875.857685
1306.770990
1024.719390
308.076307
872.555220
818.107566
1445.448552
1480.250468
908.797310
1114.423400
1018.101595
629.517362
960.958968
899.278934
1036.536018
1351.057905
403.239933
481.489956
856.437869
1305.285260
1307.617959
1036.177391
862.016328
1510.998595
927.661375
717.734857
383.581809
951.024810
1441.425099
813.145100
1017.394442
1246.856416
792.248194
626.687967
882.609907
1187.921670
1325.786919
1072.077064
413.800832
730.646468
1072.131921
1221.552742
1233.543755
975.671311
1285.514862
1344.374723
622.260495
1247.573260
1218.377843
966.258584
1042.668706
1033.402285
822.311903
1223.771683
408.267706
1069.655375
752.145362
634.103636
680.766859
919.744911
982.442148
1446.745817
1112.125680
843.321924
1054.765553
1830.801508
1214.605246
1115.171074
1030.122103
1445.163078
1002.491126
674.440602
730.043534
812.796856
650.546268
1877.860335
847.903405
310.144441
1677.527321
750.051392
1600.196608
1040.213054
1577.806086
699.219385
483.062255
803.501946
948.262044
995.684679
1018.282078
1616.288239
1179.084057
1199.737498
1685.396152
761.914414
1000.013583
928.307680
750.794018
980.911990
1009.586748
455.827475
900.153659
974.350706
1472.221971
788.094652
957.513055
872.877026
1223.572956
623.887715
1221.254712
1342.172691
773.529729
1050.004818
1029.478676
841.785630
774.353184
562.289996
1084.819587
1468.712036
1112.701438
1309.725243
605.912591
1512.192082
461.327447
917.709244
808.770317
948.587285
1012.114081
964.956403
1442.328951
1137.560260
1253.578997
1751.051286
875.758174
860.358538
989.880395
926.552274
1254.083937
699.559453
821.255819
985.674068
854.167268
698.496474
860.472206
1658.656543
324.270713
1107.023848
990.912056
1004.992638
256.157402
365.124010
1543.496252
1259.612811
648.761433
321.612843
1692.278832
1333.941712
225.752359
503.747573
1086.953520
1038.448689
1176.903333
519.870760
831.681590
729.470459
602.066068
1176.948410
994.468716
1045.411182
736.839857
941.614003
990.083297
983.533624
882.497652
954.881250
1160.881915
901.003770
662.805196
718.542833
1089.363870
853.542734
1106.617668
772.520619
1084.764513
1425.759388
1341.085544
1314.874087
640.714346
1113.717930
1082.636529
897.854712
1019.344950
1279.612858
866.367067
821.656337
809.052285
864.083673
1109.291605
1097.566048
746.751249
1192.331189
680.814654
714.190135
973.688861
1348.747978
712.581742
881.585133
757.009553
490.355963
897.552992
1023.435806
774.159305
801.326021
887.263915
821.150756
974.127180
987.518038
1076.854707
1176.323055
707.046532
1148.388237
626.963196
1129.524367
1358.819022
812.597146
799.241321
1470.494498
1482.658789
549.222025
1397.578840
906.028010
399.261113
994.713076
840.487795
465.418604
1264.010550
814.542908
844.600663
580.811810
972.049384
1056.221966
1535.076054
936.305505
1400.849267
615.721169
1181.116456
1414.280707
803.985135
917.793239
1231.019576
1266.162837
1122.632805
676.443067
660.881551
944.799893
1116.110906
1608.918952
1044.658092
948.967194
626.588749
1097.643442
1101.396981
978.522600
712.195355
1140.216920
1148.839730
953.861354
921.001246
1081.297343
899.841600
994.256956
541.467023
1142.125420
798.053977
1016.021946
1096.741633
1088.152716
1400.535339
1270.684860
747.181515
806.668947
1146.793451
858.886882
1456.071637
1040.194380
792.027080
707.531890
563.488503
584.430908
1061.736658
1759.295441
1126.992278
1096.185214
649.266186
967.505008
1165.088136
876.039779
1302.533134
540.038727
1204.383093
581.406103
1128.933554
1018.452850
934.080615
979.721859
655.968678
1015.009308
1113.846898
1312.650648
1388.317939
1227.241609
890.896339
1115.040915
736.778536
753.892138
930.459150
770.715338
1269.721876
930.740331
1127.259304
1193.283709
895.203621
554.802752
855.126526
1150.982637
854.788942
458.411850
765.347006
412.866135
1110.683372
1058.399903
1070.394159
1099.816669
1188.489261
938.517276
1069.316827
1471.093343
1074.318778
1280.669026
840.296672
786.857790
909.383285
629.792050
720.506044
1065.049744
1259.925732
634.548238
1436.710045
1350.469728
733.159512
817.962375
633.136767
568.176088
1281.240017
1413.138419
1000.837175
1027.438021
642.608079
1381.429844
852.072922
1248.758441
692.517781
1191.695631
1209.895490
1818.022221
936.275023
1232.668477
1226.384499
641.945895
1050.020653
921.188572
1757.340759
960.140376
715.313117
1305.129952
1079.144169
1304.024171
752.280893
1377.865421
1253.449952
1518.807308
893.701688
1139.659222
1454.718100
868.481223
344.278209
459.728753
915.291414
1044.127736
1010.941303
1124.405518
1132.452887
633.033883
1022.787377
1243.810801
667.088790
1110.174943
1249.544254
620.983431
1101.611286
882.869874
796.349906
1154.992127
1372.621561
1319.607696
657.917177
896.731905
649.359693
850.614109
1144.208173
966.421390
400.971911
929.110693
922.827161
1219.697326
1707.510317
1230.382432
791.480592
965.705317
946.146692
964.380231
1269.259232
1480.116253
896.563717
1777.200092
1073.630580
819.455317
743.894040
1237.847617
1061.523427
1353.167805
1101.609270
1061.090276
931.401345
1397.079562
758.809365
1149.029058
507.424858
568.064115
769.617082
787.735080
757.115016
1046.633638
935.249836
1040.802416
826.580055
868.096368
1368.621123
1669.631555
1186.992058
800.995628
789.958901
944.399004
1006.815431
1132.683132
844.311091
699.865783
1011.696245
858.998811
1307.553269
1358.681944
1253.804546
1455.530394
1036.106920
739.867588
864.398954
1175.108445
945.537401
718.798248
1055.671265
1440.992860
762.390329
1025.363058
961.023391
1519.212061
678.887618
1199.495432
1040.824225
958.202401
927.458791
442.546968
500.624206
1527.340929
500.303560
1021.403517
994.689486
1161.419805
974.972720
1234.469917
835.056093
1078.589700
1199.173935
1625.729971
1136.165474
1005.724202
977.757412
582.055567
1254.401261
1079.102860
649.673505
1507.863730
1034.937461
890.160571
1041.172695
1217.533627
1355.343090
1103.534121
1353.859480
799.316142
784.019170
1038.075489
1023.493432
1415.156353
1033.489002
713.277168
628.824795
796.227345
1188.012728
585.635743
850.214036
1187.780698
1240.453096
741.117382
690.667560
1236.817455
891.227530
1155.801084
872.313164
1336.225686
1096.475540
1273.922782
1140.236138
628.621703
780.644520
632.737342
910.402202
1085.201969
1202.596004
1494.611623
697.863104
1007.214604
958.131066
438.818564
1351.653487
584.630413
826.160303
1459.140138
796.882768
1458.529174
1400.396389
939.168893
882.113704
994.398645
797.600433
1029.126746
641.792921
915.391615
876.793870
854.097506
1359.990559
1230.838367
1008.726573
1161.496798
988.124530
637.661004
804.113570
1277.800117
1365.176802
977.135255
982.840727
1038.482856
1336.941629
732.943931
1093.749421
893.107516
612.256097
1020.005279
972.703669
1078.237818
1056.862253
726.288698
1157.102223
1243.919459
1137.841427
1029.400878
914.628889
668.752342
393.819248
1043.367866
2156.761553
1357.806242
950.255234
1027.635644
626.917822
708.770820
1016.726910
721.451106
1454.948994
1031.152767
436.237065
1092.507864
935.037068
696.161987
466.991784
1399.687172
1182.513127
512.553147
1342.614837
371.674320
1170.608676
736.947431
1099.492118
1111.382867
1084.730605
1524.335817
951.167567
900.907473
831.130457
933.179423
1081.512632
1627.590882
1371.846893
702.565946
1157.903358
870.434565
1214.648214
1116.372622
989.834753
755.829380
1098.131037
599.475264
879.962855
867.331834
980.419519
844.563581
1221.545108
1169.111778
1065.443953
1043.898300
965.773365
1098.037408
940.363578
1587.662331
759.862896
1065.021212
1030.290193
1219.125202
1486.982819
1194.164587
1406.799360
865.668022
455.364740
1049.756020
1263.538058
1260.585476
352.068011
730.710964
1676.541391
697.438963
1121.439033
950.243660
1364.691171
991.673845
541.470073
715.652176
377.946946
765.290769
318.624486
1012.845779
1131.979292
1013.779445
997.855268
1385.356891
715.562596
1044.291173
905.803262
574.227442
1025.928282
1115.587080
743.033480
877.250842
683.709813
1330.649822
1322.389853
327.783092
1060.760879
1045.747420
600.089925
1160.177288
645.207957
1131.512504
1329.984074
1056.707782
1207.093670
667.038541
1410.149948
1195.948317
502.347424
602.987049
757.799658
1415.114395
1348.772600
662.402413
1150.923976
773.978838
1661.027514
1124.974826
1538.136693
1112.382782
1504.545144
1066.007332
837.103226
733.109125
763.271075
585.932207
1127.849529
1314.458632
1294.056478
651.036281
1183.304533
430.246944
1408.580979
1401.531996
794.653967
1526.966940
1352.142737
880.844399
845.558751
1469.513677
1048.077965
868.933452
952.753241
1251.336490
1062.582590
1116.226428
1040.351631
1460.648041
301.801313
1495.989531
749.984048
981.492498
1155.248528
1127.470099
563.481455
336.394155
1387.048164
1355.297152
818.302128
609.623230
848.954471
718.539686
1332.679290
1069.324877
733.470166
1185.001648
596.028359
990.969308
1237.651649
1437.387710
1209.301329
1354.362047
1177.291851
1128.903616
1091.944536
1287.235893
718.389815
1468.687111
871.244233
985.170148
940.761431
1245.185411
1046.973179
1341.550708
1319.356495
914.079535
919.902946
1326.714543
766.481428
1173.926060
1062.794391
1000.460670
899.627651
574.700868
1861.525756
1171.262740
735.268692
1182.104286
966.523193
1604.326471
796.614065
876.021367
355.573917
1316.696273
1293.726059
1008.928604
1265.779775
1232.490433
511.430191
1106.104428
952.774713
1354.075746
887.558099
1152.736277
713.614428
1207.753297
803.824903
296.568006
870.760751
728.357656
732.979385
1453.504051
950.524427
872.275936
857.310780
1302.210323
881.509852
967.486049
1162.230656
655.213498
1095.341628
861.803092
1386.131206
1483.977247
1112.654580
1306.651010
1069.494302
1096.684450
461.499098
1434.183992
596.822348
1100.463788
1254.757249
616.389167
822.053958
787.020763
808.545203
775.242252
862.310918
914.963446
1067.729921
1035.110753
1121.053624
1675.049079
1416.303455
722.095564
871.892947
1191.084563
972.399515
1116.507910
946.053639
1466.236008
221.885043
736.965706
919.352366
453.007294
904.142495
1638.420843
373.470894
1234.550833
1115.222201
845.348113
813.417448
716.848008
533.011270
1137.609350
1047.516582
647.145397
1037.031050
875.638289
1502.448902
1231.444405
876.085078
1418.297552
976.227792
631.487519
518.915984
390.190444
1127.217778
829.098737
598.712393
1045.950750
969.621825
1180.648962
1257.994909
1134.366183
1446.255343
962.263618
592.834460
1167.562965
826.682794
837.100877
785.116773
1040.987957
634.135318
853.322014
581.260358