889.236741
618.476643
992.320799
944.581699
1129.656064
762.399712
1031.579701
906.335968
705.043536
1197.876922
1158.935668
1331.100206
1011.384127
805.730662
916.332659
990.095177
986.224683
872.012632
1022.913694
1050.779989
870.135949
1306.099977
900.828399
1005.960051
941.803362
1181.360367
894.664985
1054.317556
914.595603
986.670566
1144.785897
1007.197585
950.484799
783.907168
1083.694251
970.693609
963.599820
957.136944
1067.979580
826.362608
865.277135
1009.406250
972.224828
713.473931
1108.297406
848.099695
776.769232
1245.199595
821.759070
1334.259611
1105.776360
1121.361297
944.601657
959.392163
849.518852
943.576589
1108.867098
767.253130
755.848448
1035.163023
1062.710618
1170.981929
831.101768
1082.728336
1101.088244
911.437950
1235.613987
1299.838774
709.395939
1031.942074
983.290881
1060.940645
1009.857956
981.213135
1069.029410
881.143327
1031.596790
1215.730329
1041.159567
1057.513063
1260.929274
729.023211
854.734436
1045.286485
1146.811048
937.563194
1129.260224
945.423333
846.258048
903.889867
922.783602
1099.424733
1096.835725
946.092210
1078.542933
959.072670
978.778411
819.977572
911.673883
964.487974
1021.366717
1431.808630
1040.483051
850.922505
1105.994047
938.571152
965.576580
977.366827
834.559089
1157.851297
1075.136156
1324.220568
876.917898
924.861209
916.657098
1003.487091
712.667040
994.758246
1217.806447
1087.527836
1049.589692
885.622544
1145.436519
1027.353463
955.729294
857.001955
613.330657
954.411197
1062.255991
1316.764645
1172.651252
1142.303153
991.501028
738.664962
1230.957408
943.964204
642.359886
1089.388591
770.209200
907.887214
935.778365
993.826985
904.208188
1051.179320
786.829178
571.412459
1058.192176
1188.525035
1028.728419
1024.653407
1129.321972
745.614311
921.698315
977.034914
1198.131135
1051.315470
782.741576
1094.303507
809.032272
1157.786276
1154.737970
891.068191
1416.478948
906.357809
1294.869313
839.863137
975.026342
838.633193
1143.987605
1029.872570
1000.243934
1025.884507
1369.186088
1039.929286
817.076106
943.513841
980.024577
847.425427
781.792527
1041.935261
949.715385
835.178358
1190.513609
858.053758
989.313281
1028.990568
808.678392
1272.246843
1023.553847
1011.435798
921.728761
828.626842
1020.230900
1326.760340
1019.322724
971.766241
934.128802
928.524899
1000.190476
784.835227
715.688091
771.736876
1224.372415
1064.774721
1054.312483
991.935311
902.264306
1084.923253
1141.414103
1181.003948
1040.550893
1163.077219
878.506937
709.546699
1260.587720
854.503308
793.599765
1177.600709
643.731824
1168.518587
671.742318
1163.145625
705.469915
1208.121486
945.873742
894.676699
899.301498
1104.415935
1350.288791
727.938893
924.176832
695.368123
967.389375
554.399575
1130.295945
838.003696
1019.059434
946.104407
680.398290
763.562473
1135.346689
1123.783070
1017.154097
988.328986
772.490545
899.965836
924.115258
944.356769
1175.929716
954.008209
990.173372
994.068724
1055.393201
794.675986
923.568551
978.707772
1268.594752
1033.831612
1230.986057
774.338133
926.426334
887.134449
1156.894799
1030.776322
1310.389645
991.092720
979.457674
979.358172
883.837729
940.016111
856.430456
815.131817
1135.326913
1134.224012
1116.806130
1203.356509
865.274346
618.529860
1292.109474
1029.063278
886.926013
775.308121
942.978647
1023.400391
1082.754866
758.989713
963.178401
855.410573
817.976593
825.150662
1137.727699
846.029659
1128.772783
1035.837525
1316.409955
984.094405
1018.977616
1141.022911
862.249644
991.374607
969.631542
1097.139152
927.023997
915.173524
1128.959327
1544.524750
1195.218000
827.410470
1174.818783
930.417367
1041.282746
1054.008970
894.452184
1282.426289
979.472307
810.450657
1056.653335
1227.927328
1161.816373
1320.990832
780.999174
1006.400781
951.274510
1228.070212
1073.407311
1269.949854
1152.743532
1206.607773
985.549961
1111.323393
1152.299808
933.905247
1124.798075
1329.774510
888.590965
1219.516955
1127.701937
980.417283
958.780441
977.495732
866.215992
1107.682115
867.383744
881.507087
1002.552162
1153.304361
991.433921
912.579917
920.409036
1127.024506
967.835327
1116.497903
968.223922
967.580745
940.356384
971.001021
1294.106633
853.680753
796.488623
1203.765719
952.598643
1008.155016
780.391189
962.078388
975.172441
913.353594
964.931664
1105.849530
997.308856
1129.553211
738.108125
1084.046323
1051.579070
1360.177132
1032.550733
1087.779244
691.975759
871.364555
1079.075434
814.410391
751.239030
806.666779
1081.809805
923.179767
834.136272
857.657837
851.340399
1121.338057
715.693967
1005.259444
932.408422
893.392190
1015.492180
1314.439980
1190.858529
1179.568750
1155.175175
961.353052
726.712409
854.078217
737.291758
1082.260076
1054.628120
1044.656615
817.167921
904.616315
910.171836
932.499337
854.677279
997.224078
1160.189805
1123.201578
960.828587
1036.833516
1047.617473
942.078109
964.349639
1030.218837
1014.895777
618.631071
1151.389385
889.701063
1165.006554
1183.892437
1283.473386
1061.846652
1171.256088
924.781045
850.991868
993.480626
1156.125217
884.476879
872.013036
1384.964361
1026.127044
1143.552166
854.508575
1025.726744
1086.965164
895.576220
1279.383108
920.329463
921.162430
989.270587
991.679471
1069.685943
1224.183114
1241.887539
1192.370367
858.361582
1028.689314
950.741058
1115.504364
660.134674
792.220837
849.073791
991.635158
1011.763626
820.230785
1132.506456
1064.336337
914.141219
869.720206
1010.366399
910.976599
1017.604712
874.837566
1218.285564
862.776399
894.592998
956.708181
897.730607
1083.847760
1019.960509
1031.821219
1228.602162
976.844818
1051.680545
987.851395
1109.113145
1045.990735
1156.599234
752.222722
978.236106
1081.603847
1041.228340
1141.603080
942.711128
1055.206772
1293.681617
1121.631954
912.279075
1016.538041
1124.924415
1125.270049
932.766726
1208.153025
1019.218880
899.796229
1042.758920
1289.827846
870.425442
1040.614293
1044.351520
944.773263
875.649399
944.087350
1106.910849
1294.081583
934.835567
966.597901
808.246951
1052.863401
762.415764
939.739742
930.864501
1130.246478
829.742953
988.768226
1231.885136
1147.081403
1073.765699
1008.302426
1064.876691
1127.152196
1058.526046
899.943987
628.887674
955.817349
1204.956615
1114.122740
696.821528
1092.433671
975.151423
980.308371
846.114043
1135.560624
795.975087
904.373328
1500.350658
959.489044
874.765268
823.660745
1117.546281
1141.336677
1045.930604
1031.341692
1069.997147
922.471239
991.132275
1150.124507
739.057472
1018.629230
846.150571
1090.853233
924.509231
840.151938
1026.638514
1057.495056
1009.597752
930.835087
1236.085196
1193.070464
1111.240522
1430.285297
925.987185
709.475903
1154.440578
896.003162
1191.392907
820.779574
868.098240
987.872535
975.016147
1081.923710
1277.874844
868.253649
1265.890597
1128.293492
947.910066
1012.455381
973.050644
1150.097440
771.420901
1183.988868
1036.427853
1022.322555
838.361936
992.068337
625.440963
917.988465
879.956841
1159.575861
1111.709450
1152.105764
1170.099037
1147.130971
1126.638354
1016.192201
1042.201595
879.408751
1113.091527
803.615451
1001.108125
1089.276271
1104.906744
1212.148245
1159.502869
943.348211
760.723915
1109.916551
1096.376275
1165.143480
783.188825
925.911720
820.555270
1135.554124
1128.841272
1125.448822
1235.393905
1073.680778
877.753162
1027.903684
1035.618374
805.887499
954.346412
929.463675
1154.314052
1224.655377
1445.193300
1023.331600
1138.738947
930.099455
849.793747
1003.073942
820.437538
796.856866
1029.730746
979.744715
758.418589
1113.204971
906.313528
845.813028
911.227926
993.437986
1152.131931
911.011176
1165.964899
1023.984284
884.201920
895.859823
952.839651
1063.007710
1330.635005
1000.006790
912.579163
1258.821668
1010.040930
1067.259056
1004.636775
952.367829
1259.439424
994.354416
856.010685
1160.462829
935.832510
795.989002
1005.749617
1034.649039
1119.938135
967.503449
708.624633
1106.209120
1108.878263
714.020080
884.270648
1022.771806
873.221871
979.094293
1062.722560
1039.896308
1289.699511
1058.691555
1179.764200
811.064826
1004.618232
758.958258
1008.299484
905.350439
780.962826
1140.797790
1194.221319
892.734255
1011.227493
1120.895782
1059.268090
1047.801692
1004.783862
1210.096667
1138.600428
1264.689231
1127.821379
1172.014024
1222.484959
1139.240407
691.878111
1168.118952
1185.950359
1059.011190
1041.375229
1055.812893
1090.801579
1042.234011
810.575814
1145.827515
1229.995254
1073.261329
846.349264
966.416770
974.307269
1028.319116
1128.161726
932.148245
1283.407070
1260.030850
1017.786107
965.038454
1152.618301
941.612143
1127.538284
1033.397871
901.621876
1318.481240
822.777615
1206.227562
904.542381
749.826847
917.279687
1067.496971
1029.306858
831.542419
1037.711463
1187.307554
787.049584
981.107771
1078.794444
1153.139690
1111.815568
751.274791
842.975583
902.960254
994.225346
1105.480734
1080.630924
1154.429537
763.144315
1053.186481
847.160343
882.573882
891.124818
801.276544
964.754183
884.600266
853.692537
1214.059245
1226.081430
1023.436071
1185.049811
1107.246613
805.933844
1072.453543
976.464477
1129.708212
1072.289081
1185.960176
985.835215
1030.140863
725.669954
970.192234
1038.465105
1386.090092
1206.789784
926.949368
878.170859
851.541566
1159.937567
896.625921
904.001611
956.377498
914.097104
1070.831493
737.327568
1202.982140
906.046266
1161.069623
1171.818890
751.009018
948.085781
998.717035
1047.769633
683.889033
881.542653
1112.179363
1098.692026
724.951851
779.990492
1039.937913
951.742348
845.300983
1381.252810
786.586941
1013.130587
953.370294
1114.092284
1099.298600
1325.745044
1108.027770
1050.686041
1186.438649
1052.135068
955.434546
750.469541
841.519401
705.703447
571.105901
962.302954
902.687987
527.079890
1189.014539
975.075601
870.500089
1390.466200
971.082093
1265.115555
837.782647
853.718350
1055.043279
822.557509
1099.825770
992.525217
877.301234
800.174961
906.326804
945.098655
1009.512155
1064.191152
955.075619
1137.216326
1490.845270
1048.824971
1184.829590
1038.578808
1241.282123
1023.388641
1087.610393
984.392255
934.402045
1297.007135
1334.834400
901.633532
1194.568480
624.257843
1080.820587
1351.561903
1173.164936
871.353953
1015.045750
1139.529580
1016.989834
977.242095
940.347678
799.565629
750.025748
863.492110
751.020676
940.103041
1125.632888
1168.892803
963.381562
931.932843
728.298434
1057.561005
1049.153015
1142.676276
1045.262440
1209.380318
1044.598740
1173.820799
980.426616
1031.247538
806.297064
861.634349
946.278177
909.625497
1023.126155
519.951867
823.277460
859.808446
1084.340279
835.490657
1249.461954
1159.035452
807.692453
1086.235273
993.779567
831.603416
888.234131
811.410832
761.731283
835.629419
688.929710
1080.800283
1109.295143
735.363535
1643.569528
1069.866565
836.476908
882.090932
951.259139
877.782573
1053.138699
1161.621553
959.368070
890.059626
1004.538599
698.654362
1022.633517
1085.166811
768.083727
847.153953
1062.417850
796.747767
913.139177
1100.361000
1366.771520
936.253267
1050.985226
974.401880
871.677612
960.592703
1217.551182
991.134585
1009.005766
1152.786294
999.022375
865.330154
898.279869
931.099827
942.603878
882.846311
1188.764627
1149.368722
931.636614
1078.626768
950.955097
798.172047
1010.556028
1030.317841
893.902182
853.722442
962.604436
1137.304703
827.030094
979.900426
977.153331
1049.712706
1020.623406
1122.341692
1064.732355
1064.990091
1212.589713
963.207257
1121.449593
1169.478459
649.209752
1217.888038
776.291552
954.842498
1118.612635
913.349648
696.629901
1087.318362
1072.135747
804.536561
1199.695336
881.578683
1214.397087
875.686657
862.536678
801.647612
896.914103
849.668905
770.909908
1290.059737
805.949118
809.316045
1040.497562
870.850522
892.973855
693.870895