1265.511991
1397.159864
788.720928
867.916258
1074.032990
888.815654
593.973809
1278.026070
878.395282
976.977532
1288.534211
1423.674466
1460.801780
1237.553445
688.711186
1000.306542
953.260602
1324.239049
1639.466955
879.977860
1798.563282
846.578898
1438.950438
1259.681915
936.847186
994.468238
983.978558
935.426665
1026.459798
986.273271
825.501513
597.570195
1346.608274
945.077345
1041.895009
1199.515960
1204.267182
1097.538664
1389.565529
819.791528
1329.972649
1232.083499
1380.802362
815.564521
1101.628562
774.978710
1095.374222
669.537433
1524.067325
1204.299805
1056.981751
1010.192591
971.477921
1677.194823
1087.723116
1338.920213
1001.442875
839.448049
795.211404
567.509718
953.238928
697.863282
1723.309236
1410.214472
145.613322
1341.538052
609.190536
1676.988625
1015.945965
581.318081
923.366393
624.672371
1008.124744
724.514948
1057.594309
1246.611273
1259.692838
1542.603506
481.377328
663.353091
1416.125020
401.191529
975.020943
764.735713
939.359982
473.070447
507.201824
1263.411182
934.224269
808.131448
863.965139
1145.422837
-53.948156
1159.398763
638.808311
797.857406
1232.921799
1633.414716
1264.192687
593.720635
1238.258684
1060.113880
926.264500
1575.719215
661.951192
700.600488
969.026704
1275.490704
887.378843
1195.588291
616.836144
1108.455472
1867.141777
482.725972
705.166011
1032.486325
362.292348
1929.640909
264.825308
733.048304
693.435932
1118.137915
701.877782
1397.665375
1019.327162
989.579605
1420.452478
845.054809
870.351555
952.249776
1246.870785
727.975365
715.415277
1889.924373
998.670765
585.958396
1470.912577
1377.818047
1054.244612
1606.133941
791.528824
733.774014
1314.879677
696.722683
966.252352
561.797384
1102.951666
937.529528
1063.456571
856.268642
641.159597
989.423507
1122.107217
953.456625
559.898218
1541.287351
1311.804903
829.540302
567.896875
652.467790
854.181383
751.264469
1338.181492
1077.129816
720.881834
1156.917804
852.582424
1018.874064
1869.399184
871.153111
1097.580606
261.109509
1521.363054
1155.304058
1113.080416
648.856710
647.795542
881.083808
1518.854980
974.466492
467.215581
915.340836
805.252369
1228.171404
824.695797
856.356194
607.518056
636.871265
850.589524
347.549026
862.954441
989.644177
525.607642
1066.327283
1531.386173
787.339590
1719.657610
1038.992797
1057.193515
807.840724
499.172675
1014.388655
1305.971444
855.316288
1346.596355
885.243101
595.954563
1387.669601
863.609278
954.504380
845.456344
810.660741
1166.312841
1274.545210
821.479046
1186.457225
308.991238
1518.555475
1430.110174
793.685387
1080.446504
959.220643
808.379954
850.965426
960.691011
1509.103803
1461.314373
502.104210
522.710882
1139.168981
1032.816124
683.333916
1087.466655
1006.495210
645.749674
720.048934
1778.698158
943.631857
812.395885
466.230725
1057.891149
528.565709
477.129891
937.254973
885.737455
624.798472
571.496271
1162.935366
833.241243
1091.972205
1315.714755
967.946380
560.523181
186.630456
817.396621
767.177934
1149.502371
1311.456903
480.922554
1306.761938
950.128418
1551.619854
1356.406240
991.308119
1321.665238
1046.314813
951.037809
1006.784636
799.870205
1115.444376
1659.495948
933.309592
1062.283086
671.846878
529.516959
578.483224
858.746004
1735.023740
1251.739521
1586.618479
1099.573018
847.393014
1317.012608
1078.589509
1395.371331
735.354378
1020.325346
1186.352016
857.133337
1214.918512
637.687985
1310.682260
499.921459
424.654632
1548.251716
1113.750307
1221.890958
901.596660
1310.732184
1357.677974
1506.737366
759.580331
1064.003398
1379.195665
1569.257292
1047.468677
1666.780536
819.073075
869.703873
445.670556
907.418995
485.365066
846.537083
797.913673
1093.620005
1404.155438
358.653346
1313.220485
1120.985282
971.475596
1458.152050
1293.519084
634.291710
418.256977
1087.209956
986.643091
676.547255
787.170628
1288.194324
1184.479796
1602.153855
1240.083626
1233.614621
1215.428420
798.854250
1226.290372
1087.198490
841.246943
1707.926809
562.885299
804.712218
1043.071041
471.854550
613.605259
1485.357425
542.978842
1088.015877
797.509688
1134.520235
679.074676
1283.337068
1119.123706
815.961109
878.677711
1158.087827
1094.638975
1221.370631
878.979258
888.717181
191.714348
984.973783
1501.165342
936.183074
766.035950
1077.700484
1150.912786
1057.802380
874.406147
1181.366789
1299.484858
871.239852
1025.531129
1914.967988
1534.452686
857.614403
717.606958
1137.017200
970.956400
1047.200724
961.626347
923.892931
572.165177
1307.198350
1342.095478
183.818480
1100.541649
916.654229
1024.706981
991.136263
601.896069
1362.050031
766.441883
946.525907
915.904108
828.046432
941.419336
738.301185
1312.806770
1113.829131
1714.620669
682.404095
1033.657353
1075.190092
1236.513690
856.843545
1050.341675
932.554844
1003.770852
889.653575
814.794944
1287.157984
1298.653492
488.537348
757.040792
567.158900
1164.140331
1199.289671
348.977867
419.181423
1022.631651
1256.199346
894.532634
1161.671963
1396.478331
506.050141
931.165271
1735.574969
1213.921710
967.006381
1020.553526
954.212430
1008.702464
1174.973628
797.715303
1172.925023
1698.880807
816.773502
516.271974
1184.377560
1190.688097
1033.156091
1440.388813
606.741827
435.552472
1153.736184
1403.954773
1264.107234
1051.977870
1370.001503
727.074019
409.639817
1114.111960
1367.407011
1312.131775
812.520197
1327.604341
1357.128341
741.396103
1510.675421
645.030070
1244.781664
990.436205
663.376670
818.880035
1133.215470
579.615749
1345.412504
449.403787
1313.473585
306.992403
1403.172136
1334.706536
595.961709
865.771768
1755.964351
920.310044
900.130062
1055.507375
1213.797622
714.686059
1424.593855
1119.703436
1109.560862
1448.281095
1015.307868
632.491827
909.740587
1130.448717
1109.788211
1118.647087
1447.040538
1411.150841
253.610197
365.919830
526.333873
1140.724895
834.871700
1067.522423
941.470104
1786.613030
1254.319780
1115.731848
707.968786
1155.130432
150.464848
382.008531
1294.257333
494.178332
900.389365
890.214536
1359.174066
1452.351944
1059.911008
403.323225
1086.527428
1477.813840
1047.026758
1035.864442
1488.442498
1340.872486
1783.862347
1715.681989
977.502270
1277.595677
719.447688
1215.396309
1139.750203
1176.827791
557.238860
1369.026403
823.959338
906.745847
456.989431
455.276526
959.804730
1274.064482
873.945171
984.148294
535.042104
1667.837569
1209.656104
1416.743642
1268.087549
1549.178096
545.302205
1131.881696
1020.081660
1417.995014
720.511806
416.135475
1540.177013
984.573781
700.868233
1431.884978
1281.715496
1022.647243
1136.911105
1242.066908
1371.617102
1169.562767
1249.984569
1087.261882
828.821338
1093.643989
1002.918276
1418.991940
566.189834
1207.243052
880.835602
564.096636
1445.894477
1048.601280
1057.771055
928.758705
765.918464
1491.151628
337.810598
1340.603766
1040.052369
570.624108
711.961430
588.513114
1329.567498
1103.361904
1327.304830
748.279145
-6.133914
1001.981092
1220.920052
1399.056790
994.073492
1434.343302
986.340282
944.167537
270.491170
746.921253
765.662716
828.210525
1131.167577
1146.938519
584.059516
995.613142
912.718116
1141.969514
867.288198
918.330334
1193.688725
581.426303
1137.440304
950.656363
656.002225
1096.357393
856.606488
1265.775184
1769.436065
876.455148
405.995356
675.482628
993.158005
901.352983
1202.261082
628.516738
1288.568960
1383.217608
1304.879831
838.905580
1295.868092
1053.343626
1188.442028
393.635926
646.515773
1162.363020
278.228225
1184.735758
1404.013596
1084.526086
1111.083584
778.938569
1417.175077
795.886435
872.074942
425.645084
1170.971123
870.306397
860.025280
768.775879
1350.188954
1416.076315
824.177610
719.098946
1075.898758
608.508391
886.794375
576.030411
978.826632
1289.380386
946.508922
1469.604816
1572.118412
1197.613585
1013.840017
1157.082362
1032.754417
1644.283512
969.154772
396.757701
924.968910
1031.931376
997.185822
643.562295
1302.685697
1279.418477
1027.511975
798.547620
444.280790
950.407212
940.822396
1356.678200
673.032219
816.586845
1005.269579
486.995909
1720.449649
1295.132652
1012.825064
755.994393
1183.608746
1311.527101
1018.723914
890.829103
852.536163
1337.977355
1348.249106
1195.408972
1226.079332
985.024830
580.197247
1078.125365
664.468202
902.937691
715.837138
1188.557343
1473.242638
1815.949373
852.353764
883.436073
637.703061
701.638230
1226.502445
669.537430
437.027550
444.836989
677.167603
1054.296742
1515.474063
780.685166
962.647220
1099.145619
1530.649268
1353.359773
1552.753629
1398.541261
369.212147
946.100836
1026.763129
632.330991
1078.614353
506.992889
1749.523557
527.140253
1068.994503
1211.487847
1329.788079
849.602233
1030.019305
1162.191953
1464.876342
1346.363857
667.099388
1425.412433
1835.992486
1046.991690
796.336547
1732.311374
1529.467023
1105.480251
1040.093985
915.618021
347.902855
883.787554
624.671616
769.185239
737.685538
1416.591426
698.795290
737.752640
1042.155075
1090.745473
1259.058534
1446.975510
801.273429
324.078158
1259.509895
1530.458962
600.663156
1117.052633
972.465785
901.341176
1089.091561
935.389931
738.516393
769.858532
1090.773039
1559.810315
1075.634511
1114.953872
1034.365171
532.945800
825.374011
1710.715923
436.493716
999.328109
380.082648
942.896990
1017.094571
788.540590
807.012040
1748.951069
421.312802
1273.439261
1069.822535
784.581194
594.223973
992.379365
1042.285697
250.115202
776.869275
903.285323
937.948972
2137.174703
597.354256
933.690054
792.632741
503.984618
1388.687029
1103.469468
608.680981
976.795996
1264.668502
680.927223
368.518153
1553.659675
1284.344331
966.489994
593.130638
1223.515620
1534.540544
1032.207022
823.495796
724.771759
969.612759
864.533847
935.749452
935.392580
1496.218757
1007.361986
1150.584637
928.655547
948.393279
680.052916
747.824935
688.667161
1002.372231
1761.335380
1091.999213
922.840718
696.631152
1119.081466
1214.320527
678.409738
993.161537
1403.093650
969.377481
945.387361
1012.142729
1473.053000
494.449171
889.553455
926.825982
978.376205
883.624780
638.249406
1027.878461
1058.558196
871.265936
701.191874
748.574326
603.013688
1078.466885
1297.274766
1307.797965
798.547528
1287.361147
557.481094
564.305148
621.990265
1239.766998
927.649273
582.980050
1257.000142
1029.994140
1122.517017
728.167611
1296.662121
1213.232263
807.100149
1024.335278
834.092128
615.692267
872.988307
840.026980
653.060346
786.933834
1620.936482
1468.940376
1556.578673
683.177106
532.630378
519.180796
1016.947829
1020.053411
835.253097
910.518417
1186.362349
808.519087
628.915808
1241.642931
1401.519173
1233.245121
772.673576
1051.430622
1080.922095
1312.085484
887.690372
1051.146072
1761.644157
1461.777753
1022.667829
1238.470353
1234.155613
1531.607578
647.616489
816.819606
1032.962314
1243.409620
1420.540009
922.291813
1008.901507
838.340866
467.046210
1110.184442
1315.450957
793.396634
838.361846
1366.980334
1221.116111
1099.567717
920.818429
1178.763441
1533.801899
928.352160
1210.894112
904.459094
738.956318
583.696714
549.089097
1449.819620
1071.816323
555.900596
1153.552526
1226.305574
1277.429782
759.857199
1027.195429
613.069142
1153.297209
894.806676
1655.466678
1275.005567
1289.753308
1485.269391
836.392115
451.997262
1376.322289
814.490952
1333.551841
641.133026
928.710578
215.031134
643.153220
1397.924052
1299.054802
1016.129563
1104.729019
37.001002
1046.921586
953.675181
1429.666502
1328.783138
1302.674695
876.502784
1079.912435
920.413744
44.741881
679.692961
1024.233848
847.352147
1272.917020
1531.255748
1264.833470
904.093715
1205.904702
296.925726
1517.435799
609.343942
942.660048
657.300084
887.204584
996.033373
773.581240
525.641392
988.564799
456.581334
476.500250
1289.939036
957.764973
783.952259
507.893471
1194.922473
448.162463