839.034730
820.857431
577.964470
1188.280750
1071.296042
758.312256
1158.122023
971.679647
1081.082495
930.225867
850.203018
1039.033647
879.058336
994.882360
1184.999843
965.245542
1278.149737
1333.191009
1136.256117
1015.310836
981.327987
1015.996490
933.148663
931.911923
998.605219
1045.456267
1199.427355
1453.377660
1274.875531
1318.316490
883.591799
779.344874
652.203598
1078.650188
755.625506
894.092923
927.762681
1127.983368
1108.184745
903.900787
940.111050
1065.154013
1031.769514
885.254433
854.756798
897.118048
1004.135094
755.117097
731.122127
1126.373961
671.017252
974.853048
861.661481
927.497020
757.383291
998.493609
937.983044
694.766997
1076.641363
932.957341
972.167581
1467.752069
1002.920975
686.085908
1005.666797
1281.164563
1315.630480
871.132931
1165.175029
1230.896784
1300.776384
1294.685511
708.818982
1139.667975
963.844180
704.790289
1441.620904
933.924220
1240.998266
1096.352016
1037.031211
895.550011
1275.057928
946.279414
1254.324916
638.513171
471.326817
1334.141599
963.092394
1240.899660
1308.206343
1054.178531
1182.803741
852.973524
1014.688558
728.640282
1350.311716
835.678446
929.159595
669.390242
682.691485
999.558927
994.494791
1319.039276
956.212883
1077.378830
1111.625430
824.345574
1165.434445
670.557422
1135.435417
674.501894
761.223005
631.868684
939.127264
1062.035936
1231.192722
762.926734
875.750962
798.922809
874.355326
1120.810212
1130.300902
1085.318589
1306.145001
1118.663554
926.981126
1379.579678
951.434488
1121.157817
1112.158680
1103.466331
852.843651
523.823145
1401.006331
998.343930
995.538177
1388.543956
1175.315893
1046.048968
1158.437425
743.357042
697.787028
796.331723
1119.643148
1015.752594
1058.597129
1055.406556
787.663173
978.775123
1177.506201
965.003569
1088.605311
730.011779
1251.829323
641.683820
922.573291
1193.058814
944.723167
613.269343
884.607919
1059.994215
1190.702746
1402.947058
1029.908772
1042.128391
1373.608584
1229.843086
684.954913
948.441572
1073.946222
1004.748639
992.701086
970.237105
1162.739811
1226.603316
1030.081562
878.180497
1530.423207
691.613004
516.505792
1098.705366
1072.380414
1166.990940
854.644526
839.550341
636.341754
1035.742912
939.779020
979.086562
1207.999651
1218.470297
761.495746
1112.189646
1111.359137
938.614208
1051.393706
1090.182848
1037.137828
1054.446945
959.163109
840.767236
1476.534234
1295.493379
794.758744
725.497667
746.460139
911.986009
1209.372704
765.624728
1082.421270
1137.056243
856.135629
891.027863
1196.032137
888.384771
1010.865678
813.772746
612.683225
888.298093
1161.905138
875.692158
1399.828945
1080.167376
1071.568336
874.599635
1083.684115
952.773655
894.732119
1159.368338
1192.575217
1091.875056
839.752418
978.680437
959.262778
1057.152452
985.957939
1165.396923
963.147096
883.986399
908.599911
948.058137
1076.432377
1015.328469
795.307361
821.471560
670.148215
1202.159021
1026.726465
939.153928
775.605221
1054.199427
604.547544
839.205444
1399.062503
864.111548
1366.724701
953.843689
948.154558
1162.388600
848.014722
1049.440922
791.163508
766.216885
472.551472
1232.007779
870.811862
1290.738171
1122.190605
1199.605312
1213.043691
1163.556829
1065.203123
733.311760
900.190966
895.406331
1032.164322
1177.285813
986.935967
980.215724
1044.495346
697.503445
1477.826193
878.083674
1371.703000
1120.514413
1258.503146
921.809891
1570.705597
487.603692
968.915719
1078.463297
955.335679
1086.464902
665.210847
1479.768840
980.846839
907.421844
1173.740155
1047.586496
1185.057867
1006.434556
689.048109
950.129796
826.090559
1120.599650
1030.450955
489.088366
986.070252
1312.861198
760.739860
871.975120
1506.721149
1128.806351
642.360289
1135.906809
1227.379862
989.631047
1109.562753
1341.298950
844.571515
1184.652685
671.036223
1053.133686
610.257407
709.226464
1172.909455
1331.173961
872.304202
604.439513
1136.116197
683.204632
924.607170
1430.455058
1091.226515
924.095701
895.959758
1093.185083
1297.033118
663.915385
993.422001
957.847009
1786.060290
1210.950519
1035.812599
976.607086
890.939787
924.454194
961.892519
899.338513
1185.405560
1211.335598
984.391433
710.204864
890.807478
950.943157
906.707454
1055.112689
848.841680
1118.156415
1215.608116
1124.467292
439.614725
1236.518303
721.341034
1059.222835
611.058746
894.912901
907.473357
1068.675388
1186.619671
838.275098
802.962230
1141.231346
790.264598
1277.699080
1430.213507
1105.734475
892.597520
1007.511347
1023.306818
1089.434424
1131.620517
873.748186
1379.056477
842.501821
720.678769
888.405998
885.684079
1111.794100
1127.526403
927.794676
924.145827
1008.042871
940.526183
1091.555233
945.611097
1076.808152
1119.069985
848.802793
1106.573195
1113.475839
664.473799
1191.970512
1132.390046
804.955044
1026.046008
697.420481
1230.222799
1258.089418
865.507790
931.504454
1125.746567
811.476510
978.331011
1074.049809
1266.146953
900.891194
1281.672371
1003.105803
1126.104687
916.290653
1100.303117
718.033722
1139.572422
1398.344355
1072.245500
1010.136249
1069.506124
998.535032
1379.812575
1265.253135
1252.492758
1081.605431
731.221848
1345.325146
1187.869020
1116.908552
1071.060196
1181.627882
916.194604
1389.418450
1105.314080
1340.486528
872.888456
672.275415
1095.343503
946.552777
1351.913163
739.077364
692.046457
1228.464469
1464.830866
1113.628258
1148.585393
945.731687
1265.661852
1269.760135
974.451224
1098.624124
883.560883
1267.092559
320.783573
1360.348667
1090.718027
1496.830425
987.897998
1145.343487
1112.538163
1097.942342
1027.081680
972.456713
1033.868344
1185.689948
1020.924112
1054.769753
871.853106
1131.857990
1101.128129
1460.598239
632.630190
707.260769
1070.212996
860.342640
1402.412956
1066.334657
653.680655
1031.864330
828.079197
371.044598
704.008958
1007.611524
1200.763363
893.630221
1127.629491
1186.944550
1213.333264
800.471981
772.168473
1073.511945
841.020434
676.005406
781.403203
837.321341
631.880989
966.298542
1150.545383
899.470177
1088.775931
871.398837
887.526666
1073.643356
1280.895712
884.101655
797.240492
945.118425
1267.530295
1038.478735
1214.646205
567.911684
1371.276738
564.537058
1090.893055
751.491063
1150.623883
1128.544804
1166.225566
683.476060
1011.853461
1220.987759
1411.826518
1313.186499
1049.392730
907.444647
1026.182810
1129.760091
846.684410
734.566208
1004.866767
928.166045
899.447912
1036.673392
1105.975137
777.559333
1512.345372
902.140127
1210.502392
1387.096665
1061.827586
669.315283
845.928191
1196.976293
682.740871
772.388761
1419.394472
978.181070
1114.287666
953.193648
877.116954
1204.680527
1152.556976
1357.346794
999.927440
1205.103107
958.523873
1138.292551
827.806006
639.894846
1084.138127
1000.479590
1320.137312
786.057955
1066.978894
1293.772038
1266.424678
1151.126484
942.038324
965.898910
865.052391
1012.697147
1151.617158
1005.692312
1418.007838
1234.289443
1185.340436
1355.843840
1171.528279
876.684769
977.807578
982.319892
944.214613
1111.803775
1246.186338
843.857708
944.742149
918.761079
1200.095678
966.272803
914.339043
1075.052394
585.655493
771.780107
839.084031
788.903245
861.822445
1160.726959
1097.987024
1435.247146
851.525267
602.010097
976.195268
1350.914601
961.475143
795.208574
1017.707510
1027.930271
890.639921
1038.185067
1083.533940
782.146128
764.897645
1219.609408
754.199829
1205.607132
651.017922
1363.497318
697.768148
1010.101093
1687.266108
1440.053806
1026.381347
1134.677209
1026.847335
1281.453744
441.730837
1170.687498
1074.013885
610.576833
895.401968
940.846852
915.261361
1115.575788
742.673398
872.763240
1113.523185
624.935711
1025.960751
949.418463
916.678420
833.765173
857.460837
1104.504186
812.180588
678.631813
1197.268465
867.233284
941.878028
1207.092049
1177.700324
1047.435758
836.170214
1135.546235
1128.472190
954.930729
1179.863493
1206.224906
880.072917
963.687634
1185.843973
987.342059
894.657827
1356.919919
863.176171
927.908427
928.531039
909.258861
1361.278017
746.839805
1222.536718
1016.934759
876.063420
1175.841176
688.902995
1044.060787
811.057520
1138.466810
761.764317
1063.449942
1108.286647
960.475942
1210.819464
1260.415097
1024.441948
839.851450
992.304531
1165.499169
854.926203
1382.632451
634.341502
1138.203499
1205.683675
990.908313
764.704583
1368.429976
1140.632504
896.601931
1170.597953
1091.404203
1120.875302
1126.420796
1043.501410
1069.995927
1109.523721
843.382851
1119.567524
862.056783
690.827874
1180.365991
935.589829
925.715911
910.621788
917.983271
780.844750
765.266701
845.674918
975.757790
801.379521
1012.296653
735.451787
507.522739
1024.393037
1018.693644
821.769467
551.772697
1138.259350
1151.532506
1015.866696
814.817844
1235.552332
854.023292
938.483812
1283.157426
911.986016
843.763882
1371.616491
683.960768
1107.967037
1039.446318
1038.810473
902.953076
579.540610
1036.926697
988.460881
967.543297
828.209042
1160.622145
1080.616311
1012.023343
772.896168
1262.593944
1034.621260
1020.170510
1123.403073
717.097174
1065.718676
1035.839070
1179.843301
958.269726
991.642955
1193.718442
975.578900
1066.492078
1382.443126
1486.509154
966.734167
1273.223148
1237.349095
845.083889
1055.994078
825.476418
1371.601277
1032.764624
879.721726
1328.043158
1041.013775
963.627614
1129.195733
1400.023498
1395.273124
833.427293
967.153589
917.313353
887.196432
1104.331955
1050.747844
766.166945
658.647857
927.232867
1049.255702
1235.156458
1391.480434
561.884753
926.717442
1099.605153
1214.611449
717.112715
1065.081282
767.171837
1117.623393
1195.861535
1049.598086
833.075694
986.971447
1008.363530
1090.281052
1049.672636
1199.009176
1208.949521
1125.765592
797.156424
1026.959198
1026.586620
709.591857
897.421937
1361.215975
1144.841628
857.546573
1452.962343
943.134729
1265.331052
1090.182879
981.314947
877.861203
1236.386022
1032.512662
1083.136098
1229.014616
791.348229
871.208073
882.783639
1041.662932
1142.750197
908.195191
841.549937
1152.481048
843.949352
1162.204954
1231.662695
902.895935
1552.224146
1291.018512
814.300382
832.806450
985.890874
1203.495044
945.758768
1196.441690
713.314371
771.130404
1438.381448
1083.843658
874.225122
1078.629243
1078.877604
879.387516
1626.427777
710.347863
952.589422
678.989344
1038.773387
1140.134043
753.904834
1183.258017
941.572981
881.910116
943.500528
860.182039
1203.344015
442.552533
1106.854820
817.418886
839.133021
898.493535
713.770786
783.737708
1226.997941
990.630155
1005.764909
689.098179
1138.146417
1072.760060
892.311220
797.921701
1214.117348
1005.716458
1013.545717
771.906249
687.338027
1274.836694
957.909928
1167.675751
785.898616
1145.996272
1249.641585
1160.060448
1135.559083
874.570630
861.191426
1278.956927
992.729743
1089.397852
938.593499
924.822597
674.039795
696.029724
809.457769
1112.123500
887.980029
1202.637319
808.608935
1053.278512
1069.602565
704.941360
1127.811226
1161.666622
1018.655641
820.293413
1177.060771
1131.318892
548.747359
1157.248615
1178.117357
874.890793
1258.268473
1178.085245
1019.344666
772.126297
914.770394
1356.898128
919.314122
796.884893
611.642019
917.554538
852.415556
647.877261
652.076893
1354.936850
722.413793
904.350588
1155.673423
1251.859156
992.450763
669.156221
812.643007
933.727899
834.190316
1312.625497
949.452834
1180.092119
1264.951553
995.795158
905.439761
872.718406
860.281172
1342.027423
1358.203421
787.927541
1000.935357
892.643691
1032.966091
1220.375935
1269.801253
1173.220645
973.162878
1225.911046
769.943403
964.385498
1186.709931
640.742143
513.982483
691.949086
1388.027146
1162.770140
711.283214
1115.399548
981.337625
1402.779306
995.716982
915.581168
937.928704
822.621834
772.568901
1313.499288
908.889701
1163.109743
1093.424965
1252.833754
1484.473771
975.525559
701.291837