1780.445254
1292.355442
1148.531939
1140.092979
1270.818672
967.874949
1298.460311
1467.826055
785.041978
952.493731
1038.854178
582.049760
985.926021
648.971116
1469.135202
925.643426
1527.719433
1974.436763
1136.215690
987.417851
326.885582
852.360185
1233.689420
800.307713
970.343729
1524.388075
737.919166
290.348799
628.361886
1193.233759
1147.728448
2785.958028
1283.910486
1058.129671
1338.328432
-570.689313
722.505044
1217.290285
1416.759268
1716.922538
731.815304
1144.708333
1582.981473
1176.524928
1141.542595
678.053191
1357.056957
1469.913028
1616.976030
891.844250
1900.759369
1753.530779
1404.601349
1988.933555
577.452214
880.481591
2315.667794
1154.621270
1817.179405
1838.574042
1245.963784
820.984309
522.843788
1076.767595
626.639716
485.063550
1059.048545
452.100501
184.265051
841.131013
872.279677
1069.692675
1015.713133
1150.174142
890.331904
967.819736
710.761298
887.652625
1090.790826
655.262029
828.117644
593.143584
1218.306784
932.600678
1344.071187
1443.600875
117.453800
1256.817736
915.327441
494.186346
696.172247
996.589213
222.245038
1320.685707
1252.480101
298.808978
1624.259697
1543.536244
1131.805790
1589.966115
770.368211
1378.451952
305.498766
418.877635
792.821874
-40.250072
1728.697951
1429.128599
1493.099765
1210.117508
1303.887865
1042.644705
1523.032992
1870.300267
466.135241
1150.161968
1041.129824
966.221700
656.616986
606.912415
1115.516180
1332.852726
1543.558871
1271.649996
1606.875360
2043.263390
1336.094321
955.342639
482.596394
699.403138
1027.846459
1753.837507
1249.819507
1561.455818
1096.984563
303.808155
1058.608461
1361.107736
1220.252936
1543.976620
769.596926
1424.538184
697.263976
921.839715
806.185199
1231.989924
1016.201601
870.807527
1200.467366
1379.613190
929.813867
814.816617
739.691657
377.708540
401.769765
614.333062
487.098555
1395.630455
1073.920852
1433.353466
1502.522282
431.659781
1151.863069
1182.371811
1046.435287
931.787620
1044.541415
1305.359174
837.488815
723.247754
1085.034580
1373.568217
761.909471
790.436398
1502.696167
1327.601580
856.881821
1526.628307
330.763475
1229.551465
1268.319712
987.070992
530.054540
817.942759
997.076786
1229.409467
1056.312821
485.878151
1634.789696
443.902031
943.248052
-69.280306
827.581427
1710.650012
1430.589710
1440.582625
816.694899
1047.961471
1758.935481
315.060868
744.754807
867.298408
1356.103409
-152.508136
1432.593473
679.668553
1052.243753
1210.599598
746.081850
574.846763
346.632183
917.155830
1913.215185
922.182426
718.342844
1788.701575
623.042826
1594.477628
1266.801442
736.770797
755.957850
1171.112133
1126.237505
1234.933228
858.572183
1105.699724
765.486559
424.656238
1605.241147
574.653707
1704.295621
759.040805
1359.792268
516.047325
1254.533747
455.423866
774.191495
934.750878
1473.350454
1617.815990
58.006890
395.243435
1077.979464
959.346825
1164.370270
1533.787761
502.219801
147.471357
709.386368
1075.806484
1479.367582
1567.609523
1198.971638
1469.041115
1131.590225
585.320244
1185.225200
507.013208
1680.965534
531.938560
925.668128
1176.974415
887.108735
1225.457489
632.218021
1611.207159
857.819290
505.850418
1527.172701
225.587091
1357.616805
929.467832
828.661590
1354.672771
1886.703960
1322.581205
517.249285
1620.847683
1048.686124
-100.071272
1063.605296
728.942624
1068.112552
560.377305
733.633474
433.986338
588.848652
786.385099
1874.030279
1087.350995
504.145833
1165.562216
1305.816307
1201.260607
839.347155
1433.392242
841.658408
1038.364608
1249.767753
925.350041
1613.589612
1451.536837
1218.904924
311.213746
1270.683362
1495.642198
1101.096266
564.310555
433.269798
865.854037
642.731645
272.321187
829.689515
1127.799509
1406.297509
854.017785
1384.048183
702.725039
607.030128
1593.346784
-23.498624
676.505916
1234.566896
1675.548693
1443.730154
1272.230705
11.856707
1577.039756
1212.161573
1030.931738
484.164641
1337.260202
1050.826419
951.956538
1417.202757
1298.823444
1027.970269
1339.269434
1556.617214
1199.392080
593.907318
1131.858213
1292.158802
1058.106181
951.116502
1402.326321
1201.110081
368.719861
562.556273
905.970036
618.961210
296.663991
1096.091257
904.662395
517.385809
994.544329
786.821064
1384.030234
372.240680
1825.470199
1486.157205
873.146153
811.862337
1704.766082
1628.638217
1232.744836
490.770319
2165.602633
1284.998864
1178.778741
611.458217
798.636706
1630.443824
810.573261
793.365506
1075.109972
1757.135584
1591.318416
1671.641354
475.997579
851.863143
392.544448
1117.286992
591.179087
890.458817
903.751810
682.881648
1355.358086
1045.176134
1004.519056
1159.730190
1274.237635
1313.410397
685.472728
857.249820
123.003860
357.431683
1175.007342
1167.981673
1043.359077
1558.165024
576.493389
1792.240010
713.295815
936.403764
1293.671254
1288.180785
879.903997
1533.838392
1240.417063
1168.902423
1103.740402
162.257551
1473.616831
516.240323
1138.813587
745.736160
521.292518
1242.026523
1215.780259
749.198591
679.333128
1519.756669
915.047635
977.396857
1112.635166
1466.131340
1330.921244
1575.793410
1098.802175
-48.655550
1340.451033
1392.612279
785.992037
426.136167
809.498449
761.865849
797.799553
742.808320
1160.983572
1054.365888
1335.517236
588.214749
1358.483900
929.389556
1330.511086
1355.770777
1686.171300
960.963952
1446.957739
1107.259970
949.627275
851.226798
2.790957
924.010139
1297.683870
139.825282
598.293316
193.615384
723.302825
295.500832
645.894408
1199.227600
1232.025271
1346.592711
1323.262894
1182.921270
828.623793
1017.543429
1309.992692
1289.254082
1013.211451
901.190615
894.977492
1069.837072
1859.583638
1175.247894
2057.643731
681.072768
1536.146847
345.067804
1319.423973
1657.992501
868.594226
1143.058138
572.641659
1176.888489
481.411189
934.610025
1061.213995
533.771966
727.474984
1604.400499
340.005682
1212.623884
902.586593
1467.798707
672.591898
232.609087
1386.064282
1125.641368
1211.055808
1172.648392
1512.736004
975.664085
475.832365
1035.641757
1296.941882
547.176778
692.513696
1291.216935
1755.001055
630.692627
698.812251
680.155755
1218.665524
1235.675068
441.140541
648.092087
1011.897028
1718.128479
1030.067154
1072.628521
1146.947952
1542.762793
842.945543
1328.208107
1375.451353
531.658483
335.071907
1215.682423
333.395281
578.162543
156.027515
1398.306130
1674.858229
607.150147
1268.452934
1025.383029
335.941223
1171.126956
186.385925
864.728359
342.764319
1189.184254
660.206266
472.680277
1520.698622
682.760255
895.857172
1202.770301
1360.699762
1155.728836
1686.056468
641.732779
1662.411459
878.678463
660.228317
802.343366
672.174067
737.727016
1152.905754
1133.202077
1071.193386
1180.116016
1965.766578
1354.401431
1601.841131
992.140650
803.586806
1339.569190
180.788947
1366.019753
795.456306
1236.051056
1465.399399
419.913775
1188.225149
787.577840
1124.075025
1207.119128
394.336432
599.745936
696.473798
1317.619548
1503.434445
1440.911122
35.708283
447.668568
549.172122
1184.391393
701.552977
1204.064130
1396.385743
793.615663
953.137637
1332.075623
364.395346
1341.383158
595.624852
1101.777543
1601.321523
514.622571
621.680432
1308.350221
1194.080235
1481.738056
585.236341
969.922783
960.358246
1079.260444
977.686472
654.577612
173.339356
1074.435710
982.958357
632.782687
1120.984544
778.252143
972.446146
96.796655
916.418599
1316.204748
1354.616226
1042.181935
878.173550
847.802933
1644.930152
1347.365772
782.408371
1952.211000
1918.440317
806.971155
1083.281181
189.447459
1079.069564
960.284689
1254.780418
1300.266164
1304.518020
1698.220306
562.371805
1144.707017
754.379377
1101.455578
544.488383
797.812130
1297.652365
1518.711902
1306.170047
866.965286
1045.656498
661.953795
180.366185
1444.097394
1097.651634
908.624339
903.622012
713.489285
1186.975700
1284.245430
999.919363
1490.924417
1867.280449
1050.421178
1279.110023
727.872854
-173.333246
737.931615
1148.112559
771.435503
63.080530
2010.548729
749.052889
1610.118105
1715.348027
337.661206
1382.962648
828.883587
738.253073
777.139219
2128.395216
607.100309
41.906915
1044.628591
1275.645025
1656.258197
602.257643
1735.798137
1471.178424
1152.650522
1011.739245
1542.668010
911.548333
1737.710015
577.197092
1308.428389
715.386907
633.933476
887.065675
1007.184986
813.132411
1116.800198
1592.787011
895.975891
966.724977
927.632024
738.525560
962.890509
1382.965127
1574.047903
799.322765
2235.540131
1119.245331
968.729144
615.425684
712.603657
1057.514200
856.398455
1607.660599
1297.745071
959.151739
847.290779
1018.395352
1755.537074
1034.999192
345.020376
1002.100236
1427.196840
348.975991
1458.223766
1006.128616
630.412607
-77.026528
975.704329
708.554006
692.128449
1383.680462
1169.451189
1255.704426
1079.563082
1214.898054
1919.762513
1130.122398
1497.062387
670.404974
493.329535
943.896376
1130.452817
436.144619
737.540004
1093.836107
1321.618470
1691.797715
291.571769
1144.087137
1250.149761
1156.268002
1457.494670
1233.387914
932.533806
887.264065
1130.440545
977.063353
510.543021
999.606706
957.589879
1040.402337
1047.616181
1063.697526
1071.966735
1717.004901
770.336391
1141.202456
1010.088526
474.762770
247.561219
1175.329331
640.118673
1569.584563
1175.415232
883.837397
269.431333
272.326454
324.894816
1257.689032
1262.400036
-66.853118
1244.225366
1487.016135
1641.198768
1088.031215
1188.506299
982.089452
1400.207647
1031.555527
1305.608682
98.460532
2448.585105
846.777293
612.816512
1603.478299
446.899481
1282.341003
1278.316818
1627.774156
1212.728736
1240.962011
475.154719
1170.968258
1407.683744
825.977638
1058.748763
1032.809602
801.874889
19.497484
1328.601249
2045.053366
-86.037456
653.692926
1015.915541
1138.200481
1450.029359
532.176668
548.077666
1198.123591
987.986396
-250.793249
466.145640
1042.397726
829.825926
668.196707
1235.944133
599.286983
132.830932
1251.212439
1301.535560
677.746138
638.032549
637.092755
1297.684699
855.153744
802.206055
721.938854
1358.405280
717.496701
1100.473422
959.458049
1566.283336
439.765741
1404.095273
1257.852471
761.226452
1849.668326
789.949077
877.136912
1052.100320
569.612733
1710.814716
474.895897
1137.797259
1857.098064
862.422908
1653.782873
517.576803
634.512193
1074.486825
1098.991861
512.530543
541.187833
3.615177
1619.619269
1957.325493
337.154248
602.962416
865.538590
845.484335
990.166992
1066.133600
1528.327050
-125.035278
1742.082899
1031.896331
689.084250
1376.430532
1243.442935
541.298060
527.773018
1976.001481
930.878971
993.171235
477.426619
793.330747
727.736612
863.193794
1503.952005
1546.936478
704.854448
761.717312
1456.535560
1136.172165
-4.017280
836.171540
1304.867143
727.008187
1494.290495
582.196524
1326.405067
970.043990
1054.014749
1600.629121
1492.190069
122.005171
1483.779667
1283.888873
1084.065978
707.212846
915.789451
799.019103
986.054040
833.163530
789.113977
856.533936
1419.773777
1414.283575
521.873430
955.302015
1764.218871
1185.846030
1078.478984
956.836546
1181.543992
698.565055
1070.627082
319.369504
319.352291
1174.407009
1277.934358
964.654712
1015.222354
1587.420506
1018.758643
1043.536562
277.483195
452.270608
1428.607008
1236.321974
1203.015290
733.135610
697.642478
1325.400865
1563.678315
802.242469
1031.873687
949.915847
1709.219603
1322.624030
1464.699051
795.718228
999.868601
730.054590
552.074746
680.618532
1089.904803
1548.420783
869.439273
624.101371
1195.811792
-27.751241
859.278470
1724.537438
1781.114842
2061.200049
893.536439
1213.593883
977.786070
774.083196
1113.552832
1257.074270
423.042561
627.278018
1369.982194
44.970783
1038.100139
1005.116216
1698.944073
724.326511
905.911566
626.322637
751.295502
189.897288
1653.565758
677.105556
230.402693
1302.984852
956.627396
514.080245
1550.554459
656.272542
763.825710