1627.344219
490.644383
1348.567974
1409.441147
1317.223974
1199.012031
898.461794
266.077349
1112.305052
2114.305555
969.619725
1024.997830
335.508936
337.545333
1473.758567
517.202111
1554.252807
1222.640411
840.980823
516.052869
1447.680390
450.327380
324.600393
866.582888
433.231015
363.546271
45.896326
820.117671
1234.983992
427.908979
544.456282
1338.276092
840.463111
1025.440610
2034.227011
1004.966468
1248.239740
1846.347146
678.870165
1535.671313
1369.946574
1107.339949
843.129976
537.809429
850.558672
1313.907315
579.636337
1665.445152
1133.984672
176.960295
-38.129287
423.351270
876.190610
1729.152204
353.892896
957.224399
1941.431074
870.670315
751.402943
547.138498
984.987237
1604.793334
1065.687276
1190.663585
-16.264115
157.223484
125.979038
665.497356
1182.979034
581.327422
1577.714658
1200.389767
1573.874031
1972.101950
2123.373352
1356.806036
834.508754
932.255160
1215.186957
1665.568600
348.546597
1227.310061
1868.388292
716.037989
1040.105592
1024.819717
-113.818058
1295.385292
1569.622233
-171.570296
-271.496501
620.288992
2798.833405
1191.828993
861.783724
1446.791283
1021.347082
1775.047675
1630.117033
484.688962
1612.188859
655.052375
214.471879
592.587772
168.970841
671.278324
1250.877333
1067.766528
1056.470920
1515.303146
628.301069
1104.389298
1617.142958
862.608973
1227.259005
831.727631
1604.952999
221.699689
1624.211597
780.254752
1569.168445
1874.169671
1412.968007
1069.391335
1105.445043
920.173085
1466.381055
1562.025628
35.846591
976.642711
868.767845
1690.052609
1200.914963
690.529231
1818.302971
883.746619
774.427051
764.485643
140.871664
1553.261790
649.890291
336.841840
339.317736
1733.920462
1948.535215
139.305458
962.910737
1053.337232
983.731945
260.165432
1326.741987
1404.760042
-111.657884
1778.412622
943.491098
418.204498
1018.541242
-211.226823
1625.483610
-5.894780
601.212207
1687.482211
444.104052
596.389005
1973.088984
1220.887565
1883.122055
919.871629
1226.856802
457.027733
752.365622
874.322663
1873.558692
1081.379102
484.948371
-295.163031
888.514948
1638.897702
1034.314953
1058.765261
2178.623607
46.901863
1902.820408
1354.952277
482.855835
1184.402261
514.986559
557.147198
974.573252
1334.959377
480.266740
1400.887793
255.960806
-341.407464
1482.881074
440.606672
896.619812
1026.231452
1068.287074
982.205547
1334.296496
1731.138732
630.539957
992.697290
1005.570605
1568.018864
681.277523
752.180377
877.062298
343.994528
795.927694
629.170078
1325.266931
100.332400
1407.177270
27.342182
127.204825
2159.487139
1821.220670
785.794203
1214.814726
315.809512
230.025991
1046.300166
511.080845
859.763685
1720.375656
1150.656697
917.684000
670.421273
1357.055716
636.615063
533.912424
78.593886
184.039047
1393.544610
1370.060731
1116.787934
740.035171
476.762467
2001.871573
1046.292444
347.165029
792.242129
1189.579137
1560.285314
703.423702
1814.375929
915.362771
1413.647344
1442.524745
599.943328
2052.435578
289.397246
1155.224826
721.608993
369.064338
387.983016
1573.129658
1512.662014
850.466954
821.252226
1586.799388
1758.282726
997.967809
382.675917
886.693486
1457.179629
871.606874
1861.764837
551.752595
1514.068273
1492.350695
1545.303740
-410.371121
1501.264279
1053.464872
1404.979722
381.776383
1331.776694
811.759780
571.148367
1875.470631
800.732389
564.547289
1756.573486
1177.610446
1483.805823
1375.767410
1326.271828
470.014165
-291.039260
1092.568628
2160.967579
1022.434842
1506.294001
900.100181
203.880025
2154.400933
1116.603224
1789.052528
1214.877001
1275.621121
643.406724
508.108470
1531.314751
779.593951
269.704421
1959.982424
358.799571
817.552643
947.368480
1304.869986
1336.754847
582.075750
410.263926
-13.875459
-39.261401
1682.056178
662.722463
606.706389
271.866079
528.381338
1858.387055
1080.414438
367.800811
327.921725
908.658506
1451.179337
675.878012
821.199252
1147.570991
1835.036414
181.451885
835.146972
426.215806
474.605394
1332.465500
757.602310
1417.204703
921.841787
147.665301
1775.520514
741.545412
1210.717990
1136.092655
601.878625
219.187885
501.918500
695.437880
880.686854
1091.671339
295.176731
1760.111533
655.162861
1284.416582
1411.557482
1069.957094
671.733539
1315.226002
1164.779168
1594.144839
1822.137284
764.341048
782.847411
966.436372
283.175344
1867.416029
829.037537
1689.201395
621.102786
786.201446
1086.917705
1637.983601
176.558545
1784.765260
1283.308824
1212.992579
729.945655
420.234111
322.117431
1758.939579
738.514800
382.109987
-60.861503
858.466264
1386.691993
1020.634390
1073.223203
479.847927
1247.061063
-55.713970
833.270734
1756.035285
1789.898432
1185.555823
776.244817
816.341442
408.041619
695.287127
1491.707499
378.765540
958.877614
-217.507943
1309.565598
1858.888803
593.359232
1280.373127
1494.070897
1071.919951
1592.158317
1529.863069
1793.698522
938.861904
1025.374335
170.274809
991.114470
452.984559
1176.724876
596.499120
604.736182
1390.277116
843.586505
651.291319
1925.284730
1018.963293
976.496169
309.245164
983.080213
317.087622
8.728717
601.885936
1141.162871
809.173464
1621.830032
1112.556303
1045.084115
974.398854
720.581986
584.772627
912.297019
2923.928500
656.913105
1465.525934
1550.030982
1607.588092
1138.554873
1721.081089
-69.806747
858.777231
509.549959
1634.519974
1209.415570
380.929137
1672.272742
644.532322
804.857934
1605.750000
1341.342573
530.139595
1482.388305
329.178143
175.833706
1561.356165
773.456661
410.328294
932.384582
794.945765
1324.926139
789.511970
696.736953
427.939394
1035.999395
1760.844683
24.751295
715.627837
834.820437
694.056204
562.669062
1291.045599
2368.459852
1057.164730
348.451770
859.941800
309.908908
-629.211848
351.216261
1134.721879
241.842465
675.191916
853.087987
74.646153
1853.251084
427.706985
1718.144551
1209.808599
1385.425799
511.329473
1033.129989
1640.567479
1166.881864
1208.936676
854.322385
1158.329391
2069.846511
947.601774
52.609888
20.513723
1147.408109
297.413258
1421.173412
482.493689
1115.650447
706.029441
1223.319177
953.154706
503.928069
1378.421177
886.932928
1502.824105
1364.705950
1135.273383
1016.124600
149.680539
214.661111
1745.088082
2012.869810
1600.885282
1744.621759
1400.975185
1533.385128
323.160569
1192.376195
1280.130586
518.732367
1243.801274
1122.173012
1136.307912
-242.193899
1298.415949
883.896209
80.131694
834.255443
1398.867896
544.904085
266.061039
944.524661
260.300937
801.392759
1581.774822
-202.001944
1099.449776
1127.032397
1104.791206
1257.217671
948.060193
494.593418
1149.599971
1857.787434
433.639987
1765.477327
76.207284
1477.220064
753.227903
192.256098
1637.197610
1507.207661
1748.085626
1939.359363
693.697226
1326.639867
209.450114
930.913121
1160.576771
206.624453
-48.897352
880.342588
658.067553
1887.456850
966.615684
509.761363
1248.642640
875.568367
1224.659086
1362.872016
1204.456214
1656.702071
808.375871
1058.574573
801.228509
2047.438742
1632.392128
1687.989461
1609.708470
1659.262175
1692.302837
1428.655997
1380.354473
704.042861
1512.972307
235.780454
1385.386271
332.669069
1170.924552
896.769490
1805.698478
958.613306
2272.566438
1443.125419
1216.653038
884.848568
1412.911801
1262.376487
600.165360
1257.456244
789.558188
360.035382
1059.353159
625.972519
767.442377
1240.341958
658.315906
456.413566
728.323509
947.329321
1160.274784
-90.483345
-449.657853
451.712343
1653.385951
1777.034780
353.306622
1890.007180
1491.192409
696.321621
2573.299194
820.591091
1239.588742
568.442650
1074.131529
1130.997425
1803.391364
1540.582926
1180.608574
-347.581905
1444.933811
791.676864
1432.149281
580.272100
1266.499170
1326.594449
609.833864
1227.956753
469.420430
1445.090678
1467.065867
1954.519380
582.415495
748.362791
447.569557
1659.250392
1250.957222
1603.711342
1794.121727
523.028267
881.341213
578.063264
1311.525907
1030.835577
-49.801899
969.208531
911.182881
1749.075842
1065.229086
1033.641198
1448.997533
698.411529
988.439873
-363.146999
538.687705
643.577026
806.815998
815.308119
1316.575505
1501.233100
-106.570655
576.103354
1120.309268
263.730120
461.576629
1891.483902
1102.591887
454.172559
1111.361269
1466.880934
1772.625394
571.349550
1170.072728
333.275075
1289.608243
2018.411841
927.471624
950.721068
1500.944399
247.166397
1570.308502
667.969404
1933.289263
748.617584
1051.851354
856.926486
2039.169806
1588.519145
809.880007
995.891687
1059.160480
-29.278888
1449.043215
1183.762495
1061.750722
1019.995041
714.543525
610.087090
928.359007
1209.985602
624.960584
1536.141242
2171.283978
1256.066639
1291.045934
1247.442159
1178.361670
1546.997134
1344.377338
802.704255
1029.418324
1309.501342
330.353624
960.905762
796.327237
1591.657963
1711.196948
366.575595
1495.733551
704.326123
789.451933
1725.540712
898.284795
344.987947
1747.762232
651.806280
913.004446
1668.803975
157.770652
852.236837
1919.867900
976.488214
751.080520
747.908963
1444.624250
1328.395867
1283.866503
1189.928881
528.783487
1456.366322
-68.916309
588.435266
1045.121686
1589.992798
797.159340
733.807400
270.071736
1212.247597
846.243264
1371.797507
311.866479
1019.855259
1107.203386
571.722332
731.622381
1398.270176
951.499016
1297.338592
1695.309563
516.817813
1038.453845
1159.369903
458.276638
885.828894
1544.231498
411.706762
1025.711208
410.339007
641.504726
958.869782
398.551509
680.095013
1338.875107
841.781534
316.872987
1792.314679
1141.732786
1298.937572
1030.708903
1776.981587
828.942021
1156.661884
1046.300633
2095.508406
1147.509418
1417.056874
806.665494
544.817079
694.411312
44.269148
41.877570
-194.280565
987.172862
659.672689
1002.548244
1508.519513
288.556956
528.656832
732.118167
293.157365
1121.117491
345.428902
417.624027
1598.596200
1381.161802
1236.780992
-30.673968
681.553917
177.294594
2070.445466
-201.970252
547.434067
1606.639309
475.189654
1619.611687
901.320458
1157.196940
1259.208182
11.819442
927.741570
747.760985
1838.772491
1473.935647
850.004723
696.673158
925.526681
607.519675
1589.116349
882.850326
1281.903868
874.374570
686.357362
1111.072850
1803.669437
973.420183
497.120284
1691.316328
747.205649
1492.081737
1054.799087
1421.327080
433.916743
1035.886791
927.916555
1185.436657
682.847405
941.209030
710.147318
1223.635172
106.491571
730.545545
1134.257067
881.187047
1099.546654
638.804737
1405.030595
1707.056979
747.107216
846.477152
1712.990242
1172.403232
896.374908
1634.965981
933.403981
1026.912197
1276.979695
775.909609
449.116585
607.141416
1905.766110
839.510181
808.462452
1547.704080
300.887123
1245.729323
970.796647
810.876316
856.967921
1327.823843
1642.816276
1566.406070
1342.888155
1657.302223
883.216839
1552.534718
489.781656
1580.769490
1503.693965
1410.886210
2121.475993
616.964743
1518.674831
1388.846278
1030.518316
677.275859
1228.208318
577.528476
1159.387960
1697.495092
398.315929
1284.074031
1253.580514
978.688323
710.193026
1480.397512
1321.137149
324.583812
1034.281207
1659.808936
831.730643
21.543370
891.302259
348.518150
727.138122
648.330256
1392.800184
1069.587384
1481.939811
513.029737
1095.529243
893.986513
1060.842521
733.779094
2011.714084
267.707331
1504.655244
760.257792
534.132860
1386.195200
2097.731532
180.184523
1824.963203
1155.625429
1547.301100
1028.248082
1110.542396
88.175901
392.455667
1574.737682
238.853542
1353.242461
197.946202
445.222345
1149.443503
95.236661
400.935563
1461.844967
-26.294514
781.305707
648.588994
1187.820209
1087.859510
219.046568
1162.357221
1967.109973
729.750999
1423.529983
668.107782
2222.931683
30.436260
1538.834116
1140.251753
290.193880
1228.406131
420.133828
560.417145
1404.408049
-49.932213
509.730360
145.903784
1574.548288
18.181319
461.721793
1873.743968
1606.599537