1008.160358
883.595076
729.341307
943.080665
917.794058
1300.573796
975.924082
1124.069452
1304.416328
1086.531324
930.827095
849.302920
1102.706443
914.179332
1029.067879
892.171637
924.637794
1166.239711
1112.426805
1292.306473
891.579648
1248.162108
1008.813326
1150.929246
1193.368196
1092.765367
1049.022119
668.381234
790.990799
903.462944
963.268702
1191.556898
878.808379
987.537284
901.865009
991.075166
986.704957
902.708731
1133.170758
1051.838620
687.298255
1172.076644
864.124287
1051.856303
1091.212335
1116.140159
1117.600135
672.220083
1139.113965
1211.566430
1067.754400
867.577071
1060.805086
753.735564
1010.216537
799.794925
977.309178
630.643042
1107.557613
1157.782078
1064.975927
993.775630
1071.213776
853.091503
1128.365476
1230.104842
743.381342
987.834489
1295.822432
803.254678
663.596984
934.362939
1252.351902
1167.942874
1147.896485
1094.894144
1123.788875
1162.138459
905.348084
787.530524
872.042354
1272.723203
910.392314
1010.315244
1030.389333
1411.229323
749.561121
910.004196
1034.544536
1162.380788
1242.984401
1089.499648
749.717642
872.421713
986.647984
1111.480709
504.637013
927.034197
1249.031876
908.989381
814.561418
849.247029
827.104491
1321.166472
834.687623
890.893983
854.918856
953.784843
1031.356886
1164.543184
1048.322295
761.689162
1191.243459
1090.147772
945.937264
682.075924
809.634864
958.440845
1186.521793
922.021459
789.919550
846.539514
1154.953840
1329.058899
976.813376
914.419693
868.972808
1133.616099
904.179234
916.195903
1180.554017
1180.688628
1178.929094
799.374356
1094.179740
731.272385
842.654754
1124.200564
1021.313858
1088.049424
991.332466
1008.314023
780.513835
1136.478248
645.578020
1009.264028
1021.487484
1072.036829
787.080725
956.325393
1173.050109
1030.324262
997.399365
1043.824022
897.379480
1139.252269
1091.164986
1131.630714
893.311403
794.765688
1229.266365
944.600323
1262.794537
884.123676
952.404075
1079.154990
899.367843
1016.000485
1075.627199
1171.717229
1217.850093
1028.408581
765.980798
885.955087
747.437850
930.721516
897.058316
956.897746
1092.330578
1230.925029
1112.866510
1030.654112
1139.087056
1310.984730
1079.303235
1103.792887
980.666374
1082.472649
1097.684615
992.822304
1121.898305
928.182309
1173.799892
1106.680368
818.381131
894.817087
990.162134
731.543544
1110.354487
1332.270464
752.697846
774.991932
1092.343433
823.485486
999.548214
1110.345365
932.490140
1163.562511
1496.911502
1004.760193
957.912775
996.138615
984.413932
894.744659
1022.915065
1048.250647
850.741738
930.162592
865.729783
877.005586
906.037672
1024.252644
1048.225201
992.483618
873.472109
1157.989809
773.392480
925.491334
1305.129546
1111.714604
958.026928
980.482945
729.444772
1000.989649
1125.078558
1211.583415
698.562095
1151.258916
1141.286310
851.535870
1028.699615
817.758769
953.425211
1189.052472
968.717981
866.918522
897.769394
995.105934
788.335616
803.631296
746.937943
997.883637
1049.608105
1241.447948
969.572158
1124.328829
1003.588131
991.394728
1029.653545
1258.326617
929.178234
1064.873713
954.424780
955.817702
1041.506082
1050.487884
1238.414711
1124.461577
958.639826
1040.546640
969.646337
1213.094035
923.563854
1078.010704
953.613656
898.808727
1063.360173
647.363225
1280.317012
1092.480244
780.524334
955.205914
1097.424387
892.912238
931.184270
858.807537
831.279263
577.641258
1077.482723
1052.367495
735.403811
1333.193637
894.339293
1339.288283
975.423646
851.447439
1146.151073
808.075541
1080.305411
865.637560
852.910475
742.462239
1297.510676
791.705564
774.307198
882.258893
1179.973890
1148.489600
1015.330190
1030.483545
810.349603
531.905155
1162.829395
983.537008
1086.355476
1298.989248
1071.992236
1027.470937
1224.461424
1251.688000
908.608980
1055.870324
913.374496
796.367256
899.266441
1039.278772
1081.663764
1155.116727
979.164880
1214.824154
1141.870295
911.887915
913.735413
973.658532
1026.956330
829.953859
1080.591067
895.727379
1136.675687
845.628817
1349.717567
1016.093313
1138.589554
1003.394238
1149.454535
869.884010
841.913405
736.886557
846.228560
902.335263
916.600154
770.363031
972.729079
1199.888194
870.085815
851.322139
1057.310192
1019.636786
964.798814
1262.094856
915.433200
895.320345
1072.785937
915.262910
1233.530078
1197.633918
755.764503
999.783491
1143.695032
870.280339
937.217299
953.170358
1126.116473
1017.841222
1087.827766
1022.090278
1030.963322
967.698790
966.514012
938.157352
1227.341719
948.422804
1080.789822
837.584368
679.300161
956.642777
1077.790848
861.911165
1082.031585
1057.895765
1243.176671
897.773207
1105.511593
1034.229294
1073.781700
1143.041320
921.725048
857.083679
857.558760
1075.526961
926.765840
868.166279
1056.131089
874.667477
1065.259673
1223.821071
1136.264633
675.328562
904.494834
1091.515956
1141.097705
1018.485918
1087.659527
1156.164703
1330.257364
1119.748695
1101.814633
1014.572242
894.521136
1073.341014
800.656818
1253.559463
922.879850
712.165926
1085.714192
873.152437
800.115952
1258.245736
639.232830
706.537886
1176.598738
907.715834
1146.284480
845.781818
975.553340
1075.780429
911.126334
1178.090468
1225.060977
881.810535
814.031697
1144.175492
1008.397723
857.535429
1067.232448
1243.145118
1265.760894
1227.005256
989.675611
890.759757
1155.341726
959.998223
837.983479
1023.448535
1048.222455
854.861288
1022.264311
929.934106
1002.656632
1038.328668
860.723900
986.303259
1186.104812
1138.232157
808.423073
1087.484131
953.356630
942.995608
885.043284
1028.392799
988.757864
1232.193402
984.644957
1213.408804
920.171563
896.333559
989.547096
848.464747
1035.478595
955.300224
1077.892304
1104.891643
1145.009565
907.681740
1077.017518
1060.216574
1184.690804
889.907958
943.740719
1110.816874
1178.260441
963.538518
807.447333
1023.456435
877.273618
584.370812
951.017396
1035.353770
1127.972981
756.355232
843.629456
991.710990
860.096137
1042.290274
961.865334
816.564050
928.077461
1322.694445
779.981353
1102.788542
784.140869
651.025326
1256.520600
782.814387
1003.101978
1054.555517
938.708889
1201.926147
1034.347988
1146.353841
894.445104
849.294860
1143.150313
1335.417653
915.128862
978.523023
1175.151932
919.103547
1087.403949
1019.984774
827.066318
944.092905
1018.466565
837.971157
1111.657761
1090.259795
1100.080051
829.080184
1040.338916
935.502646
1166.595919
1045.357688
960.292220
971.083157
1076.361141
623.968918
1139.797468
892.663770
1200.909488
797.248364
1006.271764
916.155172
1231.638639
1268.855801
977.748940
966.842011
814.437949
958.419302
1192.226472
1175.302342
1036.298670
693.138704
824.195292
1105.726199
901.588219
1207.990654
566.076923
914.981933
1144.375394
940.752739
1090.449847
959.530285
639.294937
1120.129602
1273.660430
684.973099
837.986617
1282.076651
867.830409
1131.800282
952.863391
936.477504
1202.750514
950.874253
760.947312
904.017110
1097.607490
1070.093639
972.161352
842.987429
1132.524341
1109.976766
928.096229
1078.499475
1135.866564
789.706288
893.551592
1124.352114
796.984081
1016.722062
1099.647477
1186.683435
1108.526064
823.762499
963.344737
1015.811041
942.211600
1045.407797
1233.926499
924.731126
1110.055449
1070.461458
979.117518
846.994336
1005.180032
902.360407
805.912554
1048.088410
664.410117
1084.695641
804.338561
1134.694937
1138.807735
1043.545549
843.633759
1183.018477
1017.431920
1070.330465
1068.754844
937.500691
1129.033265
820.996348
1072.769536
857.424981
1139.906243
760.007210
908.544332
789.580493
766.226944
980.919922
1026.708591
1175.897988
987.456175
1223.091732
864.640320
940.498249
940.224927
1016.985281
1072.254757
972.080536
964.673785
994.080311
826.489125
940.477355
936.108859
911.794377
696.551884
995.391831
1278.357855
977.760269
1145.946310
901.293545
1108.408175
1021.941054
1320.736706
783.864714
902.250275
807.998926
1187.980572
1283.421135
832.627387
1096.397365
812.511447
936.738516
1129.135385
990.656220
1123.003069
1020.414744
864.333022
1129.510541
931.869316
807.250502
948.733170
967.444983
828.014248
1153.937547
1148.630112
969.496191
869.206682
1025.426819
1248.773352
909.228717
720.600641
986.958046
1292.294444
1054.358716
1071.547171
1129.693407
944.067439
905.494523
959.248052
984.959606
1045.239538
1030.324965
1048.974082
992.715022
755.863200
1078.212017
956.227342
809.339434
1071.231792
1097.978204
1076.435096
1000.912513
1041.790595
632.940767
925.133686
1116.074513
827.215823
978.974285
801.686971
1353.198853
1191.320556
1104.706832
897.110810
701.019470
1002.042820
812.639864
1015.078549
1252.584235
1058.991492
961.703003
1122.253274
964.349081
1120.015603
868.258176
1109.604734
1364.250774
956.153269
847.480988
846.258060
1306.007421
1034.580435
1010.573909
999.035696
923.144868
960.289076
1018.997640
932.682719
930.183864
1117.967064
989.322221
1051.153678
719.167751
1138.416076
1062.204065
992.494406
1262.807021
1095.387183
1225.062714
961.018548
1098.278860
890.425570
970.631514
951.140218
1010.256734
763.610339
1333.468103
988.080353
1176.883845
744.314028
881.201122
1010.752374
888.885761
795.059824
1006.592536
838.092902
924.026969
827.497716
735.251570
1137.393043
1120.836796
978.816869
1072.643670
718.396035
1246.109485
934.339325
943.192691
1370.167470
857.844077
831.275118
1091.378998
984.892490
973.732312
1112.367393
778.052008
972.155576
836.108648
958.116535
900.032776
1136.202780
819.072297
999.593592
946.340714
1222.543479
1036.786136
976.621400
1161.726185
1128.278892
634.064776
1248.007356
1040.937296
939.305011
864.086249
808.560407
1069.405587
1176.330584
1075.656154
901.871581
1067.925340
1189.083622
867.645446
896.631488
1039.821722
1213.830713
1004.024246
1042.527302
958.955106
895.743627
843.555444
1056.615844
928.286256
1178.040196
940.757859
1187.800667
834.883806
999.205556
785.109559
960.477147
912.763950
1053.590814
1253.546043
1165.735484
1011.366633
1060.584509
1381.951431
1255.021852
1017.237806
967.934688
903.604033
990.366833
1009.468195
895.421146
900.710277
845.115122
1019.538133
802.687679
1264.854967
1019.256526
924.680434
1057.213898
1157.188343
924.396826
985.818199
926.326711
887.119107
1147.887382
1023.270002
773.640158
901.030604
1004.767131
870.475277
818.791176
831.030239
1092.249609
955.082669
1063.429866
1099.615544
1067.577801
1165.274256
1157.300867
854.758501
1052.567704
759.246574
506.349687
906.122560
907.985035
1279.989074
903.233978
980.790921
773.848639
1013.821472
1047.473334
1243.999730
896.894932
1247.301240
1067.070362
862.099070
693.094819
967.692059
681.981656
1044.510023
1220.898486
1096.667536
859.501071
1144.036031
782.938017
871.323646
1080.156570
794.107043
1089.413032
972.801320
735.745129
1272.848726
1213.262431
1049.105532
1243.448880
860.814218
809.631537
1110.872570
1227.370101
1207.085946
968.787914
1098.010818
1297.334170
1345.665592
1075.391028
1032.129023
810.185035
1012.744574
667.816884
844.710001
584.094306
1162.163864
883.213660
1327.534573
933.584760
836.548909
1077.871800
828.926843
1060.089595
1082.219190
932.454234
984.030744
986.909282
913.530172
1225.325059
630.632756
865.157690
785.283527
1087.971162
1167.384681
1003.414884
1230.759064
979.550940
794.773797
812.828276
877.869721
936.537074
680.561235
1033.103650
942.207904
1337.586954
988.900881
829.332081
1130.484430
977.094623
919.133918
935.767274
961.255225
936.755598
1357.732452
942.313839
970.584665
1072.091812
1014.125865
1219.741078
1247.692785
1212.893995
815.847028
1034.046849
685.537147
973.970254
1090.742388
787.860844
942.895249
1042.039753
968.063465
1045.775067
897.945500
985.154260
1077.704223
998.245973
687.693346
820.096515
919.860126
1020.630947
1100.520221
787.183705
995.653681