1677.005743
1550.765327
838.992853
848.006849
1135.886164
929.130717
1392.451622
597.667173
891.105417
1407.597718
659.355206
656.140848
742.679613
1104.027533
1474.453286
930.162485
1027.441893
1341.296157
1622.430035
1018.532798
1445.656913
211.175369
665.990504
1464.479408
1163.717905
1484.439627
1479.264275
969.698204
1285.569591
884.212041
1154.854978
1088.230638
1015.921154
1345.988811
1119.053807
29.107688
1710.581322
516.253191
1282.437312
969.956286
904.598816
1307.407750
1394.264174
1391.688857
969.131548
1204.508840
1041.822288
857.979112
581.606999
639.830493
873.913133
1060.698962
1046.564936
968.026311
1290.367436
1154.190765
1209.695693
1295.227568
783.995536
1024.943593
633.411043
891.027859
1159.397240
1574.313790
366.003495
1270.544952
570.341193
956.198147
972.840062
349.688407
1230.178337
1341.177846
1149.595551
816.180272
858.783634
571.091374
906.182611
781.704875
863.328938
611.099732
852.519126
796.171843
1167.805030
1732.524647
878.387442
1489.050870
615.310833
1213.270337
1105.775690
1037.642597
872.997725
940.662674
575.001047
987.370428
1062.410003
713.890314
999.827466
1067.665011
712.665204
666.163392
613.120509
803.966677
1037.812876
923.003601
1709.672214
866.951410
829.797269
969.833642
1189.302463
1104.735291
907.201545
1179.901130
1047.627636
849.238851
1257.545572
1365.648165
977.088514
1461.565207
798.449809
916.530699
225.433901
942.337611
784.550326
1034.615604
823.104470
367.121277
509.678168
476.860884
114.224709
1630.834337
734.800098
1028.532361
425.682678
842.966803
770.057100
1099.304003
1241.075875
452.470858
812.930196
1600.122994
945.512021
585.453473
904.952790
569.073826
1103.905206
1177.472769
1600.642990
1249.540014
1056.987617
918.917983
1415.082937
252.713965
1515.254534
1374.585840
890.091957
1772.143106
1626.575459
1708.935824
1572.700063
772.452694
1146.233533
1203.709445
516.087336
1351.393315
899.763704
1317.469376
1282.603653
709.858557
1471.498345
1422.333122
641.926489
649.229829
876.766776
912.289162
348.819961
1311.848827
683.741817
1322.875001
1277.668389
978.619185
893.299809
1152.810736
684.927939
1233.608645
1542.486505
1251.054678
724.756211
946.974876
784.922794
1056.449032
1238.779984
1257.543275
796.214793
685.939281
614.986668
678.524759
1027.174937
1480.186986
692.609397
1295.867239
504.962803
1617.427705
950.815865
763.328514
204.352268
1091.709322
1232.349067
783.730543
674.508108
1485.204061
1208.386324
948.833144
906.770885
1514.428360
907.458788
1026.411240
1540.080064
1209.600233
1025.122639
1035.797835
859.697897
1358.721041
831.857577
910.892006
1032.665559
804.152148
1405.582011
1307.911798
1346.118823
727.432371
1286.271560
1272.548766
495.686981
1205.811805
1004.421393
1129.926456
1137.900992
1125.207694
1517.970225
505.333542
644.809514
971.666003
1049.388716
294.929912
1133.361683
1474.009438
550.425943
986.946471
1658.388938
583.131854
1354.047330
924.442015
1101.743139
1284.389550
1247.918699
991.726067
1148.938490
1058.817278
913.207833
1782.842638
619.425185
707.757023
1332.453283
803.743246
1618.729806
1028.279533
1043.548764
1044.182907
854.478557
1360.318967
1384.647191
1431.563377
886.727406
1356.303452
1164.664486
916.025421
391.940789
1057.373746
753.587230
1210.960223
1132.537922
676.068036
1275.922032
1288.101338
1182.041161
1179.666947
741.554425
629.604403
880.099455
927.778441
1217.812202
429.947903
847.901706
1466.829142
526.190204
1664.971111
654.035636
895.013591
984.288798
1120.274589
1316.400816
909.207701
706.168219
1301.225170
1711.016722
916.358502
1464.771777
1080.467673
900.051248
842.207892
839.928946
1395.317974
1417.702321
820.073120
798.939585
721.338210
1231.478716
1095.956481
814.892641
678.328780
1489.897223
1145.967434
1223.496341
737.436656
1233.274306
1243.377670
746.995154
904.780411
1391.823524
1458.071957
710.638876
930.269661
1596.374720
1224.327074
1299.187193
1039.758874
779.276364
805.456413
1508.602407
351.467708
689.336103
841.235973
777.144872
1670.269113
123.329407
1130.126739
1134.473103
1261.687231
1398.000750
1166.100456
539.406587
1025.584676
999.582880
690.098876
1106.377324
431.313979
589.073402
1190.220297
825.885293
946.806383
843.072012
851.486793
1144.926996
1229.427317
1214.011858
994.255471
1573.035522
804.501211
587.942564
698.622597
1111.695091
698.894054
670.742155
1257.399267
1144.353440
1186.802426
1310.404315
661.204191
1474.145772
1121.254783
863.686588
1596.800643
1429.895854
1111.327086
1158.081290
1279.548744
235.935679
1173.501710
-101.499508
814.130257
1518.647237
1391.531877
461.071596
1009.432114
1117.607289
881.822893
891.079714
1034.129028
563.551015
713.877817
959.706798
1431.858500
1196.037243
1592.856200
1319.327996
626.494259
686.482693
1290.658028
904.717873
922.570423
1473.509476
985.130473
486.083853
1222.743835
1488.587539
738.640173
1258.298097
1363.659308
648.545313
1168.971398
938.836220
673.404884
1066.216348
1413.590564
1195.413860
1170.444106
853.083651
572.197982
1012.756398
890.454193
1069.855844
1145.492793
1131.090064
682.735261
1269.227926
602.883628
1021.885056
1561.293616
1069.189756
1098.480709
397.526982
1155.984279
779.214846
925.595032
1477.347200
1346.810586
1517.602695
492.780507
1356.115978
1253.970112
1236.546894
1582.914242
960.646540
-0.772824
801.593375
750.972044
652.921943
374.133679
1442.210602
999.558620
1144.855592
354.835819
657.109326
1324.667099
989.864642
1356.307452
1052.538764
734.444745
698.934089
1117.822284
1081.022782
1476.035926
837.890113
1431.964069
1101.672437
1489.504542
1313.629848
586.340949
576.887364
1033.734400
592.075734
237.164377
1143.690194
1197.586464
679.886133
1531.589559
1053.875578
811.573149
820.804117
1016.301267
607.289161
1020.874457
600.668167
982.922768
646.472264
989.213407
482.469726
922.405814
1430.315698
1217.658397
1319.115957
1065.950244
1023.164093
934.534209
863.484646
960.068298
753.363026
1030.436707
1051.705178
1211.528785
1355.103141
1139.717485
1276.891196
1081.286324
1434.205157
1231.785211
613.668401
864.525035
761.796676
326.488908
530.000749
908.647795
669.132689
1196.090014
975.971102
938.220647
1107.330980
924.181171
1309.871623
662.054965
953.064264
744.199681
1291.376355
995.527110
978.778602
853.501868
699.600461
1044.403344
355.713936
1407.355493
1082.170638
774.801482
1124.898869
1242.171940
1491.313675
1481.452239
1108.260707
972.322602
958.685071
1041.217434
1337.473471
45.621765
1163.020299
691.974067
736.068355
1153.698970
761.143136
1203.751845
964.018341
1243.186655
926.021236
1414.612388
1356.766046
628.940224
905.146199
678.632893
1261.453128
1012.514430
1642.287839
849.882371
1201.103382
524.360733
757.678723
1001.893977
1849.666489
1139.167952
361.446577
821.128096
1109.876740
888.806402
1085.263365
554.689177
591.086480
321.943452
539.305886
470.601807
889.427478
1145.022115
856.569628
1063.445444
587.162758
436.154006
1057.196026
592.822390
1505.033585
396.278175
1062.143213
1047.001431
489.788082
856.811358
705.476985
1187.083749
1206.620328
1388.260567
631.671870
1059.515675
1089.874087
533.250003
389.454069
848.708817
864.738078
1024.209597
1022.182857
1277.121859
676.624221
906.524053
926.404133
652.306309
1350.646500
955.249917
1518.754932
744.057986
1407.765920
1036.464836
1049.316948
951.487139
667.788009
561.566337
631.898403
946.701045
745.764385
802.896961
797.049565
1041.384478
1687.035862
1213.422614
1447.450824
1060.847490
1240.349865
1148.050973
1049.350627
1393.056220
1445.613810
877.063236
838.257153
1436.240147
1274.358398
705.478573
620.487942
903.314018
881.040959
271.200897
785.104578
1391.563564
838.583161
1676.288647
1246.521010
1115.406935
1002.071065
1004.529449
842.561387
535.371765
992.270404
573.480956
444.937586
887.314039
1218.227657
674.258593
1291.829652
1301.174535
977.621182
850.682528
940.084229
1417.093918
779.872062
1072.394864
807.465674
1227.817488
956.085163
654.051892
479.288732
476.669128
1193.610993
557.654527
672.229336
658.533088
1055.568852
435.642818
1075.617184
640.982981
868.357855
1319.239113
639.715585
978.716809
241.673760
746.959335
662.321117
1072.708202
1225.881109
880.177761
1085.373667
747.448776
857.078219
358.547585
1566.558597
738.242006
656.508649
160.453827
872.106674
342.887567
956.014338
1189.905946
840.338558
1295.969485
1418.306914
463.003282
895.308779
781.095699
995.850510
1093.066321
788.610195
1348.535242
1352.629474
1117.602546
1672.304559
1602.018137
217.156224
1153.381090
1087.173348
1226.847311
687.624555
1176.222581
776.204481
689.664439
681.886512
1306.089107
834.247669
978.543856
1023.270440
1130.377804
555.617888
524.295847
931.332042
1158.875170
1064.532489
1024.123369
1023.755102
1537.896493
1029.741708
741.097437
-258.174632
1280.971312
1018.128320
1059.081134
837.160483
1106.083157
833.026440
566.298098
1090.367984
1055.263470
802.551754
1117.485043
576.978290
848.545012
1159.383994
1047.118873
1335.847690
873.091717
627.852702
975.556676
251.248712
1067.646025
1078.668236
741.755355
1068.356849
1782.909102
487.887832
841.252803
865.468140
715.047180
892.452937
1026.007344
1189.991656
1456.583992
932.551900
995.081251
1358.364044
887.540597
1253.395658
628.107755
800.185666
289.528623
1332.376250
1315.722822
945.764799
1188.327471
435.851256
1136.057397
1364.663225
1038.727824
1289.810919
938.133582
921.232513
1046.665678
682.217339
1468.837706
868.916899
577.215526
978.906197
1364.031795
810.453653
1162.639928
948.607678
926.423487
618.606518
1536.570439
480.886448
1154.634624
676.283022
811.951559
971.548724
1302.681495
1510.967435
1229.961028
527.192599
1221.392194
900.140290
1172.423516
928.992490
1064.973844
1239.817222
1685.644903
924.588374
1329.006892
1439.962553
1020.479151
486.888529
1000.235581
887.054209
1395.197863
1352.449042
752.467109
941.550378
782.549137
593.725787
690.518413
901.393419
968.671707
835.952518
1540.094607
897.502628
1348.074694
1288.360824
1100.710074
1247.428654
781.782339
703.370063
905.711493
1038.185430
1386.064681
1642.319442
597.970143
626.513651
603.664419
758.377553
466.298521
958.207010
1036.572655
542.650093
1600.929749
802.577683
1298.735702
740.671878
1665.278506
671.020990
859.279899
1388.645626
1370.358108
787.195430
1435.971405
1112.073197
813.127035
230.406173
985.993763
196.271494
1028.976897
1172.284343
744.345393
508.163815
577.888349
1087.177261
1343.185919
1539.543862
1470.291506
1123.820087
1136.626320
596.334466
831.422607
1301.894218
340.756585
1546.816471
673.376034
1136.290025
885.281855
427.005130
837.771015
1565.964139
960.663789
600.412452
1569.946276
757.466337
1287.867955
1151.725465
1391.657045
1050.887768
1371.580437
1135.749495
732.154980
1021.562370
601.252354
1104.794923
595.945241
1173.122155
822.491691
1143.671768
738.010742
561.434022
1281.479035
1189.714655
1438.126684
1075.518309
1928.378046
803.487765
1172.023166
746.540259
1426.826836
591.772528
1084.594761
1093.151730
532.614488
760.315571
356.017526
1408.930288
824.748433
1098.422541
1659.639071
621.086518
1308.787182
781.756259
1506.147044
1009.229680
948.542913
557.439873
1050.504803
973.429879
1380.794915
1158.480365
722.812291
459.294248
777.656392
734.694245
656.461185
839.312816
986.325851
681.804713
855.974306
782.682746
756.584340
1128.854887
1368.898501
1476.607706
647.359081
1377.012987
1511.144798
936.045548
1294.929869
855.723940
1216.792544
776.601026
1005.604527
1235.737922
1736.361956
1554.731345
1348.106839
861.562678
590.325019
428.588963
1279.791574
1224.014637
977.387260
1967.440433
1486.333549
1070.588350
668.538666
1062.199780
955.236096
960.390859
321.810138
590.373962
1079.575404