928.087356
1083.350857
1499.616925
756.129700
866.294933
1599.658469
1395.753853
1566.795391
1297.615685
738.401246
792.231325
946.455090
856.146421
688.099304
1002.702726
1185.855769
1180.319165
491.173829
631.174094
1138.987936
1458.114854
1409.907519
832.859334
1066.745349
972.633361
1111.786278
1384.839311
891.445611
1066.747105
911.299004
703.649619
380.082604
1288.167376
905.323112
326.491523
844.624293
1521.372232
1182.856052
1411.289578
891.906191
233.422052
893.171730
1218.356588
947.366751
846.375225
809.873296
1223.706145
466.816182
1467.462104
973.354815
1219.068691
926.906582
1304.475802
771.277032
1433.820152
1850.965283
932.301359
603.004237
1197.550345
840.683835
1548.851460
1165.852389
851.110812
114.928824
828.902606
666.926685
1116.306083
265.411594
841.629846
975.484750
504.946954
776.718073
501.054937
792.742361
756.443168
1112.291520
563.781749
1019.193791
209.378809
1017.623642
905.929349
1477.941766
1594.473124
920.137600
1335.033008
538.950367
531.372704
1618.509639
1474.116888
1166.268206
1175.926150
847.180605
892.129640
1675.994367
642.973101
775.726089
660.281927
926.766265
805.020610
887.668557
1214.047184
1049.614349
239.349010
1644.552803
951.818164
-23.121044
1050.846922
1343.145594
861.933121
698.535091
1604.444408
605.631915
1095.239967
1017.735472
960.037497
1069.071844
247.806987
836.833686
1253.582911
132.192966
255.085789
883.241194
828.396581
1309.952975
901.588446
797.253918
1059.750733
881.395468
955.010008
1465.507479
916.961579
1189.176834
1748.494720
1225.518665
936.919768
342.102296
1184.727617
1112.666827
981.600859
860.707066
928.578034
1028.632300
873.044183
542.048086
1429.519695
1403.271582
846.606994
457.000815
418.388591
736.174988
1180.697860
1186.916740
1307.020140
844.759421
1183.368092
1339.683071
1114.139795
427.763672
865.485422
1281.780684
1260.802348
1162.561811
1325.623275
943.020801
1559.021807
1263.184859
1292.960932
819.961615
908.733498
765.871469
1193.878027
18.359765
1304.994392
1481.212178
944.433749
1458.690504
1089.765845
576.712616
27.887613
1856.349815
1329.627318
1041.819105
1416.939336
1183.226853
465.907149
672.420124
1361.258495
891.922846
429.604993
716.219672
874.448175
1017.001373
741.481851
1458.027010
671.089464
1211.056393
1069.536912
630.992516
391.929785
746.833510
918.155294
1071.582265
933.370577
874.412716
707.775995
569.675220
1475.636797
815.449607
735.096302
1359.386637
538.168155
1113.862909
1093.736513
1080.931615
1522.028181
1203.684699
1124.396299
737.740462
1361.198086
80.928222
314.171660
845.989724
1071.215911
720.882538
1094.515833
1293.203802
663.554395
1226.760185
532.900144
1493.494911
487.880831
773.439951
898.334086
1698.648995
1131.226292
1686.323146
792.380406
1152.587648
941.817716
1660.422320
1276.199072
1606.008554
1155.776316
40.927645
1316.487390
1558.342411
1001.601458
1102.855102
1587.397372
417.842874
600.486079
682.162567
893.839112
670.092302
308.873660
866.292789
1816.137570
1089.263527
1379.695441
1369.750742
785.433935
1371.362893
519.672283
819.793120
1223.154870
1136.392526
1594.755415
1382.586617
1375.546742
1388.289451
1601.518149
1469.531527
1373.041415
1657.345013
728.732970
1206.745665
1061.752026
1320.094105
1163.139853
1165.149801
794.057513
1139.076928
676.372280
1310.337296
933.300297
578.039393
1456.392194
746.823015
666.456720
1500.812886
1237.448292
1603.721906
866.349796
908.861021
1170.539468
832.715435
1029.542792
1131.516724
555.555601
679.623114
995.446811
731.178389
1103.999490
1656.373145
1065.405382
1662.846539
690.639702
388.421675
1186.574778
1124.808925
1215.175769
884.693918
620.741641
996.993866
1128.095573
827.489049
1206.805925
45.469155
1545.838922
1105.850364
606.332413
982.755474
882.674778
722.874362
1290.307005
271.199213
1402.793243
1012.029999
1610.392064
1080.390448
833.545914
361.772893
848.700865
1168.001045
-85.189271
507.046275
1168.448227
1044.608145
1482.725869
188.833287
794.883205
679.730408
669.071057
419.524581
1064.118131
521.733209
1322.725627
1390.761553
1145.916033
1563.957386
1402.085130
627.644746
1304.704514
964.864703
446.754930
1196.478944
948.643730
1094.467894
647.335254
888.723867
980.692983
983.016649
1145.620402
885.927732
1160.434784
1073.304310
1379.569262
1117.235915
1293.061165
663.029273
1150.943122
1015.917048
681.258343
1287.129882
716.467745
1187.683836
661.886774
920.937846
449.922205
1169.031560
432.589392
1389.694472
626.916014
705.769474
1630.325717
507.105473
771.707033
1116.263676
972.257298
1251.632806
1417.407189
1299.290734
796.031029
-10.689878
1663.154461
1317.049922
1261.912884
1181.327788
997.649173
702.169950
1104.141205
1270.143751
1283.507617
1427.359246
401.733775
1540.037934
882.540908
618.319021
975.014774
1183.134806
577.136445
1235.594643
1247.235085
922.233813
923.887945
909.978189
1180.027367
1506.970463
1019.693946
793.222231
1259.451254
1163.729544
1709.418932
1073.843867
843.517321
1542.957324
1882.751358
1369.549600
1238.704665
1177.026805
660.706419
-7.384281
1316.225430
197.052648
964.849720
550.271057
942.746273
1114.417995
1237.934919
1000.553528
1107.833881
470.316196
239.659315
1597.354407
1017.928222
1279.337508
746.267114
903.829554
1764.081741
1037.315922
606.927191
645.454950
912.171852
1163.974290
699.108590
984.925067
947.822225
926.049569
140.830418
437.939482
1699.651582
1265.842695
1591.231868
1162.206820
629.873465
1158.974821
1624.516973
1911.705913
1186.873738
1285.756370
901.894466
648.145450
792.267488
1334.189497
742.655667
1107.764315
840.896066
891.268938
934.216176
296.780570
992.474191
1167.526088
1170.356677
682.761063
905.058077
798.027425
510.588949
682.893498
1049.434323
1730.580395
947.566386
1065.127119
1702.885459
1037.671753
1032.398269
1448.641334
1390.513395
704.265857
636.278326
809.776994
1108.104873
869.656660
1594.909425
799.223541
792.266666
902.361791
1338.054740
1197.794023
948.119519
1319.525452
859.986012
491.354538
928.153146
409.749848
1122.177551
929.605552
1179.298932
1034.896722
956.866616
1045.569739
690.570953
679.108823
961.568396
752.668169
1377.897193
689.802785
853.721943
1151.435091
812.647072
1658.110547
1084.934835
438.726322
410.281493
1784.229313
1268.990732
1322.381379
156.278633
911.003210
778.132697
492.496019
1389.668225
1816.431785
785.659044
1340.853516
1043.030675
1282.152685
1480.133554
453.790984
1487.801192
1221.750632
885.527016
894.664283
1474.683115
1525.646280
1414.870454
461.073025
664.613318
256.894438
1158.566171
756.543554
1429.618563
1074.637512
1198.194661
1172.655829
1365.154420
1048.207034
1077.551062
1522.020610
1291.772950
257.880112
892.193913
1177.219004
685.368726
669.769676
720.851407
1419.462156
603.299444
874.145675
1309.410057
870.752920
396.159770
595.750376
1120.962356
939.165928
878.390693
425.510131
1673.538691
382.484923
1054.479852
718.244435
1721.250239
514.162553
1374.955821
890.188918
448.834591
993.201840
666.902999
378.384328
1279.457030
1474.097302
780.584262
1375.973685
803.320179
1577.532079
554.887082
1088.390302
263.278328
578.038124
983.045940
1122.601612
849.862378
700.031858
399.629567
1347.321901
1315.222249
1591.877150
947.043677
981.266666
522.615811
1448.081087
1712.951120
1723.020337
741.928743
1454.913036
1863.767610
1009.221258
1681.273401
995.904439
1438.972689
869.806361
769.353724
493.780430
1030.098372
1029.475953
893.408361
1066.673992
1033.461189
1489.401118
1238.337782
810.453521
509.113520
614.189056
1330.351338
1125.564307
435.086555
1800.212228
1407.278592
845.393348
1854.254429
1350.408156
597.340389
1242.007452
892.928453
1518.702840
803.815815
1410.687339
1234.557469
1380.226343
762.775295
461.057245
1068.205264
692.948826
1280.159171
498.026442
334.428668
988.017341
1368.151848
967.120037
909.411765
1527.039013
753.693571
1264.694111
1619.624255
569.955428
1271.302941
474.375714
630.357780
1426.074318
1587.563627
1390.274406
953.273633
457.213447
840.784900
601.652891
1089.688991
854.049511
755.295291
740.901798
353.685897
1283.716090
879.813666
1444.240102
865.820752
1122.520211
1208.955985
899.004934
953.097339
685.705512
651.038199
1155.860634
1255.802667
1450.499439
1352.583185
1307.686024
1005.900664
1562.924544
1463.929025
1139.871992
1233.669351
231.519467
1460.461159
609.761443
862.573269
1271.664502
521.859027
738.133668
1450.592133
1146.659541
1106.211254
912.999217
1230.657449
806.389716
784.591906
950.130560
785.844572
766.865710
1069.898844
886.876487
955.914949
740.356553
1130.552232
1520.167550
-197.094212
1718.725219
833.381886
1129.524735
1167.025998
1010.887987
1062.708826
799.824369
1195.571476
1477.060046
223.829879
781.314589
767.476445
1309.692769
603.469412
1214.074181
1385.782030
1325.182087
1041.335033
1213.345177
1148.458194
1372.400331
904.205585
954.449050
675.930074
1146.060391
-311.354250
1494.707785
472.254925
1205.532040
30.519479
832.457669
940.448278
983.454068
1278.553022
-207.174641
1073.967932
1091.298442
1090.959701
453.235339
1565.149805
654.052133
1144.172517
1555.291789
1508.993287
1162.586390
273.044161
1063.468202
1199.262339
1044.860712
381.205316
1295.792268
1007.006567
2249.899164
982.330126
1150.014571
1047.748518
1011.866247
944.918257
802.252289
224.269026
340.209732
1337.407863
1455.006039
351.839738
714.835752
897.288906
542.582605
2131.719919
1537.877669
403.638156
525.570907
342.825125
930.093897
901.339413
885.305414
1008.957304
1545.421338
1442.245203
1231.030083
1030.882449
944.425465
885.763963
1046.920815
1064.145580
1250.696145
402.651666
1247.700219
527.526403
454.736117
1345.342701
1347.283783
993.138550
767.422585
2199.298619
660.674584
1196.534464
1445.625298
499.836209
931.346434
853.162373
765.275801
720.614468
952.804898
917.768323
1126.000011
1664.512976
1612.790911
782.499538
1450.227243
1265.716429
832.006933
1254.887123
295.673551
1237.853100
1389.804561
625.336267
583.708479
1493.304306
928.308229
774.758672
608.555418
1404.751188
930.593943
1168.134699
1232.240027
1187.732848
675.682685
1376.371272
1042.047724
1105.712785
402.323076
1266.668198
1168.061216
232.980936
1142.367185
1282.123370
1203.017684
665.036422
1095.511518
924.272248
1080.734676
908.504263
652.797415
1299.164929
1302.246404
1564.736087
1617.578652
1029.355076
744.765232
1307.608952
537.536949
386.534243
1013.431724
1321.048325
1086.177251
1445.901346
1100.479255
1209.380127
510.163256
1229.309644
1209.331663
698.917068
1197.655434
980.736904
527.600047
1327.296577
1513.942241
1602.276347
1303.383700
1475.298815
658.911091
1531.968869
1447.071829
1017.090122
463.148558
855.210381
1101.115297
1142.848071
850.715300
1803.678069
637.922491
1059.378205
1077.012351
648.326006
1407.606330
1379.794395
845.684177
759.873174
1294.379305
949.071374
865.094739
556.161745
919.045285
1285.991438
756.587347
1012.575307
1239.528315
472.333548
1493.314107
333.505415
47.697693
762.428690
998.611856
1880.441319
750.123595
1181.536730
804.854702
792.559629
288.751523
1565.709786
1054.427252
994.667824
625.036840
1581.104102
1242.441346
879.467140
1714.245700
1088.317128
811.611399
758.913910
1646.269666
1530.492171
907.286044
562.161021
614.657784
85.031791
779.167807
1170.852305
956.926271
1035.256674
893.607672
1112.053584
635.001459
451.766188
219.877406
945.074984
926.659808
1362.795054
741.348137
795.342216
1440.192566
751.089743
1024.410890
727.865517
844.757613
472.813246
233.193585
470.403760
484.781479
402.228260
1030.386760
1201.854695
887.164932
676.859146
1494.775295
1327.161691
741.600258
1351.945693
1300.543541
1110.589531
1041.440248
1158.710249
634.725958
538.994684
1401.866440
1001.214235
1174.666404